   3.1029744e-05
   1.0042676e-04
   1.7298178e-04
   2.0181953e-04
   2.3350013e-04
   2.7856647e-04
   3.0867347e-04
   3.4113266e-04
   3.8091381e-04
   4.4488197e-04
   5.1516500e-04
   5.3374370e-04
   5.8310601e-04
   6.2350806e-04
   6.6951586e-04
   7.2001509e-04
   7.8121478e-04
   8.3188833e-04
   8.7684727e-04
   9.3345674e-04
   9.8935077e-04
   1.0334307e-03
   1.0817949e-03
   1.1093147e-03
   1.1240598e-03
   1.1603766e-03
   1.1983367e-03
   1.2461725e-03
   1.2911262e-03
   1.3371611e-03
   1.4025820e-03
   1.4555377e-03
   1.4766301e-03
   1.5216810e-03
   1.5705812e-03
   1.5971681e-03
   1.6267882e-03
   1.6719389e-03
   1.7204803e-03
   1.7589200e-03
   1.7701501e-03
   1.8191681e-03
   1.8666082e-03
   1.9157758e-03
   1.9705410e-03
   2.0382939e-03
   2.0701858e-03
   2.1153054e-03
   2.1554004e-03
   2.1954896e-03
   2.2629755e-03
   2.3262803e-03
   2.3868496e-03
   2.4291654e-03
   2.4735196e-03
   2.5232638e-03
   2.5626757e-03
   2.5786454e-03
   2.6162604e-03
   2.6708283e-03
   2.7120957e-03
   2.7548280e-03
   2.7888896e-03
   2.8122091e-03
   2.8654177e-03
   2.9015689e-03
   2.9423936e-03
   2.9870028e-03
   3.0177014e-03
   3.0598267e-03
   3.1006510e-03
   3.1510842e-03
   3.1867204e-03
   3.2525012e-03
   3.3033188e-03
   3.3284305e-03
   3.3603045e-03
   3.4084100e-03
   3.4324586e-03
   3.4637652e-03
   3.5002703e-03
   3.5432860e-03
   3.6069102e-03
   3.6528128e-03
   3.6863328e-03
   3.7217278e-03
   3.7538831e-03
   3.7965985e-03
   3.8300164e-03
   3.8818560e-03
   3.9326207e-03
   3.9961419e-03
   4.0441207e-03
   4.0903425e-03
   4.1400550e-03
   4.1720188e-03
   4.1980717e-03
   4.2412314e-03
   4.2817788e-03
   4.3415583e-03
   4.3992292e-03
   4.4582961e-03
   4.5035300e-03
   4.5373989e-03
   4.5675918e-03
   4.6167618e-03
   4.6491356e-03
   4.7172976e-03
   4.7783971e-03
   4.8239915e-03
   4.8632894e-03
   4.8986899e-03
   4.9367406e-03
   4.9923330e-03
   5.0430776e-03
   5.0737530e-03
   5.1255878e-03
   5.1955904e-03
   5.2381023e-03
   5.2842911e-03
   5.3301034e-03
   5.3858971e-03
   5.4367017e-03
   5.4697531e-03
   5.5186920e-03
   5.5829076e-03
   5.6187081e-03
   5.6570875e-03
   5.6881486e-03
   5.7236612e-03
   5.7503964e-03
   5.7946809e-03
   5.8206194e-03
   5.8638734e-03
   5.8858347e-03
   5.9414769e-03
   5.9819615e-03
   6.0233228e-03
   6.0718935e-03
   6.1326774e-03
   6.1551933e-03
   6.1986599e-03
   6.2413480e-03
   6.2911797e-03
   6.3342224e-03
   6.3836642e-03
   6.4080543e-03
   6.4372855e-03
   6.4606592e-03
   6.4866227e-03
   6.5346421e-03
   6.5867657e-03
   6.6297722e-03
   6.6832479e-03
   6.7281132e-03
   6.7466654e-03
   6.7989233e-03
   6.8439402e-03
   6.8717346e-03
   6.9170168e-03
   6.9562750e-03
   6.9843664e-03
   7.0272440e-03
   7.0680712e-03
   7.0991512e-03
   7.1532388e-03
   7.1791505e-03
   7.2129064e-03
   7.2568959e-03
   7.2978423e-03
   7.3478349e-03
   7.3798052e-03
   7.4327436e-03
   7.4589701e-03
   7.4840886e-03
   7.5134065e-03
   7.5675126e-03
   7.6173026e-03
   7.6467971e-03
   7.6774150e-03
   7.7195908e-03
   7.7750801e-03
   7.8076740e-03
   7.8545397e-03
   7.8918035e-03
   7.9294029e-03
   7.9683185e-03
   7.9903966e-03
   8.0462791e-03
   8.0974971e-03
   8.1092707e-03
   8.1691791e-03
   8.2204002e-03
   8.2687074e-03
   8.3119354e-03
   8.3513165e-03
   8.3929975e-03
   8.4524078e-03
   8.5100518e-03
   8.5445062e-03
   8.6003458e-03
   8.6466817e-03
   8.6822494e-03
   8.7063283e-03
   8.7568902e-03
   8.8263301e-03
   8.8868773e-03
   8.9383364e-03
   8.9983777e-03
   9.0601098e-03
   9.0961431e-03
   9.1352544e-03
   9.1698022e-03
   9.2196727e-03
   9.2740927e-03
   9.2965768e-03
   9.3510147e-03
   9.3830821e-03
   9.4377606e-03
   9.4740508e-03
   9.5362836e-03
   9.5799314e-03
   9.6101094e-03
   9.6646216e-03
   9.7113311e-03
   9.7413083e-03
   9.7834173e-03
   9.8249281e-03
   9.8688180e-03
   9.9230022e-03
   9.9804592e-03
   1.0021695e-02
   1.0063197e-02
   1.0112598e-02
   1.0144585e-02
   1.0179736e-02
   1.0200485e-02
   1.0228790e-02
   1.0276813e-02
   1.0325667e-02
   1.0377246e-02
   1.0406992e-02
   1.0459123e-02
   1.0513373e-02
   1.0541863e-02
   1.0596808e-02
   1.0647251e-02
   1.0704976e-02
   1.0752096e-02
   1.0800801e-02
   1.0836165e-02
   1.0885882e-02
   1.0936665e-02
   1.0957019e-02
   1.0999922e-02
   1.1025718e-02
   1.1065666e-02
   1.1127984e-02
   1.1189518e-02
   1.1226870e-02
   1.1283730e-02
   1.1356080e-02
   1.1388694e-02
   1.1436959e-02
   1.1488709e-02
   1.1518159e-02
   1.1534751e-02
   1.1578361e-02
   1.1628132e-02
   1.1657846e-02
   1.1715234e-02
   1.1752734e-02
   1.1792019e-02
   1.1822609e-02
   1.1879286e-02
   1.1944339e-02
   1.1985916e-02
   1.2017313e-02
   1.2074027e-02
   1.2122829e-02
   1.2179751e-02
   1.2214025e-02
   1.2240731e-02
   1.2300244e-02
   1.2360676e-02
   1.2394958e-02
   1.2417003e-02
   1.2469797e-02
   1.2515918e-02
   1.2553565e-02
   1.2602711e-02
   1.2655001e-02
   1.2703862e-02
   1.2743857e-02
   1.2793196e-02
   1.2841109e-02
   1.2893005e-02
   1.2933214e-02
   1.2972200e-02
   1.2991616e-02
   1.3035208e-02
   1.3059985e-02
   1.3104884e-02
   1.3152184e-02
   1.3172439e-02
   1.3214559e-02
   1.3269745e-02
   1.3315715e-02
   1.3365281e-02
   1.3402219e-02
   1.3451908e-02
   1.3494288e-02
   1.3545293e-02
   1.3581693e-02
   1.3610135e-02
   1.3639762e-02
   1.3684122e-02
   1.3723479e-02
   1.3771038e-02
   1.3807741e-02
   1.3860367e-02
   1.3904520e-02
   1.3925958e-02
   1.3975848e-02
   1.4036522e-02
   1.4076245e-02
   1.4105237e-02
   1.4154000e-02
   1.4204007e-02
   1.4230335e-02
   1.4279208e-02
   1.4335458e-02
   1.4397800e-02
   1.4436191e-02
   1.4480093e-02
   1.4504722e-02
   1.4523499e-02
   1.4556148e-02
   1.4582765e-02
   1.4625270e-02
   1.4673625e-02
   1.4710270e-02
   1.4749119e-02
   1.4797613e-02
   1.4823870e-02
   1.4868106e-02
   1.4910563e-02
   1.4938815e-02
   1.4972317e-02
   1.5012541e-02
   1.5068494e-02
   1.5109264e-02
   1.5155580e-02
   1.5185536e-02
   1.5217354e-02
   1.5237651e-02
   1.5288063e-02
   1.5306129e-02
   1.5354559e-02
   1.5401255e-02
   1.5441005e-02
   1.5466552e-02
   1.5506877e-02
   1.5566139e-02
   1.5613450e-02
   1.5653038e-02
   1.5690940e-02
   1.5716891e-02
   1.5743953e-02
   1.5773788e-02
   1.5798010e-02
   1.5845994e-02
   1.5907933e-02
   1.5965623e-02
   1.6027369e-02
   1.6092717e-02
   1.6131983e-02
   1.6177591e-02
   1.6237873e-02
   1.6290993e-02
   1.6332028e-02
   1.6375317e-02
   1.6409058e-02
   1.6433959e-02
   1.6452964e-02
   1.6494523e-02
   1.6556277e-02
   1.6617823e-02
   1.6650650e-02
   1.6698590e-02
   1.6757297e-02
   1.6811802e-02
   1.6852762e-02
   1.6892671e-02
   1.6941730e-02
   1.7006264e-02
   1.7029998e-02
   1.7089971e-02
   1.7129227e-02
   1.7166256e-02
   1.7216013e-02
   1.7259393e-02
   1.7301651e-02
   1.7325500e-02
   1.7375646e-02
   1.7422736e-02
   1.7468471e-02
   1.7507639e-02
   1.7559702e-02
   1.7609913e-02
   1.7644479e-02
   1.7679887e-02
   1.7696280e-02
   1.7737552e-02
   1.7791312e-02
   1.7822857e-02
   1.7873702e-02
   1.7909188e-02
   1.7952432e-02
   1.7988226e-02
   1.8031621e-02
   1.8081194e-02
   1.8131051e-02
   1.8193479e-02
   1.8253103e-02
   1.8284407e-02
   1.8330729e-02
   1.8389057e-02
   1.8422708e-02
   1.8466770e-02
   1.8504126e-02
   1.8539260e-02
   1.8594462e-02
   1.8655161e-02
   1.8670566e-02
   1.8705005e-02
   1.8760561e-02
   1.8816232e-02
   1.8878931e-02
   1.8943299e-02
   1.8997381e-02
   1.9036500e-02
   1.9089087e-02
   1.9139550e-02
   1.9202560e-02
   1.9238119e-02
   1.9269259e-02
   1.9305296e-02
   1.9325799e-02
   1.9384895e-02
   1.9437039e-02
   1.9476818e-02
   1.9523670e-02
   1.9563493e-02
   1.9609781e-02
   1.9666680e-02
   1.9725238e-02
   1.9776384e-02
   1.9807102e-02
   1.9840345e-02
   1.9884415e-02
   1.9936052e-02
   1.9978736e-02
   2.0022346e-02
   2.0066075e-02
   2.0098658e-02
   2.0152759e-02
   2.0199175e-02
   2.0227225e-02
   2.0280662e-02
   2.0324225e-02
   2.0363493e-02
   2.0417401e-02
   2.0483220e-02
   2.0537424e-02
   2.0564561e-02
   2.0615414e-02
   2.0650830e-02
   2.0686484e-02
   2.0739601e-02
   2.0758937e-02
   2.0796343e-02
   2.0836048e-02
   2.0876031e-02
   2.0933313e-02
   2.0971983e-02
   2.1010031e-02
   2.1028906e-02
   2.1067589e-02
   2.1101655e-02
   2.1135988e-02
   2.1196499e-02
   2.1242900e-02
   2.1297244e-02
   2.1358865e-02
   2.1396444e-02
   2.1441579e-02
   2.1457500e-02
   2.1483216e-02
   2.1688455e-02
   2.1771864e-02
   2.1847358e-02
   2.1898443e-02
   2.1971003e-02
   2.2023462e-02
   2.2114893e-02
   2.2219791e-02
   2.2299246e-02
   2.2372590e-02
   2.2521608e-02
   2.2609076e-02
   2.2730823e-02
   2.2795386e-02
   2.2828537e-02
   2.2913512e-02
   2.2995346e-02
   2.3078317e-02
   2.3167796e-02
   2.3266473e-02
   2.3363370e-02
   2.3472637e-02
   2.3547165e-02
   2.3637314e-02
   2.3699097e-02
   2.3754413e-02
   2.3815599e-02
   2.3885253e-02
   2.3978457e-02
   2.4071868e-02
   2.4166926e-02
   2.4263277e-02
   2.4354325e-02
   2.4455577e-02
   2.4548030e-02
   2.4597097e-02
   2.4654737e-02
   2.4726957e-02
   2.4838142e-02
   2.4909814e-02
   2.4957349e-02
   2.5003968e-02
   2.5049681e-02
   2.5143946e-02
   2.5209908e-02
   2.5270758e-02
   2.5342835e-02
   2.5463445e-02
   2.5596999e-02
   2.5730096e-02
   2.5826604e-02
   2.5897093e-02
   2.5994920e-02
   2.6089560e-02
   2.6126671e-02
   2.6226090e-02
   2.6323218e-02
   2.6427094e-02
   2.6514731e-02
   2.6625677e-02
   2.6720707e-02
   2.6784451e-02
   2.6853326e-02
   2.6965620e-02
   2.7022787e-02
   2.7098841e-02
   2.7171227e-02
   2.7269160e-02
   2.7328798e-02
   2.7442826e-02
   2.7494946e-02
   2.7585139e-02
   2.7704828e-02
   2.7804151e-02
   2.7901565e-02
   2.8003874e-02
   2.8078255e-02
   2.8179883e-02
   2.8326195e-02
   2.8451357e-02
   2.8571562e-02
   2.8657179e-02
   2.8763690e-02
   2.8898576e-02
   2.8996882e-02
   2.9080832e-02
   2.9142873e-02
   2.9211797e-02
   2.9240460e-02
   2.9309144e-02
   2.9393593e-02
   2.9472520e-02
   2.9585872e-02
   2.9684769e-02
   2.9772505e-02
   2.9901813e-02
   2.9997422e-02
   3.0145578e-02
   3.0266823e-02
   3.0336534e-02
   3.0463325e-02
   3.0553273e-02
   3.0608438e-02
   3.0688518e-02
   3.0763813e-02
   3.0870461e-02
   3.0934319e-02
   3.0994082e-02
   3.1090415e-02
   3.1150045e-02
   3.1235833e-02
   3.1330093e-02
   3.1404398e-02
   3.1466934e-02
   3.1537661e-02
   3.1649845e-02
   3.1759516e-02
   3.1854051e-02
   3.1923138e-02
   3.2029435e-02
   3.2152363e-02
   3.2260990e-02
   3.2358005e-02
   3.2497536e-02
   3.2556793e-02
   3.2605943e-02
   3.2719114e-02
   3.2785866e-02
   3.2908902e-02
   3.2973543e-02
   3.3114374e-02
   3.3201641e-02
   3.3347615e-02
   3.3446088e-02
   3.3531936e-02
   3.3613766e-02
   3.3683469e-02
   3.3810539e-02
   3.3892922e-02
   3.3982159e-02
   3.4072896e-02
   3.4190438e-02
   3.4273878e-02
   3.4363690e-02
   3.4471165e-02
   3.4552081e-02
   3.4680572e-02
   3.4787653e-02
   3.4860889e-02
   3.4923301e-02
   3.4994043e-02
   3.5107581e-02
   3.5233820e-02
   3.5331314e-02
   3.5419442e-02
   3.5490671e-02
   3.5602917e-02
   3.5680988e-02
   3.5748657e-02
   3.5822237e-02
   3.5969383e-02
   3.6031683e-02
   3.6065596e-02
   3.6136338e-02
   3.6191089e-02
   3.6270059e-02
   3.6374525e-02
   3.6512308e-02
   3.6608988e-02
   3.6721785e-02
   3.6781843e-02
   3.6885950e-02
   3.6969987e-02
   3.7062718e-02
   3.7137675e-02
   3.7191950e-02
   3.7248999e-02
   3.7352602e-02
   3.7466970e-02
   3.7484630e-02
   3.7566960e-02
   3.7663787e-02
   3.7752979e-02
   3.7826350e-02
   3.7884027e-02
   3.7938988e-02
   3.8001966e-02
   3.8096335e-02
   3.8174199e-02
   3.8239315e-02
   3.8287929e-02
   3.8357019e-02
   3.8460004e-02
   3.8548494e-02
   3.8639982e-02
   3.8732867e-02
   3.8799801e-02
   3.8887064e-02
   3.9010664e-02
   3.9121803e-02
   3.9227245e-02
   3.9290965e-02
   3.9344288e-02
   3.9440564e-02
   3.9499578e-02
   3.9624611e-02
   3.9733681e-02
   3.9807613e-02
   3.9882856e-02
   3.9943452e-02
   4.0027680e-02
   4.0075660e-02
   4.0185723e-02
   4.0243140e-02
   4.0321387e-02
   4.0436201e-02
   4.0524860e-02
   4.0581406e-02
   4.0671000e-02
   4.0806242e-02
   4.0922812e-02
   4.0974205e-02
   4.1066335e-02
   4.1160239e-02
   4.1251827e-02
   4.1337083e-02
   4.1444703e-02
   4.1526510e-02
   4.1573674e-02
   4.1637580e-02
   4.1752566e-02
   4.1886759e-02
   4.1956495e-02
   4.2001612e-02
   4.2084941e-02
   4.2184169e-02
   4.2308943e-02
   4.2410148e-02
   4.2465502e-02
   4.2543965e-02
   4.2596921e-02
   4.2690360e-02
   4.2756963e-02
   4.2904507e-02
   4.2960019e-02
   4.3003899e-02
   4.3085599e-02
   4.3169049e-02
   4.3246087e-02
   4.3341454e-02
   4.3455303e-02
   4.3525345e-02
   4.3598626e-02
   4.3687997e-02
   4.3761015e-02
   4.3885613e-02
   4.3963674e-02
   4.4081002e-02
   4.4165788e-02
   4.4317480e-02
   4.4453216e-02
   4.4553431e-02
   4.4593290e-02
   4.4681825e-02
   4.4808204e-02
   4.4873717e-02
   4.4959446e-02
   4.5067522e-02
   4.5158343e-02
   4.5199231e-02
   4.5300960e-02
   4.5384138e-02
   4.5453646e-02
   4.5540817e-02
   4.5648739e-02
   4.5735640e-02
   4.5832354e-02
   4.5950252e-02
   4.6060070e-02
   4.6188254e-02
   4.6310920e-02
   4.6419756e-02
   4.6491417e-02
   4.6572060e-02
   4.6663969e-02
   4.6762487e-02
   4.6888642e-02
   4.6987973e-02
   4.7057666e-02
   4.7135095e-02
   4.7225591e-02
   4.7305870e-02
   4.7433544e-02
   4.7522143e-02
   4.7556381e-02
   4.7652952e-02
   4.7725015e-02
   4.7816946e-02
   4.7963564e-02
   4.8087505e-02
   4.8149669e-02
   4.8212796e-02
   4.8294545e-02
   4.8366712e-02
   4.8414897e-02
   4.8531686e-02
   4.8616531e-02
   4.8700297e-02
   4.8809250e-02
   4.8872610e-02
   4.8927947e-02
   4.9025749e-02
   4.9131764e-02
   4.9175081e-02
   4.9230341e-02
   4.9316895e-02
   4.9384546e-02
   4.9426707e-02
   4.9469613e-02
   4.9574226e-02
   4.9654130e-02
   4.9749201e-02
   4.9840956e-02
   4.9951318e-02
   5.0016362e-02
   5.0050548e-02
   5.0127598e-02
   5.0178311e-02
   5.0260435e-02
   5.0360004e-02
   5.0435710e-02
   5.0485959e-02
   5.0573697e-02
   5.0638233e-02
   5.0760055e-02
   5.0854239e-02
   5.0944420e-02
   5.1020387e-02
   5.1136743e-02
   5.1210862e-02
   5.1281099e-02
   5.1394683e-02
   5.1522355e-02
   5.1636236e-02
   5.1701103e-02
   5.1832674e-02
   5.1964223e-02
   5.2035275e-02
   5.2109874e-02
   5.2189058e-02
   5.2300409e-02
   5.2409830e-02
   5.2507300e-02
   5.2599553e-02
   5.2658734e-02
   5.2722920e-02
   5.2825508e-02
   5.2928332e-02
   5.3046497e-02
   5.3212597e-02
   5.3299246e-02
   5.3402157e-02
   5.3496357e-02
   5.3581854e-02
   5.3694333e-02
   5.3792218e-02
   5.3842491e-02
   5.3921772e-02
   5.4004798e-02
   5.4126018e-02
   5.4183700e-02
   5.4288194e-02
   5.4380826e-02
   5.4501874e-02
   5.4604135e-02
   5.4675493e-02
   5.4797594e-02
   5.4907148e-02
   5.4977392e-02
   5.5082832e-02
   5.5163725e-02
   5.5221224e-02
   5.5293171e-02
   5.5349786e-02
   5.5479958e-02
   5.5603286e-02
   5.5663778e-02
   5.5738950e-02
   5.5813694e-02
   5.5881574e-02
   5.5968840e-02
   5.6024194e-02
   5.6079643e-02
   5.6197339e-02
   5.6326046e-02
   5.6430995e-02
   5.6561588e-02
   5.6677829e-02
   5.6765537e-02
   5.6808998e-02
   5.6870972e-02
   5.6928245e-02
   5.7028851e-02
   5.7130557e-02
   5.7227192e-02
   5.7313521e-02
   5.7467857e-02
   5.7535182e-02
   5.7628356e-02
   5.7729380e-02
   5.7817818e-02
   5.7911594e-02
   5.8008788e-02
   5.8102320e-02
   5.8216789e-02
   5.8334323e-02
   5.8413481e-02
   5.8530761e-02
   5.8598376e-02
   5.8686049e-02
   5.8744879e-02
   5.8862236e-02
   5.8907082e-02
   5.8991786e-02
   5.9123381e-02
   5.9177860e-02
   5.9292157e-02
   5.9435299e-02
   5.9535531e-02
   5.9678078e-02
   5.9763295e-02
   5.9868996e-02
   5.9948002e-02
   6.0007615e-02
   6.0086838e-02
   6.0166430e-02
   6.0246993e-02
   6.0316215e-02
   6.0416987e-02
   6.0485790e-02
   6.0544864e-02
   6.0627948e-02
   6.0735671e-02
   6.0777875e-02
   6.0855468e-02
   6.0956529e-02
   6.1046934e-02
   6.1160194e-02
   6.1260955e-02
   6.1352722e-02
   6.1504283e-02
   6.1607418e-02
   6.1696011e-02
   6.1793938e-02
   6.1914636e-02
   6.2019072e-02
   6.2109256e-02
   6.2203178e-02
   6.2279461e-02
   6.2379014e-02
   6.2490018e-02
   6.2548364e-02
   6.2604160e-02
   6.2707442e-02
   6.2797162e-02
   6.2915966e-02
   6.3019734e-02
   6.3097215e-02
   6.3201424e-02
   6.3285280e-02
   6.3383665e-02
   6.3433545e-02
   6.3478781e-02
   6.3599574e-02
   6.3654313e-02
   6.3778785e-02
   6.3883784e-02
   6.3974109e-02
   6.4081878e-02
   6.4153879e-02
   6.4275652e-02
   6.4387196e-02
   6.4505885e-02
   6.4586001e-02
   6.4700211e-02
   6.4762510e-02
   6.4830578e-02
   6.4917165e-02
   6.4986558e-02
   6.5040377e-02
   6.5161309e-02
   6.5206879e-02
   6.5331157e-02
   6.5451293e-02
   6.5552209e-02
   6.5629199e-02
   6.5714581e-02
   6.5816536e-02
   6.5917915e-02
   6.6026338e-02
