   1.8035190e-07
   3.2339067e-07
   5.1140445e-07
   6.3691547e-07
   7.7466266e-07
   8.8448378e-07
   1.0320986e-06
   1.1499696e-06
   1.2897948e-06
   1.4847076e-06
   1.5952318e-06
   1.7737746e-06
   1.9348540e-06
   2.1211542e-06
   2.2881859e-06
   2.4338260e-06
   2.5321926e-06
   2.7175422e-06
   2.8310975e-06
   2.9968249e-06
   3.1272805e-06
   3.2368470e-06
   3.3586809e-06
   3.5513929e-06
   3.7052603e-06
   3.8703228e-06
   4.0731900e-06
   4.2265328e-06
   4.3877864e-06
   4.4829809e-06
   4.6365111e-06
   4.7452766e-06
   4.8918339e-06
   5.0158030e-06
   5.1959888e-06
   5.3597483e-06
   5.5076799e-06
   5.6767951e-06
   5.8479253e-06
   5.9652874e-06
   6.0805333e-06
   6.1860687e-06
   6.3704395e-06
   6.5018545e-06
   6.6377902e-06
   6.7827790e-06
   6.9034696e-06
   7.0428278e-06
   7.1967165e-06
   7.3714026e-06
   7.5267331e-06
   7.6504196e-06
   7.8160106e-06
   7.9105648e-06
   8.0306471e-06
   8.1585331e-06
   8.3196067e-06
   8.4853869e-06
   8.6553616e-06
   8.7712156e-06
   8.9374429e-06
   9.0474077e-06
   9.2218901e-06
   9.3762063e-06
   9.5571391e-06
   9.7012748e-06
   9.8658421e-06
   1.0006459e-05
   1.0119808e-05
   1.0253163e-05
   1.0437615e-05
   1.0585196e-05
   1.0755408e-05
   1.0901750e-05
   1.1047432e-05
   1.1187065e-05
   1.1314375e-05
   1.1424980e-05
   1.1586799e-05
   1.1756684e-05
   1.1879134e-05
   1.2037024e-05
   1.2188181e-05
   1.2327983e-05
   1.2457462e-05
   1.2566290e-05
   1.2721656e-05
   1.2846700e-05
   1.2997080e-05
   1.3134289e-05
   1.3261531e-05
   1.3421760e-05
   1.3521425e-05
   1.3688340e-05
   1.3861870e-05
   1.3978961e-05
   1.4108907e-05
   1.4262326e-05
   1.4361199e-05
   1.4514908e-05
   1.4647890e-05
   1.4833683e-05
   1.4963765e-05
   1.5117676e-05
   1.5285061e-05
   1.5456246e-05
   1.5587211e-05
   1.5731483e-05
   1.5882711e-05
   1.6028937e-05
   1.6151589e-05
   1.6288509e-05
   1.6438523e-05
   1.6602300e-05
   1.6720898e-05
   1.6842235e-05
   1.6979538e-05
   1.7196804e-05
   1.7310588e-05
   1.7480844e-05
   1.7594649e-05
   1.7724440e-05
   1.7811598e-05
   1.7969077e-05
   1.8103621e-05
   1.8266053e-05
   1.8373844e-05
   1.8497722e-05
   1.8628533e-05
   1.8800369e-05
   1.8917561e-05
   1.9045063e-05
   1.9177173e-05
   1.9280942e-05
   1.9398292e-05
   1.9542172e-05
   1.9713629e-05
   1.9825814e-05
   1.9993983e-05
   2.0090578e-05
   2.0262601e-05
   2.0411467e-05
   2.0552763e-05
   2.0685044e-05
   2.0833326e-05
   2.0951857e-05
   2.1066564e-05
   2.1163513e-05
   2.1273072e-05
   2.1402277e-05
   2.1550464e-05
   2.1642913e-05
   2.1771536e-05
   2.1945208e-05
   2.2055466e-05
   2.2216571e-05
   2.2361901e-05
   2.2534271e-05
   2.2646057e-05
   2.2775708e-05
   2.2914244e-05
   2.3041259e-05
   2.3170348e-05
   2.3361921e-05
   2.3502713e-05
   2.3625591e-05
   2.3795228e-05
   2.3937475e-05
   2.4071587e-05
   2.4198237e-05
   2.4358349e-05
   2.4474515e-05
   2.4610683e-05
   2.4703904e-05
   2.4813902e-05
   2.4940064e-05
   2.5103079e-05
   2.5229655e-05
   2.5379387e-05
   2.5541079e-05
   2.5668529e-05
   2.5778026e-05
   2.5944065e-05
   2.6105026e-05
   2.6268660e-05
   2.6440440e-05
   2.6579328e-05
   2.6719343e-05
   2.6852062e-05
   2.6958413e-05
   2.7110042e-05
   2.7256392e-05
   2.7417888e-05
   2.7554162e-05
   2.7669900e-05
   2.7815774e-05
   2.7935105e-05
   2.8051287e-05
   2.8196474e-05
   2.8354667e-05
   2.8503477e-05
   2.8639027e-05
   2.8811387e-05
   2.8937788e-05
   2.9057757e-05
   2.9219271e-05
   2.9374283e-05
   2.9537601e-05
   2.9688804e-05
   2.9791917e-05
   2.9942487e-05
   3.0096679e-05
   3.0219860e-05
   3.0360620e-05
   3.0502585e-05
   3.0614594e-05
   3.0711424e-05
   3.0871763e-05
   3.0996320e-05
   3.1115546e-05
   3.1206534e-05
   3.1369469e-05
   3.1474918e-05
   3.1602005e-05
   3.1717325e-05
   3.1870148e-05
   3.2005735e-05
   3.2136469e-05
   3.2279813e-05
   3.2393624e-05
   3.2581596e-05
   3.2688962e-05
   3.2813683e-05
   3.2988663e-05
   3.3121522e-05
   3.3260926e-05
   3.3389352e-05
   3.3501900e-05
   3.3637308e-05
   3.3758607e-05
   3.3880770e-05
   3.3997612e-05
   3.4146735e-05
   3.4269509e-05
   3.4433609e-05
   3.4578708e-05
   3.4763798e-05
   3.4887980e-05
   3.4995323e-05
   3.5151648e-05
   3.5276606e-05
   3.5417507e-05
   3.5522908e-05
   3.5666318e-05
   3.5821489e-05
   3.5947594e-05
   3.6066709e-05
   3.6223249e-05
   3.6336112e-05
   3.6510286e-05
   3.6626767e-05
   3.6812445e-05
   3.6890003e-05
   3.7001313e-05
   3.7159869e-05
   3.7289696e-05
   3.7412651e-05
   3.7544207e-05
   3.7692232e-05
   3.7784421e-05
   3.7895159e-05
   3.8052065e-05
   3.8179483e-05
   3.8366884e-05
   3.8546703e-05
   3.8690783e-05
   3.8815211e-05
   3.8985585e-05
   3.9139445e-05
   3.9285080e-05
   3.9454380e-05
   3.9598282e-05
   3.9719610e-05
   3.9839080e-05
   4.0008600e-05
   4.0117468e-05
   4.0268041e-05
   4.0391544e-05
   4.0511719e-05
   4.0687223e-05
   4.0829271e-05
   4.0974425e-05
   4.1134810e-05
   4.1240293e-05
   4.1404648e-05
   4.1515988e-05
   4.1669641e-05
   4.1807869e-05
   4.1932081e-05
   4.2030057e-05
   4.2126236e-05
   4.2276477e-05
   4.2456612e-05
   4.2629639e-05
   4.2781372e-05
   4.2928010e-05
   4.3049341e-05
   4.3221736e-05
   4.3377581e-05
   4.3519825e-05
   4.3647521e-05
   4.3810731e-05
   4.3954359e-05
   4.4087986e-05
   4.4241187e-05
   4.4404389e-05
   4.4557553e-05
   4.4693887e-05
   4.4800816e-05
   4.4954310e-05
   4.5104006e-05
   4.5221561e-05
   4.5372345e-05
   4.5521175e-05
   4.5689527e-05
   4.5867504e-05
   4.6026565e-05
   4.6164890e-05
   4.6290078e-05
   4.6383344e-05
   4.6479838e-05
   4.6612189e-05
   4.6699176e-05
   4.6877767e-05
   4.7024880e-05
   4.7121767e-05
   4.7240085e-05
   4.7367551e-05
   4.7521577e-05
   4.7680682e-05
   4.7810070e-05
   4.7928521e-05
   4.8073283e-05
   4.8211772e-05
   4.8363851e-05
   4.8533711e-05
   4.8653039e-05
   4.8777789e-05
   4.8870829e-05
   4.9002962e-05
   4.9156516e-05
   4.9312731e-05
   4.9496344e-05
   4.9627834e-05
   4.9724366e-05
   4.9840243e-05
   4.9967512e-05
   5.0106768e-05
   5.0249714e-05
   5.0394952e-05
   5.0493289e-05
   5.0643136e-05
   5.0831686e-05
   5.0993080e-05
   5.1107340e-05
   5.1242384e-05
   5.1339656e-05
   5.1471839e-05
   5.1580685e-05
   5.1706708e-05
   5.1855226e-05
   5.1999259e-05
   5.2097984e-05
   5.2237264e-05
   5.2369123e-05
   5.2542150e-05
   5.2655026e-05
   5.2818028e-05
   5.2961109e-05
   5.3073292e-05
   5.3213735e-05
   5.3319782e-05
   5.3476640e-05
   5.3589606e-05
   5.3688309e-05
   5.3788207e-05
   5.3924442e-05
   5.4069964e-05
   5.4162084e-05
   5.4274792e-05
   5.4419668e-05
   5.4526192e-05
   5.4673634e-05
   5.4836162e-05
   5.4982949e-05
   5.5097457e-05
   5.5236646e-05
   5.5399702e-05
   5.5522344e-05
   5.5681149e-05
   5.5811812e-05
   5.5940073e-05
   5.6068785e-05
   5.6230646e-05
   5.6361267e-05
   5.6489931e-05
   5.6627147e-05
   5.6780025e-05
   5.6918130e-05
   5.7060152e-05
   5.7217779e-05
   5.7356992e-05
   5.7479269e-05
   5.7595152e-05
   5.7738488e-05
   5.7874182e-05
   5.8053324e-05
   5.8172603e-05
   5.8344227e-05
   5.8473745e-05
   5.8622966e-05
   5.8791087e-05
   5.8899047e-05
   5.9073557e-05
   5.9179309e-05
   5.9321086e-05
   5.9449233e-05
   5.9578231e-05
   5.9728975e-05
   5.9842822e-05
   5.9946996e-05
   6.0077233e-05
   6.0226233e-05
   6.0359179e-05
   6.0468219e-05
   6.0580093e-05
   6.0724672e-05
   6.0843061e-05
   6.0959801e-05
   6.1059086e-05
   6.1183492e-05
   6.1308479e-05
   6.1424130e-05
   6.1538472e-05
   6.1681167e-05
   6.1813614e-05
   6.1983554e-05
   6.2122422e-05
   6.2240725e-05
   6.2354463e-05
   6.2484208e-05
   6.2615630e-05
   6.2783380e-05
   6.2920342e-05
   6.3035635e-05
   6.3181100e-05
   6.3321706e-05
   6.3457214e-05
   6.3563754e-05
   6.3678276e-05
   6.3791232e-05
   6.3941697e-05
   6.4079906e-05
   6.4240819e-05
   6.4351566e-05
   6.4511729e-05
   6.4639053e-05
   6.4784469e-05
   6.4880681e-05
   6.5007985e-05
   6.5169017e-05
   6.5348361e-05
   6.5485397e-05
   6.5552693e-05
   6.5701663e-05
   6.5821493e-05
   6.5939142e-05
   6.6082565e-05
   6.6175475e-05
   6.6289453e-05
   6.6474635e-05
   6.6645690e-05
   6.6758405e-05
   6.6905677e-05
   6.7050162e-05
   6.7181063e-05
   6.7352838e-05
   6.7465273e-05
   6.7567849e-05
   6.7699126e-05
   6.7856576e-05
   6.8033237e-05
   6.8149705e-05
   6.8279128e-05
   6.8419575e-05
   6.8547640e-05
   6.8712948e-05
   6.8829821e-05
   6.8956842e-05
   6.9067086e-05
   6.9685557e-05
   7.0219058e-05
   7.0811299e-05
   7.1361024e-05
   7.1965636e-05
   7.2441422e-05
   7.3148946e-05
   7.3766691e-05
   7.4233476e-05
   7.4644948e-05
   7.5477316e-05
   7.6032141e-05
   7.6490758e-05
   7.6813712e-05
   7.7195508e-05
   7.7688269e-05
   7.8107712e-05
   7.8474652e-05
   7.8960668e-05
   7.9353482e-05
   7.9903425e-05
   8.0413316e-05
   8.0961507e-05
   8.1594606e-05
   8.2132860e-05
   8.2711211e-05
   8.3421214e-05
   8.4144258e-05
   8.4566489e-05
   8.5099309e-05
   8.5507612e-05
   8.6043521e-05
   8.6521794e-05
   8.7203313e-05
   8.7755252e-05
   8.8232494e-05
   8.8770970e-05
   8.9367926e-05
   9.0054966e-05
   9.0725784e-05
   9.1304691e-05
   9.1920841e-05
   9.2435137e-05
   9.3108461e-05
   9.3661051e-05
   9.4245773e-05
   9.4768416e-05
   9.5294538e-05
   9.5779191e-05
   9.6278612e-05
   9.6927657e-05
   9.7508367e-05
   9.8101500e-05
   9.8680416e-05
   9.9266781e-05
   9.9861566e-05
   1.0041650e-04
   1.0107039e-04
   1.0179516e-04
   1.0231686e-04
   1.0309944e-04
   1.0366389e-04
   1.0427872e-04
   1.0475163e-04
   1.0519136e-04
   1.0569461e-04
   1.0639269e-04
   1.0683944e-04
   1.0734549e-04
   1.0797305e-04
   1.0853884e-04
   1.0922293e-04
   1.0957639e-04
   1.1020297e-04
   1.1098319e-04
   1.1150342e-04
   1.1211919e-04
   1.1281558e-04
   1.1310604e-04
   1.1361121e-04
   1.1420194e-04
   1.1462961e-04
   1.1529191e-04
   1.1572976e-04
   1.1633432e-04
   1.1698305e-04
   1.1762811e-04
   1.1817796e-04
   1.1867211e-04
   1.1924896e-04
   1.1961879e-04
   1.2013176e-04
   1.2078657e-04
   1.2134060e-04
   1.2193435e-04
   1.2241833e-04
   1.2304462e-04
   1.2365105e-04
   1.2433147e-04
   1.2485962e-04
   1.2556249e-04
   1.2610147e-04
   1.2665040e-04
   1.2716906e-04
   1.2781108e-04
   1.2837645e-04
   1.2890887e-04
   1.2941547e-04
   1.2993736e-04
   1.3035016e-04
   1.3098325e-04
   1.3134762e-04
   1.3192345e-04
   1.3243706e-04
   1.3309517e-04
   1.3363882e-04
   1.3413777e-04
   1.3461814e-04
   1.3511237e-04
   1.3574049e-04
   1.3630194e-04
   1.3676596e-04
   1.3708496e-04
   1.3777679e-04
   1.3841593e-04
   1.3894503e-04
   1.3935697e-04
   1.3984878e-04
   1.4032952e-04
   1.4074787e-04
   1.4134945e-04
   1.4209884e-04
   1.4250132e-04
   1.4296317e-04
   1.4368556e-04
   1.4423744e-04
   1.4478654e-04
   1.4533578e-04
   1.4590743e-04
   1.4632502e-04
   1.4693169e-04
   1.4755424e-04
   1.4798281e-04
   1.4849489e-04
   1.4903471e-04
   1.4940434e-04
   1.5002771e-04
   1.5062011e-04
   1.5121556e-04
   1.5176614e-04
   1.5239149e-04
   1.5269241e-04
   1.5337116e-04
   1.5393947e-04
   1.5436562e-04
   1.5490814e-04
   1.5540293e-04
   1.5594077e-04
   1.5651685e-04
   1.5726799e-04
   1.5768006e-04
   1.5816980e-04
   1.5858165e-04
   1.5912854e-04
   1.5976912e-04
   1.6026882e-04
   1.6094560e-04
   1.6151728e-04
   1.6200059e-04
   1.6250684e-04
   1.6306973e-04
   1.6377741e-04
   1.6438028e-04
   1.6481812e-04
   1.6519073e-04
   1.6555771e-04
   1.6593519e-04
   1.6650830e-04
   1.6707297e-04
   1.6759130e-04
   1.6820661e-04
   1.6881252e-04
   1.6935143e-04
   1.6997711e-04
   1.7061405e-04
   1.7127757e-04
   1.7195215e-04
   1.7239505e-04
   1.7294613e-04
   1.7362994e-04
   1.7422074e-04
   1.7483636e-04
   1.7547792e-04
   1.7600509e-04
   1.7643149e-04
   1.7690232e-04
   1.7736943e-04
   1.7796804e-04
   1.7849491e-04
   1.7904721e-04
   1.7955089e-04
   1.8009176e-04
   1.8059643e-04
   1.8110508e-04
   1.8175031e-04
   1.8216980e-04
   1.8274576e-04
   1.8331782e-04
   1.8401495e-04
   1.8469273e-04
   1.8518099e-04
   1.8557813e-04
   1.8625711e-04
   1.8696765e-04
   1.8759593e-04
   1.8811107e-04
   1.8861118e-04
   1.8915173e-04
   1.8984481e-04
   1.9017914e-04
   1.9074789e-04
   1.9135829e-04
   1.9175166e-04
   1.9223940e-04
   1.9276939e-04
   1.9335423e-04
   1.9386809e-04
   1.9445261e-04
   1.9494347e-04
   1.9553544e-04
   1.9586669e-04
   1.9649344e-04
   1.9697470e-04
   1.9739793e-04
   1.9789012e-04
   1.9833385e-04
   1.9875819e-04
   1.9926995e-04
   1.9980567e-04
   2.0023867e-04
   2.0077933e-04
   2.0138496e-04
   2.0208659e-04
   2.0253996e-04
   2.0300685e-04
   2.0359326e-04
   2.0421202e-04
   2.0483365e-04
   2.0527130e-04
   2.0582593e-04
   2.0636486e-04
   2.0703265e-04
   2.0766740e-04
   2.0821448e-04
   2.0871523e-04
   2.0934578e-04
   2.0980554e-04
   2.1028051e-04
   2.1097441e-04
   2.1141807e-04
   2.1196735e-04
   2.1246621e-04
   2.1304412e-04
   2.1341619e-04
   2.1393990e-04
   2.1450606e-04
   2.1494878e-04
   2.1540040e-04
   2.1592190e-04
   2.1651801e-04
   2.1694976e-04
   2.1746029e-04
   2.1794362e-04
   2.1860941e-04
   2.1909148e-04
   2.1979557e-04
   2.2038677e-04
   2.2101990e-04
   2.2145891e-04
   2.2217541e-04
   2.2257228e-04
   2.2315037e-04
   2.2370507e-04
   2.2432877e-04
   2.2468758e-04
   2.2519311e-04
   2.2568911e-04
   2.2625706e-04
   2.2675064e-04
   2.2712727e-04
   2.2764465e-04
   2.2814935e-04
   2.2853983e-04
   2.2909904e-04
   2.2968328e-04
   2.3016522e-04
   2.3077694e-04
   2.3150939e-04
   2.3181681e-04
   2.3244120e-04
   2.3299292e-04
   2.3359650e-04
   2.3401651e-04
   2.3460211e-04
   2.3527375e-04
   2.3562615e-04
   2.3609200e-04
   2.3675534e-04
   2.3716812e-04
   2.3773153e-04
   2.3830859e-04
   2.3869899e-04
   2.3923267e-04
   2.3973486e-04
   2.4015107e-04
   2.4077456e-04
   2.4131998e-04
   2.4179885e-04
   2.4233832e-04
   2.4279902e-04
   2.4336801e-04
   2.4387266e-04
   2.4442340e-04
   2.4479218e-04
   2.4525892e-04
   2.4565004e-04
   2.4617457e-04
   2.4676560e-04
   2.4739325e-04
   2.4777388e-04
   2.4823883e-04
   2.4867664e-04
   2.4923667e-04
   2.4980473e-04
   2.5036730e-04
   2.5109877e-04
   2.5168159e-04
   2.5226272e-04
   2.5269831e-04
   2.5322429e-04
   2.5356371e-04
   2.5412447e-04
   2.5461282e-04
   2.5511274e-04
   2.5560635e-04
   2.5609550e-04
   2.5662372e-04
   2.5705236e-04
   2.5757810e-04
   2.5804560e-04
   2.5864909e-04
   2.5910940e-04
   2.5946022e-04
   2.5995531e-04
   2.6043102e-04
   2.6109307e-04
   2.6169916e-04
   2.6214120e-04
   2.6258505e-04
   2.6312870e-04
   2.6367488e-04
   2.6416645e-04
   2.6475134e-04
   2.6518609e-04
   2.6568347e-04
   2.6607530e-04
   2.6652042e-04
   2.6704417e-04
   2.6747686e-04
   2.6813203e-04
   2.6874957e-04
   2.6921971e-04
   2.6967104e-04
   2.7019726e-04
   2.7066376e-04
   2.7116877e-04
   2.7167296e-04
   2.7216157e-04
   2.7255617e-04
   2.7324065e-04
   2.7371591e-04
   2.7418965e-04
   2.7470133e-04
   2.7522172e-04
   2.7574399e-04
   2.7614874e-04
   2.7669962e-04
   2.7706809e-04
   2.7745811e-04
   2.7777609e-04
   2.7821462e-04
   2.7871105e-04
   2.7918124e-04
   2.7968234e-04
   2.8008445e-04
   2.8057463e-04
   2.8092587e-04
   2.8147108e-04
   2.8185817e-04
   2.8228536e-04
   2.8288038e-04
   2.8359061e-04
   2.8416791e-04
   2.8471113e-04
   2.8543937e-04
   2.8599464e-04
   2.8652671e-04
   2.8710300e-04
   2.8755902e-04
   2.8784582e-04
   2.8824332e-04
   2.8879283e-04
   2.8936835e-04
   2.8981970e-04
   2.9012157e-04
   2.9061742e-04
   2.9115281e-04
   2.9167724e-04
   2.9206200e-04
   2.9267495e-04
   2.9312556e-04
   2.9363776e-04
   2.9417348e-04
   2.9450106e-04
   2.9516760e-04
   2.9581979e-04
   2.9626124e-04
   2.9682535e-04
   2.9743334e-04
   2.9782160e-04
   2.9835290e-04
   2.9888137e-04
   2.9932172e-04
   2.9979478e-04
   3.0036372e-04
   3.0087280e-04
   3.0126345e-04
   3.0161642e-04
   3.0226576e-04
   3.0282570e-04
   3.0333386e-04
   3.0383203e-04
   3.0433806e-04
   3.0484703e-04
   3.0531855e-04
   3.0575966e-04
   3.0616491e-04
   3.0675213e-04
   3.0721900e-04
   3.0762580e-04
   3.0813473e-04
   3.0881634e-04
   3.0932740e-04
   3.0984670e-04
   3.1037280e-04
   3.1105353e-04
   3.1151884e-04
   3.1210329e-04
   3.1256716e-04
   3.1315232e-04
   3.1359056e-04
   3.1402694e-04
   3.1448513e-04
   3.1506329e-04
   3.1549264e-04
   3.1610875e-04
   3.1663044e-04
   3.1697138e-04
   3.1756432e-04
   3.1799388e-04
   3.1865112e-04
   3.1927482e-04
   3.1987289e-04
   3.2034714e-04
   3.2093227e-04
   3.2136156e-04
   3.2189856e-04
   3.2229164e-04
   3.2265654e-04
   3.2320632e-04
   3.2366487e-04
   3.2405976e-04
   3.2460376e-04
   3.2515746e-04
   3.2552519e-04
   3.2592223e-04
   3.2622139e-04
   3.2669257e-04
   3.2707003e-04
   3.2743440e-04
   3.2805226e-04
   3.2869328e-04
   3.2900307e-04
   3.2953031e-04
   3.3002390e-04
   3.3045005e-04
   3.3088748e-04
   3.3144524e-04
   3.3205955e-04
   3.3273670e-04
