   3.0821153e-02
   3.6187202e-01
   7.5771976e-01
   8.4951656e-01
   1.0937975e+00
   1.4618888e+00
   1.5938750e+00
   1.7526256e+00
   1.9805370e+00
   2.0659710e+00
   2.1446090e+00
   2.2615395e+00
   2.3519726e+00
   2.4543656e+00
   2.8110856e+00
   2.8337289e+00
   3.0911873e+00
   3.2515399e+00
   3.3446651e+00
   3.5176184e+00
   3.5846328e+00
   3.6038931e+00
   3.6249779e+00
   3.6791696e+00
   3.7073516e+00
   3.7215051e+00
   3.8947932e+00
   4.0780845e+00
   4.3083899e+00
   4.4828923e+00
   4.6390715e+00
   4.7961826e+00
   4.9271080e+00
   4.9325897e+00
   5.0072717e+00
   5.0346330e+00
   5.0870426e+00
   5.2803289e+00
   5.3547479e+00
   5.4912313e+00
   5.6147800e+00
   5.7607972e+00
   5.8022709e+00
   5.9974791e+00
   6.1738332e+00
   6.4719572e+00
   6.8672433e+00
   6.9450146e+00
   7.0494003e+00
   7.1397384e+00
   7.1732138e+00
   7.2165246e+00
   7.2675572e+00
   7.2693865e+00
   7.2701422e+00
   7.2718656e+00
   7.3294682e+00
   7.5317333e+00
   7.6685973e+00
   7.6693141e+00
   7.8015667e+00
   7.8247205e+00
   7.9013557e+00
   7.9108043e+00
   8.0891499e+00
   8.1134551e+00
   8.1722885e+00
   8.3486840e+00
   8.4450355e+00
   8.5475909e+00
   8.6070519e+00
   8.7693772e+00
   8.7848838e+00
   8.9984635e+00
   9.1606041e+00
   9.1696714e+00
   9.2404361e+00
   9.3716332e+00
   9.4368084e+00
   9.4878713e+00
   9.5292277e+00
   9.5674594e+00
   9.6482570e+00
   9.7200486e+00
   9.7233063e+00
   9.7940880e+00
   9.9492323e+00
   1.0031444e+01
   1.0284039e+01
   1.0618203e+01
   1.0752446e+01
   1.0789332e+01
   1.0941746e+01
   1.1141635e+01
   1.1304654e+01
   1.1448840e+01
   1.1666620e+01
   1.1777349e+01
   1.1865763e+01
   1.1981337e+01
   1.1994006e+01
   1.2189938e+01
   1.2352048e+01
   1.2417706e+01
   1.2452922e+01
   1.2501601e+01
   1.2592220e+01
   1.2614504e+01
   1.2659170e+01
   1.2724528e+01
   1.2784232e+01
   1.2892897e+01
   1.3057801e+01
   1.3068004e+01
   1.3203478e+01
   1.3401649e+01
   1.3473124e+01
   1.3538120e+01
   1.3795074e+01
   1.3975299e+01
   1.3977515e+01
   1.4160889e+01
   1.4328178e+01
   1.4332848e+01
   1.4430390e+01
   1.4436572e+01
   1.4457412e+01
   1.4588206e+01
   1.4707988e+01
   1.4856615e+01
   1.4907476e+01
   1.5082880e+01
   1.5098667e+01
   1.5172531e+01
   1.5271619e+01
   1.5358138e+01
   1.5388437e+01
   1.5471494e+01
   1.5479413e+01
   1.5597725e+01
   1.5688087e+01
   1.5738358e+01
   1.5916627e+01
   1.6035898e+01
   1.6046364e+01
   1.6128991e+01
   1.6154244e+01
   1.6165276e+01
   1.6215134e+01
   1.6275864e+01
   1.6325024e+01
   1.6326216e+01
   1.6383810e+01
   1.6493274e+01
   1.6553451e+01
   1.6563022e+01
   1.6618671e+01
   1.6654386e+01
   1.6683555e+01
   1.6738983e+01
   1.6754231e+01
   1.6784834e+01
   1.6910632e+01
   1.7001497e+01
   1.7039094e+01
   1.7200182e+01
   1.7257955e+01
   1.7283559e+01
   1.7321647e+01
   1.7377747e+01
   1.7402596e+01
   1.7536573e+01
   1.7579280e+01
   1.7775557e+01
   1.7978125e+01
   1.7980331e+01
   1.8122366e+01
   1.8186824e+01
   1.8227635e+01
   1.8417426e+01
   1.8548844e+01
   1.8684230e+01
   1.8812729e+01
   1.8907314e+01
   1.8958705e+01
   1.9006418e+01
   1.9006965e+01
   1.9273720e+01
   1.9407939e+01
   1.9585339e+01
   1.9618779e+01
   1.9683986e+01
   1.9741220e+01
   1.9750722e+01
   1.9776673e+01
   1.9922766e+01
   2.0029238e+01
   2.0065155e+01
   2.0205999e+01
   2.0304106e+01
   2.0354847e+01
   2.0506737e+01
   2.0509919e+01
   2.0658224e+01
   2.0706832e+01
   2.0724681e+01
   2.0863335e+01
   2.1089236e+01
   2.1412315e+01
   2.1778603e+01
   2.1840482e+01
   2.1926907e+01
   2.2055784e+01
   2.2180533e+01
   2.2187168e+01
   2.2276250e+01
   2.2505223e+01
   2.2732967e+01
   2.2866016e+01
   2.3076403e+01
   2.3078563e+01
   2.3183805e+01
   2.3270514e+01
   2.3586869e+01
   2.3707546e+01
   2.3726281e+01
   2.3767112e+01
   2.3791419e+01
   2.3962712e+01
   2.4025236e+01
   2.4278006e+01
   2.4361218e+01
   2.4393896e+01
   2.4430438e+01
   2.4493054e+01
   2.4585694e+01
   2.4678472e+01
   2.4832308e+01
   2.4965186e+01
   2.5019556e+01
   2.5025030e+01
   2.5084717e+01
   2.5101332e+01
   2.5190523e+01
   2.5284151e+01
   2.5395873e+01
   2.5533122e+01
   2.5659725e+01
   2.5741510e+01
   2.5837129e+01
   2.5962078e+01
   2.6024770e+01
   2.6143825e+01
   2.6376964e+01
   2.6389266e+01
   2.6661440e+01
   2.6828179e+01
   2.6829209e+01
   2.6850590e+01
   2.6965113e+01
   2.7048066e+01
   2.7135852e+01
   2.7156150e+01
   2.7197332e+01
   2.7243304e+01
   2.7304383e+01
   2.7557609e+01
   2.7667780e+01
   2.7708347e+01
   2.7846449e+01
   2.7907369e+01
   2.7982240e+01
   2.8052719e+01
   2.8178418e+01
   2.8280656e+01
   2.8329848e+01
   2.8354610e+01
   2.8531689e+01
   2.8665036e+01
   2.8698611e+01
   2.8699610e+01
   2.8796753e+01
   2.8879456e+01
   2.8994267e+01
   2.9351961e+01
   2.9495211e+01
   2.9569824e+01
   2.9572619e+01
   2.9761615e+01
   2.9950837e+01
   3.0005568e+01
   3.0186023e+01
   3.0285417e+01
   3.0364497e+01
   3.0619093e+01
   3.0727704e+01
   3.0778073e+01
   3.0852583e+01
   3.0871239e+01
   3.1015631e+01
   3.1109589e+01
   3.1110135e+01
   3.1277825e+01
   3.1439596e+01
   3.1487655e+01
   3.1664882e+01
   3.1928109e+01
   3.1992104e+01
   3.2354508e+01
   3.2356253e+01
   3.2501102e+01
   3.2547888e+01
   3.2590010e+01
   3.2613455e+01
   3.2635107e+01
   3.2711691e+01
   3.2769464e+01
   3.3047274e+01
   3.3164190e+01
   3.3255274e+01
   3.3384019e+01
   3.3583580e+01
   3.3707405e+01
   3.3797845e+01
   3.3916483e+01
   3.3935261e+01
   3.3957556e+01
   3.4160009e+01
   3.4320802e+01
   3.4349207e+01
   3.4362220e+01
   3.4366061e+01
   3.4491132e+01
   3.4659580e+01
   3.4720390e+01
   3.4825597e+01
   3.4857352e+01
   3.4878351e+01
   3.4951014e+01
   3.4954631e+01
   3.4980369e+01
   3.4984524e+01
   3.5028612e+01
   3.5285211e+01
   3.5432252e+01
   3.5604507e+01
   3.5864853e+01
   3.5962331e+01
   3.6055918e+01
   3.6129004e+01
   3.6268956e+01
   3.6270586e+01
   3.6366614e+01
   3.6373852e+01
   3.6407324e+01
   3.6440764e+01
   3.6583971e+01
   3.6733623e+01
   3.6766322e+01
   3.6802228e+01
   3.6805682e+01
   3.6819162e+01
   3.6885944e+01
   3.6949427e+01
   3.7010327e+01
   3.7119683e+01
   3.7235587e+01
   3.7316422e+01
   3.7319436e+01
   3.7328070e+01
   3.7343675e+01
   3.7348371e+01
   3.7383511e+01
   3.7458611e+01
   3.7545928e+01
   3.7580111e+01
   3.7648111e+01
   3.7703119e+01
   3.7725243e+01
   3.7836110e+01
   3.7946462e+01
   3.8018080e+01
   3.8086599e+01
   3.8191678e+01
   3.8282663e+01
   3.8307797e+01
   3.8383703e+01
   3.8430653e+01
   3.8551250e+01
   3.8681890e+01
   3.8888996e+01
   3.9066960e+01
   3.9146292e+01
   3.9218966e+01
   3.9251379e+01
   3.9441145e+01
   3.9628586e+01
   3.9689038e+01
   3.9692460e+01
   3.9747112e+01
   3.9856105e+01
   4.0136172e+01
   4.0249613e+01
   4.0362796e+01
   4.0620160e+01
   4.0865464e+01
   4.1055898e+01
   4.1223103e+01
   4.1337469e+01
   4.1490437e+01
   4.1712412e+01
   4.2019834e+01
   4.2229847e+01
   4.2259535e+01
   4.2352329e+01
   4.2402380e+01
   4.2579961e+01
   4.2793650e+01
   4.2945820e+01
   4.3270475e+01
   4.3370587e+01
   4.3516043e+01
   4.3693868e+01
   4.4001962e+01
   4.4211943e+01
   4.4229782e+01
   4.4277726e+01
   4.4283287e+01
   4.4493878e+01
   4.4780341e+01
   4.4929543e+01
   4.4942372e+01
   4.5006666e+01
   4.5006740e+01
   4.5044748e+01
   4.5080409e+01
   4.5200246e+01
   4.5238832e+01
   4.5326629e+01
   4.5350267e+01
   4.5467377e+01
   4.5598366e+01
   4.5953879e+01
   4.6112981e+01
   4.6140283e+01
   4.6179968e+01
   4.6206359e+01
   4.6287634e+01
   4.6342081e+01
   4.6358458e+01
   4.6548801e+01
   4.6786521e+01
   4.6834874e+01
   4.6962529e+01
   4.7276583e+01
   4.7349138e+01
   4.7480972e+01
   4.7708458e+01
   4.7724444e+01
   4.7837479e+01
   4.7855079e+01
   4.7882763e+01
   4.7910353e+01
   4.7992903e+01
   4.8091158e+01
   4.8093344e+01
   4.8125447e+01
   4.8261328e+01
   4.8436946e+01
   4.8547050e+01
   4.8756671e+01
   4.9011705e+01
   4.9108134e+01
   4.9117215e+01
   4.9173534e+01
   4.9267616e+01
   4.9465568e+01
   4.9523739e+01
   4.9667184e+01
   4.9845901e+01
   4.9859896e+01
   5.0028711e+01
   5.0127769e+01
   5.0243539e+01
   5.0375044e+01
   5.0571222e+01
   5.0837221e+01
   5.1012504e+01
   5.1224389e+01
   5.1258913e+01
   5.1310856e+01
   5.1321851e+01
   5.1324760e+01
   5.1450161e+01
   5.1546959e+01
   5.1664406e+01
   5.1741565e+01
   5.1759862e+01
   5.1861361e+01
   5.1908613e+01
   5.2018935e+01
   5.2082499e+01
   5.2122507e+01
   5.2144443e+01
   5.2210820e+01
   5.2267573e+01
   5.2337797e+01
   5.2350516e+01
   5.2455135e+01
   5.2517642e+01
   5.2538578e+01
   5.2553025e+01
   5.2653113e+01
   5.2785065e+01
   5.2821263e+01
   5.2863982e+01
   5.2898505e+01
   5.2902765e+01
   5.3091049e+01
   5.3331699e+01
   5.3347326e+01
   5.3385767e+01
   5.3461075e+01
   5.3493401e+01
   5.3612379e+01
   5.3893320e+01
   5.3895221e+01
   5.4107910e+01
   5.4127288e+01
   5.4212182e+01
   5.4252638e+01
   5.4334468e+01
   5.4350077e+01
   5.4367110e+01
   5.4488187e+01
   5.4866649e+01
   5.5119762e+01
   5.5149696e+01
   5.5223760e+01
   5.5307915e+01
   5.5362179e+01
   5.5482205e+01
   5.5697955e+01
   5.5723575e+01
   5.5887004e+01
   5.6041485e+01
   5.6163153e+01
   5.6252251e+01
   5.6383710e+01
   5.6413728e+01
   5.6465798e+01
   5.6542459e+01
   5.6555739e+01
   5.6813129e+01
   5.6968614e+01
   5.6979188e+01
   5.7052037e+01
   5.7252430e+01
   5.7529450e+01
   5.7732871e+01
   5.7891285e+01
   5.7984033e+01
   5.8012694e+01
   5.8093804e+01
   5.8222663e+01
   5.8350757e+01
   5.8438065e+01
   5.8563688e+01
   5.8630860e+01
   5.8664551e+01
   5.8779668e+01
   5.8911976e+01
   5.8974173e+01
   5.9038225e+01
   5.9077638e+01
   5.9230439e+01
   5.9382392e+01
   5.9390980e+01
   5.9535464e+01
   5.9840781e+01
   6.0027767e+01
   6.0046564e+01
   6.0048723e+01
   6.0222632e+01
   6.0433730e+01
   6.0638553e+01
   6.0934023e+01
   6.1191328e+01
   6.1511028e+01
   6.1583419e+01
   6.1733886e+01
   6.1750318e+01
   6.2002613e+01
   6.2123981e+01
   6.2266911e+01
   6.2333817e+01
   6.2343360e+01
   6.2416571e+01
   6.2490809e+01
   6.2616303e+01
   6.2636589e+01
   6.2858716e+01
   6.2983228e+01
   6.3122746e+01
   6.3341728e+01
   6.3365625e+01
   6.3443863e+01
   6.3526041e+01
   6.3563734e+01
   6.3604423e+01
   6.3642317e+01
   6.3667987e+01
   6.3737655e+01
   6.3746761e+01
   6.3898527e+01
   6.4025064e+01
   6.4038852e+01
   6.4058918e+01
   6.4119034e+01
   6.4226063e+01
   6.4285468e+01
   6.4328711e+01
   6.4353295e+01
   6.4480783e+01
   6.4486976e+01
   6.4488755e+01
   6.4538197e+01
   6.4575128e+01
   6.4680257e+01
   6.4769323e+01
   6.4853035e+01
   6.4892105e+01
   6.4931370e+01
   6.4983580e+01
   6.5151803e+01
   6.5266037e+01
   6.5530544e+01
   6.5720691e+01
   6.5856257e+01
   6.5929308e+01
   6.6025224e+01
   6.6103973e+01
   6.6191973e+01
   6.6434153e+01
   6.6672747e+01
   6.7028503e+01
   6.7309778e+01
   6.7375897e+01
   6.7502351e+01
   6.7561431e+01
   6.7596063e+01
   6.7651033e+01
   6.7837616e+01
   6.7926919e+01
   6.7942008e+01
   6.8021571e+01
   6.8155141e+01
   6.8249944e+01
   6.8620845e+01
   6.8771865e+01
   6.8839222e+01
   6.8877413e+01
   6.9001665e+01
   6.9104050e+01
   6.9201693e+01
   6.9301451e+01
   6.9532116e+01
   6.9658652e+01
   6.9779132e+01
   6.9869067e+01
   7.0002124e+01
   7.0285832e+01
   7.0492159e+01
   7.0686035e+01
   7.0859733e+01
   7.0924395e+01
   7.0939240e+01
   7.1018219e+01
   7.1048545e+01
   7.1148169e+01
   7.1170026e+01
   7.1239048e+01
   7.1301684e+01
   7.1478884e+01
   7.1564795e+01
   7.1637042e+01
   7.1683370e+01
   7.1702662e+01
   7.1766577e+01
   7.1840606e+01
   7.1980601e+01
   7.2063075e+01
   7.2160504e+01
   7.2192681e+01
   7.2336394e+01
   7.2355081e+01
   7.2476559e+01
   7.2496579e+01
   7.2629360e+01
   7.2661647e+01
   7.2774020e+01
   7.2887382e+01
   7.2966415e+01
   7.2976286e+01
   7.3085297e+01
   7.3231408e+01
   7.3390946e+01
   7.3442157e+01
   7.3642742e+01
   7.3734066e+01
   7.4062531e+01
   7.4476942e+01
   7.4585351e+01
   7.4640996e+01
   7.4770494e+01
   7.4941613e+01
   7.4978979e+01
   7.5058522e+01
   7.5095447e+01
   7.5459721e+01
   7.5659925e+01
   7.5747025e+01
   7.5797454e+01
   7.5914689e+01
   7.5998894e+01
   7.6001467e+01
   7.6003848e+01
   7.6104212e+01
   7.6161724e+01
   7.6379861e+01
   7.6405629e+01
   7.6449259e+01
   7.6495421e+01
   7.6603542e+01
   7.6638793e+01
   7.6676764e+01
   7.6793300e+01
   7.6940284e+01
   7.7085835e+01
   7.7238200e+01
   7.7328730e+01
   7.7346788e+01
   7.7515281e+01
   7.7648277e+01
   7.7731120e+01
   7.7816036e+01
   7.7900981e+01
   7.8068306e+01
   7.8252840e+01
   7.8496085e+01
   7.8569595e+01
   7.8613347e+01
   7.8660500e+01
   7.8706101e+01
   7.8811947e+01
   7.8992225e+01
   7.9033624e+01
   7.9289733e+01
   7.9552012e+01
   7.9762946e+01
   7.9994575e+01
   8.0016882e+01
   8.0106252e+01
   8.0194667e+01
   8.0387066e+01
   8.0553080e+01
   8.0553383e+01
   8.0656984e+01
   8.0687375e+01
   8.0871928e+01
   8.0953125e+01
   8.1060167e+01
   8.1157387e+01
   8.1160619e+01
   8.1330785e+01
   8.1473160e+01
   8.1548834e+01
   8.1586778e+01
   8.1697081e+01
   8.1975378e+01
   8.2132859e+01
   8.2183283e+01
   8.2334285e+01
   8.2424539e+01
   8.2636341e+01
   8.2882483e+01
   8.2899417e+01
   8.2964717e+01
   8.3172944e+01
   8.3371723e+01
   8.3375577e+01
   8.3586695e+01
   8.3639553e+01
   8.3760797e+01
   8.3899929e+01
   8.3985359e+01
   8.3985979e+01
   8.4137721e+01
   8.4226862e+01
   8.4371929e+01
   8.4377539e+01
   8.4397841e+01
   8.4567258e+01
   8.4621106e+01
   8.4883036e+01
   8.4909070e+01
   8.4965224e+01
   8.5066807e+01
   8.5081884e+01
   8.5262650e+01
   8.5341213e+01
   8.5356996e+01
   8.5362684e+01
   8.5368491e+01
   8.5380329e+01
   8.5396173e+01
   8.5737665e+01
   8.6030483e+01
   8.6041902e+01
   8.6054277e+01
   8.6102842e+01
   8.6143142e+01
   8.6274727e+01
   8.6320563e+01
   8.6452292e+01
   8.6459067e+01
   8.6593685e+01
   8.6615455e+01
   8.6751639e+01
   8.6762489e+01
   8.6955822e+01
   8.6996757e+01
   8.7117423e+01
   8.7210987e+01
   8.7415389e+01
   8.7468516e+01
   8.7638716e+01
   8.7669610e+01
   8.7733244e+01
   8.7759951e+01
   8.7894995e+01
   8.7968903e+01
   8.8046776e+01
   8.8190344e+01
   8.8326244e+01
   8.8361484e+01
   8.8362912e+01
   8.8531623e+01
   8.8632507e+01
   8.8636240e+01
   8.8677650e+01
   8.8735542e+01
   8.8767498e+01
   8.8801456e+01
   8.8922859e+01
   8.9023593e+01
   8.9144802e+01
   8.9162576e+01
   8.9378093e+01
   8.9441632e+01
   8.9504864e+01
   8.9699599e+01
   8.9788076e+01
   8.9992997e+01
   9.0251331e+01
   9.0398995e+01
   9.0467244e+01
   9.0555895e+01
   9.0685018e+01
   9.0727625e+01
   9.0808224e+01
   9.0832595e+01
   9.1000770e+01
   9.1075988e+01
   9.1206179e+01
   9.1292544e+01
   9.1611424e+01
   9.1804477e+01
   9.1872089e+01
   9.1930679e+01
   9.2025565e+01
   9.2171230e+01
   9.2441204e+01
   9.2586649e+01
   9.2590860e+01
   9.2723666e+01
   9.2775661e+01
   9.2804434e+01
   9.2928244e+01
   9.3017186e+01
   9.3152931e+01
   9.3189547e+01
   9.3287354e+01
   9.3410630e+01
   9.3672012e+01
   9.3847821e+01
   9.3935253e+01
   9.4025745e+01
   9.4121640e+01
   9.4294541e+01
   9.4435487e+01
   9.4475382e+01
   9.4479965e+01
   9.4493597e+01
   9.4499726e+01
   9.4517934e+01
   9.4524907e+01
   9.4664118e+01
   9.4806131e+01
   9.4874635e+01
   9.4960005e+01
   9.5116809e+01
   9.5408260e+01
   9.5467340e+01
   9.5648108e+01
   9.5885558e+01
   9.5953002e+01
   9.5967151e+01
   9.6227790e+01
   9.6279780e+01
   9.6394700e+01
   9.6414598e+01
   9.6552268e+01
   9.6762004e+01
   9.6916892e+01
   9.7001066e+01
   9.7060549e+01
   9.7131754e+01
   9.7225896e+01
   9.7482817e+01
   9.7537574e+01
   9.7584429e+01
   9.7658790e+01
   9.7753323e+01
   9.7805890e+01
   9.7923812e+01
   9.8133423e+01
   9.8308496e+01
   9.8335531e+01
   9.8348693e+01
   9.8382464e+01
   9.8432981e+01
   9.8526512e+01
   9.8730565e+01
   9.8736693e+01
   9.8764247e+01
   9.8849338e+01
   9.8965427e+01
   9.9069401e+01
   9.9070083e+01
   9.9111384e+01
   9.9147519e+01
   9.9253933e+01
   9.9333322e+01
   9.9369229e+01
   9.9391996e+01
   9.9578046e+01
   9.9671181e+01
   9.9725229e+01
   9.9741241e+01
   9.9905360e+01
   1.0004670e+02
   1.0024449e+02
   1.0049314e+02
   1.0051333e+02
   1.0054310e+02
   1.0064017e+02
   1.0064416e+02
   1.0079728e+02
   1.0091245e+02
   1.0107550e+02
   1.0126435e+02
   1.0129024e+02
   1.0139874e+02
   1.0150480e+02
   1.0160832e+02
   1.0181442e+02
   1.0193652e+02
   1.0212373e+02
   1.0214089e+02
   1.0231271e+02
   1.0257227e+02
   1.0266887e+02
   1.0267145e+02
   1.0269104e+02
   1.0275543e+02
   1.0280062e+02
   1.0281503e+02
   1.0293883e+02
   1.0308852e+02
   1.0328024e+02
   1.0343776e+02
   1.0348933e+02
   1.0358640e+02
   1.0368536e+02
   1.0373449e+02
   1.0401880e+02
   1.0403345e+02
   1.0413143e+02
