   4.9758607e-02
   5.8338694e-02
   1.7862426e+00
   1.8436998e+00
   1.8551009e+00
   2.8864521e+00
   3.0540050e+00
   3.0615608e+00
   3.2918193e+00
   3.4496379e+00
   3.4496379e+00
   3.5686132e+00
   3.5748915e+00
   3.6301127e+00
   3.9974696e+00
   4.5544420e+00
   4.9206672e+00
   5.0747056e+00
   5.1235118e+00
   5.1412905e+00
   5.3993845e+00
   5.4481858e+00
   5.4657422e+00
   5.4676426e+00
   5.5260194e+00
   5.5403070e+00
   5.5437200e+00
   5.8891794e+00
   5.9069832e+00
   6.4404311e+00
   6.4404311e+00
   6.7378285e+00
   6.7436507e+00
   7.0551778e+00
   7.3447243e+00
   7.3933559e+00
   7.4027498e+00
   7.4910165e+00
   7.6724096e+00
   7.6842420e+00
   8.0591262e+00
   8.0705266e+00
   8.2653933e+00
   8.3308925e+00
   9.2619849e+00
   9.3174290e+00
   1.0071657e+01
   1.0507032e+01
   1.0611070e+01
   1.0611307e+01
   1.0678908e+01
   1.0690198e+01
   1.0766821e+01
   1.0766821e+01
   1.0766821e+01
   1.0767247e+01
   1.0767247e+01
   1.0778033e+01
   1.1173443e+01
   1.1173443e+01
   1.1173759e+01
   1.1323792e+01
   1.1519912e+01
   1.1533042e+01
   1.1552937e+01
   1.1827610e+01
   1.1985325e+01
   1.2005561e+01
   1.2251201e+01
   1.2258816e+01
   1.2339608e+01
   1.2339608e+01
   1.2768689e+01
   1.3073574e+01
   1.3137287e+01
   1.3259103e+01
   1.3389384e+01
   1.3389384e+01
   1.3719601e+01
   1.3800788e+01
   1.3800788e+01
   1.3859316e+01
   1.3859316e+01
   1.3878423e+01
   1.3878423e+01
   1.3878423e+01
   1.3893179e+01
   1.4073206e+01
   1.4073206e+01
   1.5148720e+01
   1.5199031e+01
   1.5252838e+01
   1.5388182e+01
   1.6246013e+01
   1.6246014e+01
   1.6422788e+01
   1.6422788e+01
   1.6859075e+01
   1.6890249e+01
   1.6901907e+01
   1.7216460e+01
   1.7443333e+01
   1.7496990e+01
   1.7617581e+01
   1.7617581e+01
   1.7664827e+01
   1.7824559e+01
   1.7825007e+01
   1.7828667e+01
   1.7839872e+01
   1.7839872e+01
   1.7935626e+01
   1.8432887e+01
   1.8433749e+01
   1.8433749e+01
   1.8563533e+01
   1.8704795e+01
   1.8704795e+01
   1.8709169e+01
   1.9404808e+01
   1.9404808e+01
   1.9404808e+01
   1.9700045e+01
   1.9702560e+01
   1.9702560e+01
   1.9762563e+01
   1.9801561e+01
   1.9869418e+01
   1.9922272e+01
   1.9965048e+01
   2.0086412e+01
   2.0353088e+01
   2.0371916e+01
   2.0373340e+01
   2.0408296e+01
   2.0714306e+01
   2.0747143e+01
   2.0747143e+01
   2.0785559e+01
   2.0829098e+01
   2.0880056e+01
   2.1187635e+01
   2.1294059e+01
   2.1398977e+01
   2.1409551e+01
   2.1410310e+01
   2.1448632e+01
   2.1452504e+01
   2.1463722e+01
   2.1464599e+01
   2.1484235e+01
   2.1484240e+01
   2.1484240e+01
   2.1553066e+01
   2.1572729e+01
   2.1577046e+01
   2.1588015e+01
   2.1687323e+01
   2.1871263e+01
   2.1954954e+01
   2.1954954e+01
   2.1967656e+01
   2.1968706e+01
   2.2149118e+01
   2.2682242e+01
   2.2969319e+01
   2.2979265e+01
   2.2993111e+01
   2.2993112e+01
   2.3009533e+01
   2.3016868e+01
   2.3016868e+01
   2.3276903e+01
   2.3376194e+01
   2.4423331e+01
   2.4459130e+01
   2.4487649e+01
   2.4602251e+01
   2.4603939e+01
   2.4606961e+01
   2.4990292e+01
   2.4996193e+01
   2.5175285e+01
   2.5179262e+01
   2.5255899e+01
   2.5459383e+01
   2.5516863e+01
   2.5567151e+01
   2.6146725e+01
   2.6187471e+01
   2.6405251e+01
   2.6500864e+01
   2.6500864e+01
   2.6571571e+01
   2.6652682e+01
   2.6679612e+01
   2.6809261e+01
   2.6809261e+01
   2.6810529e+01
   2.7019218e+01
   2.7019218e+01
   2.7080978e+01
   2.7176542e+01
   2.7250286e+01
   2.7334969e+01
   2.7341016e+01
   2.7363362e+01
   2.7488743e+01
   2.7744311e+01
   2.8262261e+01
   2.8739209e+01
   2.8908538e+01
   2.8908538e+01
   2.9067974e+01
   2.9073104e+01
   2.9082587e+01
   2.9271959e+01
   2.9457761e+01
   2.9651653e+01
   3.0473927e+01
   3.0474012e+01
   3.0474012e+01
   3.0555786e+01
   3.0902378e+01
   3.1292697e+01
   3.1306591e+01
   3.1306591e+01
   3.1307612e+01
   3.1308049e+01
   3.1670166e+01
   3.2291544e+01
   3.2334245e+01
   3.2347236e+01
   3.2347274e+01
   3.2361570e+01
   3.2479154e+01
   3.2479798e+01
   3.2614907e+01
   3.2667291e+01
   3.2746071e+01
   3.2749446e+01
   3.2750533e+01
   3.2785343e+01
   3.2797662e+01
   3.2849611e+01
   3.2867761e+01
   3.2951544e+01
   3.3557135e+01
   3.3620312e+01
   3.3912525e+01
   3.4651089e+01
   3.4759576e+01
   3.4759576e+01
   3.5041744e+01
   3.5155242e+01
   3.5222258e+01
   3.5791405e+01
   3.5791405e+01
   3.5791405e+01
   3.5813852e+01
   3.5864947e+01
   3.5864947e+01
   3.5912550e+01
   3.5925291e+01
   3.5995796e+01
   3.5998657e+01
   3.6083584e+01
   3.6527371e+01
   3.6569384e+01
   3.6690137e+01
   3.6715649e+01
   3.6715649e+01
   3.6830899e+01
   3.7170496e+01
   3.7170496e+01
   3.7384292e+01
   3.7441981e+01
   3.7455267e+01
   3.8103353e+01
   3.8157012e+01
   3.8157012e+01
   3.8157012e+01
   3.8187500e+01
   3.8187500e+01
   3.8471256e+01
   3.9110141e+01
   3.9144679e+01
   3.9144679e+01
   3.9146544e+01
   3.9500321e+01
   3.9518134e+01
   3.9633209e+01
   3.9744295e+01
   3.9744295e+01
   3.9794026e+01
   4.0329436e+01
   4.0403636e+01
   4.0403636e+01
   4.0434748e+01
   4.0440671e+01
   4.0632036e+01
   4.0632036e+01
   4.0632036e+01
   4.0925871e+01
   4.0932408e+01
   4.1003384e+01
   4.1160025e+01
   4.1527999e+01
   4.2172612e+01
   4.2513513e+01
   4.2797970e+01
   4.2797970e+01
   4.2843860e+01
   4.2843860e+01
   4.2860306e+01
   4.2860306e+01
   4.2910688e+01
   4.3089213e+01
   4.3496478e+01
   4.3520353e+01
   4.3551436e+01
   4.3645774e+01
   4.3844217e+01
   4.3845040e+01
   4.3988745e+01
   4.3993393e+01
   4.3994058e+01
   4.3999504e+01
   4.4689914e+01
   4.4717428e+01
   4.4717428e+01
   4.4717958e+01
   4.4718659e+01
   4.4954754e+01
   4.4976069e+01
   4.5110772e+01
   4.5110772e+01
   4.5136860e+01
   4.5190868e+01
   4.5432413e+01
   4.5637091e+01
   4.5742241e+01
   4.5842626e+01
   4.6060236e+01
   4.6295522e+01
   4.6295522e+01
   4.6581773e+01
   4.6794828e+01
   4.6794828e+01
   4.6856949e+01
   4.7111255e+01
   4.7111255e+01
   4.7111255e+01
   4.7202583e+01
   4.7265953e+01
   4.7277216e+01
   4.7277270e+01
   4.7533871e+01
   4.7541163e+01
   4.7581513e+01
   4.7584245e+01
   4.7588089e+01
   4.7599986e+01
   4.7723094e+01
   4.7730652e+01
   4.7748443e+01
   4.8029583e+01
   4.8033285e+01
   4.8092435e+01
   4.8148327e+01
   4.8211575e+01
   4.8296898e+01
   4.8361902e+01
   4.8498590e+01
   4.8889390e+01
   4.8952886e+01
   4.8961201e+01
   4.8971233e+01
   4.9067593e+01
   4.9107500e+01
   4.9153292e+01
   4.9189745e+01
   4.9194145e+01
   4.9304044e+01
   4.9305677e+01
   4.9376877e+01
   4.9399739e+01
   4.9410463e+01
   4.9410719e+01
   4.9667793e+01
   4.9669403e+01
   5.0246326e+01
   5.0246353e+01
   5.0310581e+01
   5.0568969e+01
   5.0693190e+01
   5.0822070e+01
   5.0948151e+01
   5.0956491e+01
   5.0966604e+01
   5.1064799e+01
   5.1558582e+01
   5.1689372e+01
   5.1689372e+01
   5.1795347e+01
   5.2210663e+01
   5.2294353e+01
   5.2474695e+01
   5.2512777e+01
   5.2560432e+01
   5.2673773e+01
   5.2926207e+01
   5.3360607e+01
   5.3385406e+01
   5.3454267e+01
   5.3457591e+01
   5.3523235e+01
   5.3695236e+01
   5.3851559e+01
   5.3887948e+01
   5.4920952e+01
   5.5246783e+01
   5.5246876e+01
   5.5693879e+01
   5.5965688e+01
   5.6053002e+01
   5.6096517e+01
   5.6096517e+01
   5.6097683e+01
   5.6766648e+01
   5.6855159e+01
   5.6930731e+01
   5.7023014e+01
   5.7023014e+01
   5.7023014e+01
   5.7057211e+01
   5.7057211e+01
   5.7206991e+01
   5.7252256e+01
   5.7267626e+01
   5.7267626e+01
   5.7484937e+01
   5.8332458e+01
   5.8536748e+01
   5.8561968e+01
   5.8561968e+01
   5.8565272e+01
   5.8591650e+01
   5.8610374e+01
   5.8723456e+01
   5.8787497e+01
   5.8993720e+01
   5.9202460e+01
   5.9261593e+01
   5.9763191e+01
   6.0002801e+01
   6.0032533e+01
   6.0460938e+01
   6.0515649e+01
   6.0592838e+01
   6.0613656e+01
   6.0616917e+01
   6.0616917e+01
   6.0635801e+01
   6.0829251e+01
   6.0829251e+01
   6.0829251e+01
   6.0855980e+01
   6.0968752e+01
   6.1081750e+01
   6.1087070e+01
   6.1570816e+01
   6.1652649e+01
   6.1657181e+01
   6.1657181e+01
   6.1676877e+01
   6.1719384e+01
   6.2000952e+01
   6.2499827e+01
   6.2514747e+01
   6.2816861e+01
   6.3030967e+01
   6.3067047e+01
   6.3102165e+01
   6.3163639e+01
   6.3229231e+01
   6.4166216e+01
   6.4168856e+01
   6.4497506e+01
   6.4551648e+01
   6.4555989e+01
   6.4564112e+01
   6.4581247e+01
   6.4594037e+01
   6.4703711e+01
   6.4703711e+01
   6.4846982e+01
   6.4849755e+01
   6.4849901e+01
   6.5001582e+01
   6.5291437e+01
   6.5296848e+01
   6.5401332e+01
   6.5422458e+01
   6.5422458e+01
   6.5446093e+01
   6.5446093e+01
   6.5480858e+01
   6.5495127e+01
   6.5565643e+01
   6.5565880e+01
   6.5574526e+01
   6.5574526e+01
   6.5751439e+01
   6.5755579e+01
   6.5755579e+01
   6.5799033e+01
   6.5800975e+01
   6.5800975e+01
   6.6200845e+01
   6.6293347e+01
   6.6410311e+01
   6.6439958e+01
   6.6447351e+01
   6.6490007e+01
   6.6892315e+01
   6.7098178e+01
   6.7277853e+01
   6.7427717e+01
   6.7509121e+01
   6.7510984e+01
   6.7549669e+01
   6.7788382e+01
   6.7945983e+01
   6.8040315e+01
   6.8588772e+01
   6.9081343e+01
   6.9160075e+01
   6.9180995e+01
   6.9189592e+01
   6.9227550e+01
   6.9228872e+01
   6.9427235e+01
   6.9562468e+01
   6.9620238e+01
   6.9761053e+01
   6.9803614e+01
   6.9865269e+01
   6.9869339e+01
   7.0032868e+01
   7.0102395e+01
   7.0102395e+01
   7.0141604e+01
   7.0195238e+01
   7.0734084e+01
   7.0740573e+01
   7.0740573e+01
   7.0773048e+01
   7.1090444e+01
   7.1329446e+01
   7.1415318e+01
   7.1503068e+01
   7.1504030e+01
   7.1529965e+01
   7.1544977e+01
   7.1667609e+01
   7.1683357e+01
   7.1883071e+01
   7.1884009e+01
   7.1971997e+01
   7.1993912e+01
   7.2068305e+01
   7.2122280e+01
   7.2324948e+01
   7.2355918e+01
   7.2355942e+01
   7.2629610e+01
   7.2633890e+01
   7.2633890e+01
   7.2968729e+01
   7.3312945e+01
   7.3333734e+01
   7.3376459e+01
   7.3412092e+01
   7.4097611e+01
   7.4099835e+01
   7.4665845e+01
   7.4822592e+01
   7.5156003e+01
   7.5577985e+01
   7.5689534e+01
   7.5741937e+01
   7.5763010e+01
   7.6391915e+01
   7.6471430e+01
   7.6528739e+01
   7.6529572e+01
   7.6529572e+01
   7.6639070e+01
   7.6985471e+01
   7.6985471e+01
   7.7004889e+01
   7.7434440e+01
   7.7451219e+01
   7.7868405e+01
   7.7912803e+01
   7.7994681e+01
   7.8307318e+01
   7.8351555e+01
   7.8351555e+01
   7.8396401e+01
   7.8396401e+01
   7.8420046e+01
   7.8592779e+01
   7.8768100e+01
   7.8782475e+01
   7.9144238e+01
   7.9505631e+01
   7.9738763e+01
   7.9788383e+01
   7.9824194e+01
   7.9825291e+01
   7.9839902e+01
   7.9881957e+01
   7.9958573e+01
   8.0035429e+01
   8.0100496e+01
   8.0103299e+01
   8.0111029e+01
   8.0333424e+01
   8.0344731e+01
   8.0514228e+01
   8.0570952e+01
   8.0575654e+01
   8.0647609e+01
   8.1418563e+01
   8.1570743e+01
   8.1928868e+01
   8.1946603e+01
   8.2070673e+01
   8.2426849e+01
   8.2464659e+01
   8.2687634e+01
   8.2699922e+01
   8.3332710e+01
   8.3352903e+01
   8.4760190e+01
   8.4760190e+01
   8.4851535e+01
   8.4877871e+01
   8.4877871e+01
   8.4878390e+01
   8.4896631e+01
   8.5197315e+01
   8.5227075e+01
   8.5273363e+01
   8.5281877e+01
   8.5623906e+01
   8.6425359e+01
   8.6711010e+01
   8.6712264e+01
   8.6744131e+01
   8.6838737e+01
   8.6868303e+01
   8.6912886e+01
   8.6939437e+01
   8.7214648e+01
   8.7345010e+01
   8.7361663e+01
   8.7462152e+01
   8.7462939e+01
   8.7745218e+01
   8.8052358e+01
   8.8115215e+01
   8.8347754e+01
   8.8386555e+01
   8.8389151e+01
   8.8389194e+01
   8.8470273e+01
   8.8493247e+01
   8.8545728e+01
   8.8631850e+01
   8.8631850e+01
   8.8677133e+01
   8.8888744e+01
   8.8900127e+01
   8.8926222e+01
   8.8926222e+01
   8.8934486e+01
   8.9039713e+01
   8.9039713e+01
   8.9343532e+01
   8.9384947e+01
   8.9408319e+01
   8.9477023e+01
   8.9559015e+01
   8.9598114e+01
   8.9662284e+01
   8.9757028e+01
   8.9798982e+01
   8.9895590e+01
   8.9908880e+01
   9.0002660e+01
   9.0003296e+01
   9.0003296e+01
   9.0201722e+01
   9.0213596e+01
   9.0703612e+01
   9.0914363e+01
   9.1015810e+01
   9.1017211e+01
   9.2410284e+01
   9.2599873e+01
   9.2600216e+01
   9.2642866e+01
   9.2720905e+01
   9.2860638e+01
   9.2904060e+01
   9.3147416e+01
   9.3251442e+01
   9.4329736e+01
   9.4376715e+01
   9.4390769e+01
   9.4395066e+01
   9.4531163e+01
   9.4531163e+01
   9.4531931e+01
   9.4531931e+01
   9.4698010e+01
   9.5050189e+01
   9.5109117e+01
   9.5123749e+01
   9.5123750e+01
   9.5168936e+01
   9.5533600e+01
   9.5720139e+01
   9.6017752e+01
   9.6017752e+01
   9.6209433e+01
   9.6220312e+01
   9.6691969e+01
   9.6779977e+01
   9.6823003e+01
   9.6970406e+01
   9.6978314e+01
   9.7001525e+01
   9.7017921e+01
   9.7225768e+01
   9.7248846e+01
   9.7512713e+01
   9.7670214e+01
   9.7672625e+01
   9.7672625e+01
   9.7731042e+01
   9.7731042e+01
   9.7821058e+01
   9.7965078e+01
   9.8003547e+01
   9.8556139e+01
   9.8633719e+01
   9.8894810e+01
   9.9041452e+01
   9.9234984e+01
   9.9237503e+01
   9.9292584e+01
   9.9530737e+01
   9.9549482e+01
   9.9564859e+01
   9.9821204e+01
   9.9947358e+01
   1.0007302e+02
   1.0007302e+02
   1.0025800e+02
   1.0025800e+02
   1.0025915e+02
   1.0058709e+02
   1.0058730e+02
   1.0066612e+02
   1.0068021e+02
   1.0095512e+02
   1.0124563e+02
   1.0125181e+02
   1.0132250e+02
   1.0141598e+02
   1.0141768e+02
   1.0211386e+02
   1.0212871e+02
   1.0212948e+02
   1.0221295e+02
   1.0246528e+02
   1.0253378e+02
   1.0258527e+02
   1.0291106e+02
   1.0302267e+02
   1.0303653e+02
   1.0319167e+02
   1.0319167e+02
   1.0319167e+02
   1.0357774e+02
   1.0440544e+02
   1.0449393e+02
   1.0456301e+02
   1.0458825e+02
   1.0476063e+02
   1.0510146e+02
   1.0527793e+02
   1.0536623e+02
   1.0536623e+02
   1.0558112e+02
   1.0580576e+02
   1.0583510e+02
   1.0583510e+02
   1.0585092e+02
   1.0585951e+02
   1.0586973e+02
   1.0586973e+02
   1.0588586e+02
   1.0708874e+02
   1.0708874e+02
   1.0709641e+02
   1.0709641e+02
   1.0715378e+02
   1.0729602e+02
   1.0730430e+02
   1.0730432e+02
   1.0747542e+02
   1.0763778e+02
   1.0765172e+02
   1.0768932e+02
   1.0778733e+02
   1.0789524e+02
   1.0806491e+02
   1.0811867e+02
   1.0856308e+02
   1.0863584e+02
   1.0887597e+02
   1.0929807e+02
   1.0929807e+02
   1.0931798e+02
   1.0945512e+02
   1.0965116e+02
   1.0965479e+02
   1.0969193e+02
   1.0969826e+02
   1.0989313e+02
   1.0989624e+02
   1.0989624e+02
   1.0989624e+02
   1.1035975e+02
   1.1042411e+02
   1.1048073e+02
   1.1048073e+02
   1.1056532e+02
   1.1058522e+02
   1.1058597e+02
   1.1082987e+02
   1.1082987e+02
   1.1093722e+02
   1.1098987e+02
   1.1131633e+02
   1.1140119e+02
   1.1166609e+02
   1.1170407e+02
   1.1170869e+02
   1.1210233e+02
   1.1223641e+02
   1.1226571e+02
   1.1226571e+02
   1.1242664e+02
   1.1242689e+02
   1.1242689e+02
   1.1246661e+02
   1.1254242e+02
   1.1267168e+02
   1.1267168e+02
   1.1283844e+02
   1.1283926e+02
   1.1411634e+02
   1.1422445e+02
   1.1422447e+02
   1.1423504e+02
   1.1445112e+02
   1.1445882e+02
   1.1525915e+02
   1.1534232e+02
   1.1541626e+02
   1.1547411e+02
   1.1564746e+02
   1.1572670e+02
   1.1576264e+02
   1.1601850e+02
   1.1601953e+02
   1.1602981e+02
   1.1610187e+02
   1.1614432e+02
   1.1675038e+02
   1.1675419e+02
   1.1681741e+02
   1.1682699e+02
   1.1703063e+02
   1.1707643e+02
   1.1717935e+02
   1.1720132e+02
   1.1722522e+02
   1.1723344e+02
   1.1724517e+02
   1.1724517e+02
   1.1724866e+02
   1.1743661e+02
   1.1745059e+02
   1.1746716e+02
   1.1750340e+02
   1.1766087e+02
   1.1816901e+02
   1.1836653e+02
   1.1842572e+02
   1.1884753e+02
   1.1897197e+02
   1.1905034e+02
   1.1951784e+02
   1.1971018e+02
   1.1971034e+02
   1.1971812e+02
   1.1988922e+02
   1.2004405e+02
   1.2008463e+02
   1.2009889e+02
   1.2010816e+02
   1.2013640e+02
   1.2039496e+02
   1.2061933e+02
   1.2067391e+02
   1.2067512e+02
   1.2073099e+02
   1.2074655e+02
   1.2075199e+02
   1.2101274e+02
   1.2110124e+02
   1.2123949e+02
   1.2129965e+02
   1.2133250e+02
   1.2133250e+02
   1.2134720e+02
   1.2156244e+02
   1.2166855e+02
   1.2176957e+02
   1.2192839e+02
   1.2192839e+02
   1.2216698e+02
   1.2216698e+02
   1.2216698e+02
   1.2216726e+02
   1.2220255e+02
   1.2224436e+02
   1.2248656e+02
   1.2259087e+02
   1.2263646e+02
   1.2284700e+02
   1.2284825e+02
   1.2285993e+02
   1.2285993e+02
   1.2331531e+02
   1.2331949e+02
   1.2370048e+02
   1.2381802e+02
   1.2397346e+02
   1.2420117e+02
   1.2420117e+02
   1.2420117e+02
   1.2441575e+02
   1.2441730e+02
   1.2477204e+02
   1.2479179e+02
   1.2479179e+02
   1.2491416e+02
   1.2491764e+02
   1.2501716e+02
   1.2523939e+02
   1.2603362e+02
   1.2604788e+02
   1.2604788e+02
   1.2636366e+02
   1.2655629e+02
   1.2655629e+02
   1.2655713e+02
   1.2655840e+02
   1.2661336e+02
   1.2661336e+02
   1.2662271e+02
   1.2673997e+02
   1.2679333e+02
   1.2702845e+02
   1.2704527e+02
   1.2714517e+02
   1.2714638e+02
   1.2724277e+02
   1.2746603e+02
   1.2783159e+02
   1.2808670e+02
   1.2809687e+02
