   9.4994345e-04
   1.1054462e-01
   2.6724006e-01
   2.7566671e-01
   3.3533991e-01
   4.7083109e-01
   4.8825144e-01
   5.1345321e-01
   5.6539682e-01
   5.7269579e-01
   5.7887973e-01
   5.9255245e-01
   6.0073061e-01
   6.1121493e-01
   7.3846410e-01
   7.3897682e-01
   8.0526161e-01
   8.3097457e-01
   8.3964688e-01
   8.6955970e-01
   8.7405064e-01
   8.7442160e-01
   8.7486617e-01
   8.7780290e-01
   8.7859713e-01
   8.7879745e-01
   9.0882623e-01
   9.4242191e-01
   9.9546253e-01
   1.0259136e+00
   1.0503056e+00
   1.0749894e+00
   1.0921309e+00
   1.0921610e+00
   1.0977383e+00
   1.0984870e+00
   1.1012338e+00
   1.1385933e+00
   1.1441315e+00
   1.1627592e+00
   1.1780235e+00
   1.1993445e+00
   1.2010646e+00
   1.2391709e+00
   1.2702716e+00
   1.3591495e+00
   1.5154007e+00
   1.5214490e+00
   1.5323454e+00
   1.5405064e+00
   1.5416270e+00
   1.5435028e+00
   1.5461071e+00
   1.5461105e+00
   1.5461111e+00
   1.5461140e+00
   1.5494321e+00
   1.5903432e+00
   1.6090750e+00
   1.6090755e+00
   1.6265663e+00
   1.6271024e+00
   1.6329753e+00
   1.6330646e+00
   1.6648718e+00
   1.6654625e+00
   1.6689239e+00
   1.7000392e+00
   1.7093229e+00
   1.7198405e+00
   1.7233761e+00
   1.7497256e+00
   1.7499660e+00
   1.7955823e+00
   1.8218719e+00
   1.8219541e+00
   1.8269617e+00
   1.8441744e+00
   1.8484222e+00
   1.8510296e+00
   1.8527400e+00
   1.8542017e+00
   1.8607299e+00
   1.8658840e+00
   1.8658946e+00
   1.8709046e+00
   1.8949744e+00
   1.9017331e+00
   1.9655375e+00
   2.0772031e+00
   2.0952241e+00
   2.0965847e+00
   2.1198146e+00
   2.1597702e+00
   2.1863456e+00
   2.2071349e+00
   2.2545631e+00
   2.2668241e+00
   2.2746411e+00
   2.2879984e+00
   2.2881589e+00
   2.3265483e+00
   2.3528279e+00
   2.3571389e+00
   2.3583790e+00
   2.3607487e+00
   2.3689605e+00
   2.3694570e+00
   2.3714521e+00
   2.3757239e+00
   2.3792884e+00
   2.3910965e+00
   2.4182897e+00
   2.4183938e+00
   2.4367471e+00
   2.4760189e+00
   2.4811275e+00
   2.4853520e+00
   2.5513775e+00
   2.5838585e+00
   2.5838634e+00
   2.6174893e+00
   2.6454749e+00
   2.6454967e+00
   2.6550110e+00
   2.6550492e+00
   2.6554835e+00
   2.6725905e+00
   2.6869384e+00
   2.7090282e+00
   2.7116150e+00
   2.7423817e+00
   2.7426309e+00
   2.7480867e+00
   2.7579053e+00
   2.7653908e+00
   2.7663088e+00
   2.7732072e+00
   2.7732699e+00
   2.7872678e+00
   2.7954331e+00
   2.7979602e+00
   2.8297401e+00
   2.8439657e+00
   2.8440752e+00
   2.8509025e+00
   2.8515402e+00
   2.8516619e+00
   2.8541477e+00
   2.8578358e+00
   2.8602525e+00
   2.8602540e+00
   2.8635710e+00
   2.8755533e+00
   2.8791746e+00
   2.8792662e+00
   2.8823631e+00
   2.8836386e+00
   2.8844894e+00
   2.8875617e+00
   2.8877942e+00
   2.8887308e+00
   2.9045558e+00
   2.9128124e+00
   2.9142259e+00
   2.9401753e+00
   2.9435130e+00
   2.9441686e+00
   2.9456193e+00
   2.9487665e+00
   2.9493840e+00
   2.9673338e+00
   2.9691578e+00
   3.0076823e+00
   3.0487160e+00
   3.0487209e+00
   3.0688947e+00
   3.0730496e+00
   3.0747152e+00
   3.1107356e+00
   3.1280063e+00
   3.1463356e+00
   3.1628477e+00
   3.1717939e+00
   3.1744350e+00
   3.1767116e+00
   3.1767119e+00
   3.2478703e+00
   3.2658850e+00
   3.2973557e+00
   3.2984740e+00
   3.3027259e+00
   3.3060016e+00
   3.3060919e+00
   3.3067654e+00
   3.3281085e+00
   3.3394449e+00
   3.3407350e+00
   3.3605719e+00
   3.3701969e+00
   3.3727715e+00
   3.3958422e+00
   3.3958523e+00
   3.4178466e+00
   3.4202094e+00
   3.4205280e+00
   3.4397528e+00
   3.4907843e+00
   3.5951641e+00
   3.7293310e+00
   3.7331601e+00
   3.7406293e+00
   3.7572388e+00
   3.7728010e+00
   3.7728450e+00
   3.7807807e+00
   3.8332094e+00
   3.8850767e+00
   3.9027787e+00
   3.9470414e+00
   3.9470460e+00
   3.9581219e+00
   3.9656403e+00
   4.0657211e+00
   4.0802840e+00
   4.0806350e+00
   4.0823021e+00
   4.0828930e+00
   4.1122345e+00
   4.1161436e+00
   4.1800365e+00
   4.1869606e+00
   4.1880285e+00
   4.1893638e+00
   4.1932847e+00
   4.2018668e+00
   4.2104746e+00
   4.2341399e+00
   4.2517966e+00
   4.2547527e+00
   4.2547827e+00
   4.2583453e+00
   4.2586214e+00
   4.2665763e+00
   4.2753426e+00
   4.2878242e+00
   4.3066617e+00
   4.3226900e+00
   4.3293788e+00
   4.3385217e+00
   4.3541341e+00
   4.3580643e+00
   4.3722385e+00
   4.4265921e+00
   4.4267434e+00
   4.5008221e+00
   4.5286239e+00
   4.5286250e+00
   4.5290821e+00
   4.5421976e+00
   4.5490788e+00
   4.5567854e+00
   4.5571973e+00
   4.5588933e+00
   4.5610067e+00
   4.5647374e+00
   4.6288607e+00
   4.6409984e+00
   4.6426440e+00
   4.6617162e+00
   4.6654275e+00
   4.6710331e+00
   4.6760004e+00
   4.6918006e+00
   4.7022533e+00
   4.7046731e+00
   4.7052863e+00
   4.7366433e+00
   4.7544249e+00
   4.7555521e+00
   4.7555531e+00
   4.7649899e+00
   4.7718297e+00
   4.7850112e+00
   4.9129564e+00
   4.9334769e+00
   4.9390440e+00
   4.9390518e+00
   4.9747714e+00
   5.0105765e+00
   5.0135720e+00
   5.0461357e+00
   5.0560149e+00
   5.0622685e+00
   5.1270876e+00
   5.1388840e+00
   5.1414210e+00
   5.1469728e+00
   5.1473208e+00
   5.1681699e+00
   5.1769980e+00
   5.1769983e+00
   5.2051181e+00
   5.2312881e+00
   5.2335977e+00
   5.2650070e+00
   5.3342954e+00
   5.3383908e+00
   5.4697271e+00
   5.4697302e+00
   5.4907113e+00
   5.4929003e+00
   5.4946745e+00
   5.4952242e+00
   5.4956930e+00
   5.5015582e+00
   5.5048959e+00
   5.5820744e+00
   5.5957436e+00
   5.6040399e+00
   5.6206153e+00
   5.6604397e+00
   5.6757723e+00
   5.6839517e+00
   5.6980266e+00
   5.6983793e+00
   5.6988763e+00
   5.7398636e+00
   5.7657178e+00
   5.7665247e+00
   5.7666941e+00
   5.7667088e+00
   5.7823516e+00
   5.8107262e+00
   5.8144241e+00
   5.8254926e+00
   5.8265010e+00
   5.8269420e+00
   5.8322218e+00
   5.8322349e+00
   5.8328973e+00
   5.8329146e+00
   5.8348583e+00
   5.9007016e+00
   5.9223227e+00
   5.9519943e+00
   6.0197743e+00
   6.0292764e+00
   6.0380348e+00
   6.0433764e+00
   6.0629629e+00
   6.0629655e+00
   6.0721869e+00
   6.0722393e+00
   6.0733597e+00
   6.0744779e+00
   6.0949861e+00
   6.1173818e+00
   6.1184511e+00
   6.1197403e+00
   6.1197522e+00
   6.1199339e+00
   6.1243937e+00
   6.1284239e+00
   6.1321326e+00
   6.1440914e+00
   6.1575252e+00
   6.1640595e+00
   6.1640686e+00
   6.1641431e+00
   6.1643866e+00
   6.1644087e+00
   6.1656435e+00
   6.1712835e+00
   6.1789078e+00
   6.1800763e+00
   6.1847003e+00
   6.1877261e+00
   6.1882156e+00
   6.2005071e+00
   6.2126848e+00
   6.2178138e+00
   6.2225088e+00
   6.2335503e+00
   6.2418285e+00
   6.2424602e+00
   6.2482220e+00
   6.2504262e+00
   6.2649699e+00
   6.2820368e+00
   6.3249296e+00
   6.3566007e+00
   6.3628943e+00
   6.3681758e+00
   6.3692264e+00
   6.4052374e+00
   6.4403718e+00
   6.4440262e+00
   6.4440379e+00
   6.4470247e+00
   6.4589043e+00
   6.5373415e+00
   6.5502104e+00
   6.5630210e+00
   6.6292567e+00
   6.6894310e+00
   6.7256960e+00
   6.7536535e+00
   6.7667331e+00
   6.7901325e+00
   6.8394051e+00
   6.9339134e+00
   6.9780191e+00
   6.9789004e+00
   6.9875112e+00
   6.9900163e+00
   7.0215514e+00
   7.0672142e+00
   7.0903700e+00
   7.1957710e+00
   7.2057933e+00
   7.2269506e+00
   7.2585723e+00
   7.3534943e+00
   7.3975863e+00
   7.3979045e+00
   7.4002032e+00
   7.4002341e+00
   7.4445826e+00
   7.5266436e+00
   7.5489049e+00
   7.5490695e+00
   7.5532033e+00
   7.5532033e+00
   7.5546479e+00
   7.5559195e+00
   7.5702805e+00
   7.5717694e+00
   7.5794776e+00
   7.5800364e+00
   7.5937511e+00
   7.6109092e+00
   7.7372991e+00
   7.7626124e+00
   7.7633578e+00
   7.7649327e+00
   7.7656292e+00
   7.7722348e+00
   7.7751993e+00
   7.7754675e+00
   7.8116977e+00
   7.8682088e+00
   7.8705468e+00
   7.8868427e+00
   7.9854725e+00
   7.9907367e+00
   8.0081168e+00
   8.0598670e+00
   8.0601225e+00
   8.0728993e+00
   8.0732091e+00
   8.0739755e+00
   8.0747367e+00
   8.0815512e+00
   8.0912053e+00
   8.0912101e+00
   8.0922407e+00
   8.1107043e+00
   8.1415462e+00
   8.1536692e+00
   8.1976098e+00
   8.2626525e+00
   8.2719510e+00
   8.2720334e+00
   8.2752052e+00
   8.2840567e+00
   8.3232418e+00
   8.3266256e+00
   8.3472021e+00
   8.3791418e+00
   8.3793377e+00
   8.4078362e+00
   8.4176487e+00
   8.4310513e+00
   8.4483451e+00
   8.4868307e+00
   8.5575861e+00
   8.5883101e+00
   8.6332055e+00
   8.6343974e+00
   8.6370955e+00
   8.6372164e+00
   8.6372249e+00
   8.6529503e+00
   8.6623201e+00
   8.6761140e+00
   8.6820675e+00
   8.6824023e+00
   8.6927042e+00
   8.6949369e+00
   8.7071081e+00
   8.7111484e+00
   8.7127491e+00
   8.7132303e+00
   8.7176362e+00
   8.7208571e+00
   8.7257885e+00
   8.7259502e+00
   8.7368953e+00
   8.7408024e+00
   8.7412408e+00
   8.7414495e+00
   8.7514670e+00
   8.7688783e+00
   8.7701886e+00
   8.7720135e+00
   8.7732054e+00
   8.7732235e+00
   8.8086745e+00
   8.8665872e+00
   8.8668314e+00
   8.8683091e+00
   8.8739804e+00
   8.8750254e+00
   8.8891812e+00
   8.9681087e+00
   8.9681123e+00
   9.0133488e+00
   9.0137243e+00
   9.0209313e+00
   9.0225680e+00
   9.0292641e+00
   9.0295078e+00
   9.0297979e+00
   9.0444575e+00
   9.1876912e+00
   9.2517573e+00
   9.2526534e+00
   9.2581388e+00
   9.2652210e+00
   9.2681655e+00
   9.2825719e+00
   9.3291197e+00
   9.3297761e+00
   9.3564854e+00
   9.3803496e+00
   9.3951526e+00
   9.4030911e+00
   9.4203726e+00
   9.4212737e+00
   9.4239850e+00
   9.4298619e+00
   9.4300382e+00
   9.4962882e+00
   9.5204638e+00
   9.5205756e+00
   9.5258826e+00
   9.5660402e+00
   9.6427799e+00
   9.6841599e+00
   9.7092549e+00
   9.7178572e+00
   9.7186786e+00
   9.7252574e+00
   9.7418621e+00
   9.7582701e+00
   9.7658930e+00
   9.7816739e+00
   9.7861861e+00
   9.7873211e+00
   9.8005731e+00
   9.8180785e+00
   9.8219470e+00
   9.8260497e+00
   9.8276030e+00
   9.8509512e+00
   9.8740410e+00
   9.8741147e+00
   9.8949903e+00
   9.9882089e+00
   1.0023173e+01
   1.0023526e+01
   1.0023531e+01
   1.0053775e+01
   1.0098337e+01
   1.0140290e+01
   1.0227593e+01
   1.0293798e+01
   1.0396006e+01
   1.0401247e+01
   1.0423887e+01
   1.0424157e+01
   1.0487810e+01
   1.0502540e+01
   1.0522969e+01
   1.0527445e+01
   1.0527536e+01
   1.0532896e+01
   1.0538408e+01
   1.0554156e+01
   1.0554568e+01
   1.0603908e+01
   1.0619412e+01
   1.0638877e+01
   1.0686830e+01
   1.0687401e+01
   1.0693522e+01
   1.0700275e+01
   1.0701696e+01
   1.0703351e+01
   1.0704787e+01
   1.0705446e+01
   1.0710300e+01
   1.0710383e+01
   1.0733416e+01
   1.0749428e+01
   1.0749618e+01
   1.0750020e+01
   1.0753634e+01
   1.0765089e+01
   1.0768618e+01
   1.0770488e+01
   1.0771093e+01
   1.0787346e+01
   1.0787384e+01
   1.0787387e+01
   1.0789832e+01
   1.0791196e+01
   1.0802248e+01
   1.0810181e+01
   1.0817188e+01
   1.0818715e+01
   1.0820257e+01
   1.0822982e+01
   1.0851282e+01
   1.0864331e+01
   1.0934295e+01
   1.0970451e+01
   1.0988829e+01
   1.0994165e+01
   1.1003365e+01
   1.1009567e+01
   1.1017311e+01
   1.1075962e+01
   1.1132889e+01
   1.1259452e+01
   1.1338567e+01
   1.1342939e+01
   1.1358929e+01
   1.1362420e+01
   1.1363619e+01
   1.1366641e+01
   1.1401454e+01
   1.1409429e+01
   1.1409657e+01
   1.1415987e+01
   1.1433828e+01
   1.1442816e+01
   1.1580383e+01
   1.1603190e+01
   1.1607727e+01
   1.1609185e+01
   1.1624624e+01
   1.1635107e+01
   1.1644641e+01
   1.1654593e+01
   1.1707799e+01
   1.1723810e+01
   1.1738326e+01
   1.1746414e+01
   1.1764118e+01
   1.1844609e+01
   1.1887179e+01
   1.1924767e+01
   1.1954938e+01
   1.1959120e+01
   1.1959340e+01
   1.1965578e+01
   1.1966497e+01
   1.1976422e+01
   1.1976900e+01
   1.1981664e+01
   1.1985587e+01
   1.2016987e+01
   1.2024368e+01
   1.2029587e+01
   1.2031734e+01
   1.2032106e+01
   1.2036191e+01
   1.2041671e+01
   1.2061270e+01
   1.2068072e+01
   1.2077564e+01
   1.2078599e+01
   1.2099253e+01
   1.2099602e+01
   1.2114359e+01
   1.2114760e+01
   1.2132390e+01
   1.2133433e+01
   1.2146060e+01
   1.2158911e+01
   1.2165158e+01
   1.2165255e+01
   1.2177139e+01
   1.2198487e+01
   1.2223940e+01
   1.2226562e+01
   1.2266796e+01
   1.2275136e+01
   1.2383026e+01
   1.2554762e+01
   1.2566515e+01
   1.2569611e+01
   1.2586381e+01
   1.2615663e+01
   1.2617059e+01
   1.2623386e+01
   1.2624750e+01
   1.2757445e+01
   1.2797527e+01
   1.2805113e+01
   1.2807656e+01
   1.2821400e+01
   1.2828491e+01
   1.2828497e+01
   1.2828503e+01
   1.2838576e+01
   1.2841883e+01
   1.2889467e+01
   1.2890131e+01
   1.2892035e+01
   1.2894165e+01
   1.2905856e+01
   1.2907098e+01
   1.2908540e+01
   1.2922121e+01
   1.2943725e+01
   1.2964910e+01
   1.2988125e+01
   1.2996321e+01
   1.2996647e+01
   1.3025037e+01
   1.3042725e+01
   1.3049588e+01
   1.3056799e+01
   1.3064014e+01
   1.3092012e+01
   1.3126065e+01
   1.3185233e+01
   1.3190636e+01
   1.3192551e+01
   1.3194774e+01
   1.3196854e+01
   1.3208057e+01
   1.3240557e+01
   1.3242271e+01
   1.3307863e+01
   1.3376653e+01
   1.3421146e+01
   1.3474798e+01
   1.3475296e+01
   1.3483283e+01
   1.3491100e+01
   1.3528117e+01
   1.3555678e+01
   1.3555678e+01
   1.3566411e+01
   1.3567335e+01
   1.3601395e+01
   1.3607987e+01
   1.3619446e+01
   1.3628897e+01
   1.3628908e+01
   1.3657864e+01
   1.3678135e+01
   1.3683862e+01
   1.3685301e+01
   1.3697468e+01
   1.3774917e+01
   1.3799718e+01
   1.3802260e+01
   1.3825062e+01
   1.3833208e+01
   1.3878068e+01
   1.3938654e+01
   1.3938940e+01
   1.3943204e+01
   1.3986563e+01
   1.4026076e+01
   1.4026091e+01
   1.4070662e+01
   1.4073456e+01
   1.4088156e+01
   1.4107514e+01
   1.4114812e+01
   1.4114812e+01
   1.4137838e+01
   1.4145784e+01
   1.4166828e+01
   1.4166860e+01
   1.4167272e+01
   1.4195974e+01
   1.4198874e+01
   1.4267481e+01
   1.4268159e+01
   1.4271312e+01
   1.4281631e+01
   1.4281859e+01
   1.4314535e+01
   1.4320707e+01
   1.4320956e+01
   1.4320989e+01
   1.4321023e+01
   1.4321163e+01
   1.4321414e+01
   1.4438031e+01
   1.4523773e+01
   1.4523903e+01
   1.4524057e+01
   1.4526415e+01
   1.4528039e+01
   1.4545354e+01
   1.4547455e+01
   1.4564808e+01
   1.4564853e+01
   1.4582975e+01
   1.4583449e+01
   1.4601995e+01
   1.4602113e+01
   1.4639491e+01
   1.4641167e+01
   1.4655727e+01
   1.4664481e+01
   1.4706261e+01
   1.4709084e+01
   1.4738051e+01
   1.4739006e+01
   1.4743055e+01
   1.4743768e+01
   1.4762005e+01
   1.4767468e+01
   1.4773532e+01
   1.4794144e+01
   1.4812613e+01
   1.4813855e+01
   1.4813857e+01
   1.4842320e+01
   1.4852498e+01
   1.4852512e+01
   1.4854226e+01
   1.4857578e+01
   1.4858599e+01
   1.4859752e+01
   1.4874491e+01
   1.4884638e+01
   1.4899330e+01
   1.4899646e+01
   1.4946093e+01
   1.4950130e+01
   1.4954129e+01
   1.4992050e+01
   1.4999878e+01
   1.5041871e+01
   1.5108608e+01
   1.5130412e+01
   1.5135070e+01
   1.5142929e+01
   1.5159602e+01
   1.5161417e+01
   1.5167913e+01
   1.5168507e+01
   1.5196790e+01
   1.5202448e+01
   1.5219398e+01
   1.5226857e+01
   1.5328542e+01
   1.5365811e+01
   1.5370382e+01
   1.5373815e+01
   1.5382818e+01
   1.5404037e+01
   1.5476923e+01
   1.5498077e+01
   1.5498095e+01
   1.5515732e+01
   1.5518436e+01
   1.5519264e+01
   1.5534592e+01
   1.5542503e+01
   1.5560930e+01
   1.5562270e+01
   1.5571837e+01
   1.5587034e+01
   1.5655354e+01
   1.5686263e+01
   1.5693907e+01
   1.5702096e+01
   1.5711292e+01
   1.5741187e+01
   1.5761053e+01
   1.5762644e+01
   1.5762665e+01
   1.5762851e+01
   1.5762889e+01
   1.5763220e+01
   1.5763269e+01
   1.5782649e+01
   1.5802816e+01
   1.5807509e+01
   1.5814797e+01
   1.5839385e+01
   1.5924328e+01
   1.5927819e+01
   1.5960496e+01
   1.6016878e+01
   1.6021427e+01
   1.6021627e+01
   1.6089560e+01
   1.6092263e+01
   1.6105469e+01
   1.6105865e+01
   1.6124818e+01
   1.6168808e+01
   1.6192798e+01
   1.6199883e+01
   1.6203421e+01
   1.6208492e+01
   1.6217354e+01
   1.6283363e+01
   1.6286361e+01
   1.6288556e+01
   1.6294086e+01
   1.6303022e+01
   1.6305786e+01
   1.6319691e+01
   1.6363628e+01
   1.6394279e+01
   1.6395009e+01
   1.6395183e+01
   1.6396323e+01
   1.6398875e+01
   1.6407623e+01
   1.6449261e+01
   1.6449299e+01
   1.6450058e+01
   1.6457298e+01
   1.6470775e+01
   1.6481585e+01
   1.6481586e+01
   1.6483292e+01
   1.6484597e+01
   1.6495921e+01
   1.6502224e+01
   1.6503513e+01
   1.6504032e+01
   1.6538646e+01
   1.6547320e+01
   1.6550241e+01
   1.6550498e+01
   1.6577433e+01
   1.6597410e+01
   1.6636532e+01
   1.6698357e+01
   1.6698764e+01
   1.6699651e+01
   1.6709074e+01
   1.6709090e+01
   1.6732535e+01
   1.6745801e+01
   1.6772387e+01
   1.6808049e+01
   1.6808720e+01
   1.6820492e+01
   1.6831741e+01
   1.6842456e+01
   1.6884935e+01
   1.6899843e+01
   1.6934892e+01
   1.6935186e+01
   1.6964707e+01
   1.7032080e+01
   1.7041412e+01
   1.7041418e+01
   1.7041802e+01
   1.7045948e+01
   1.7047990e+01
   1.7048198e+01
   1.7063524e+01
   1.7085932e+01
   1.7122688e+01
   1.7147500e+01
   1.7150160e+01
   1.7159583e+01
   1.7169376e+01
   1.7171790e+01
   1.7252623e+01
   1.7252837e+01
   1.7262438e+01
