   3.2676620e-03
   1.3070341e+00
   1.4673833e+00
   1.5925938e+00
   1.6507651e+00
   1.7466071e+00
   1.7806024e+00
   1.8181186e+00
   1.8565849e+00
   1.8937571e+00
   1.9302731e+00
   1.9715064e+00
   2.0022761e+00
   2.0297535e+00
   2.0578447e+00
   2.0875118e+00
   2.1169729e+00
   2.1455506e+00
   2.1744407e+00
   2.2054647e+00
   2.2373549e+00
   2.2710773e+00
   2.3046617e+00
   2.3326767e+00
   2.3612818e+00
   2.3874570e+00
   2.4148549e+00
   2.4415697e+00
   2.4706557e+00
   2.5031488e+00
   2.5339456e+00
   2.5742352e+00
   2.6049556e+00
   2.6295276e+00
   2.6615020e+00
   2.6962443e+00
   2.7361621e+00
   2.7649343e+00
   2.7946950e+00
   2.8255614e+00
   2.8506399e+00
   2.8774106e+00
   2.9040582e+00
   2.9308224e+00
   2.9551666e+00
   2.9824198e+00
   3.0067686e+00
   3.0350695e+00
   3.0604404e+00
   3.0858953e+00
   3.1064712e+00
   3.1341039e+00
   3.1579722e+00
   3.1864592e+00
   3.2194930e+00
   3.2518461e+00
   3.2724679e+00
   3.3056957e+00
   3.3255665e+00
   3.3506805e+00
   3.3862983e+00
   3.4071434e+00
   3.4343270e+00
   3.4603135e+00
   3.4874689e+00
   3.5137139e+00
   3.5369460e+00
   3.5625262e+00
   3.5851110e+00
   3.6107731e+00
   3.6312377e+00
   3.6558066e+00
   3.6871609e+00
   3.7137027e+00
   3.7392496e+00
   3.7663842e+00
   3.7906722e+00
   3.8185786e+00
   3.8526342e+00
   3.8774193e+00
   3.9035570e+00
   3.9384769e+00
   3.9652367e+00
   3.9943214e+00
   4.0150681e+00
   4.0481993e+00
   4.0816427e+00
   4.1005351e+00
   4.1246103e+00
   4.1540743e+00
   4.1796714e+00
   4.1993522e+00
   4.2235895e+00
   4.2510243e+00
   4.2769942e+00
   4.3122253e+00
   4.3382185e+00
   4.3693422e+00
   4.3954228e+00
   4.4148543e+00
   4.4371605e+00
   4.4640697e+00
   4.4898288e+00
   4.5098248e+00
   4.5349256e+00
   4.5692868e+00
   4.5936929e+00
   4.6189751e+00
   4.6530522e+00
   4.6879668e+00
   4.7074390e+00
   4.7367870e+00
   4.7617395e+00
   4.7871343e+00
   4.8218971e+00
   4.8563544e+00
   4.8831505e+00
   4.9100126e+00
   4.9439695e+00
   4.9618768e+00
   4.9876089e+00
   5.0216061e+00
   5.0566038e+00
   5.0832935e+00
   5.1040932e+00
   5.1354728e+00
   5.1588605e+00
   5.1849482e+00
   5.2096520e+00
   5.2358882e+00
   5.2600594e+00
   5.2862936e+00
   5.3129138e+00
   5.3364827e+00
   5.3552404e+00
   5.3825092e+00
   5.4094889e+00
   5.4373117e+00
   5.4716794e+00
   5.4958815e+00
   5.5215258e+00
   5.5456784e+00
   5.5732147e+00
   5.6033007e+00
   5.6276788e+00
   5.6552906e+00
   5.6781965e+00
   5.7078396e+00
   5.7285298e+00
   5.7507730e+00
   5.7742808e+00
   5.7992742e+00
   5.8336910e+00
   5.8647596e+00
   5.8894760e+00
   5.9153282e+00
   5.9398568e+00
   5.9640054e+00
   5.9908963e+00
   6.0166816e+00
   6.0428533e+00
   6.0785513e+00
   6.1042158e+00
   6.1413263e+00
   6.1668914e+00
   6.1951920e+00
   6.2253962e+00
   6.2541948e+00
   6.2812357e+00
   6.3055656e+00
   6.3329297e+00
   6.3619452e+00
   6.3966225e+00
   6.4235518e+00
   6.4600574e+00
   6.4951638e+00
   6.5404859e+00
   6.5689242e+00
   6.5963776e+00
   6.6144961e+00
   6.6428392e+00
   6.6763594e+00
   6.6965435e+00
   6.7233359e+00
   6.7404665e+00
   6.7872422e+00
   6.8217029e+00
   6.8495857e+00
   6.8823738e+00
   6.9124366e+00
   7.3478621e+00
   7.3781447e+00
   7.4158329e+00
   7.4565680e+00
   7.4845393e+00
   7.5094988e+00
   7.5342625e+00
   7.5599821e+00
   7.5908157e+00
   7.6087616e+00
   7.6367722e+00
   7.6719463e+00
   7.7001060e+00
   7.7281991e+00
   7.7577176e+00
   7.7849193e+00
   7.8100039e+00
   7.8351192e+00
   7.8639756e+00
   7.8908057e+00
   7.9189672e+00
   7.9472537e+00
   7.9750251e+00
   8.0094038e+00
   8.0379438e+00
   8.0655217e+00
   8.1015773e+00
   8.1385195e+00
   8.1761089e+00
   8.2122435e+00
   8.2453901e+00
   8.2865790e+00
   8.3223894e+00
   8.3548805e+00
   8.3860082e+00
   8.4144047e+00
   8.4446021e+00
   8.4824757e+00
   8.5066450e+00
   8.5503630e+00
   8.5819874e+00
   8.6157596e+00
   8.6455749e+00
   8.6719202e+00
   8.6957848e+00
   8.7207111e+00
   8.7505115e+00
   8.7784853e+00
   8.8037449e+00
   8.8332888e+00
   8.8644094e+00
   8.8940320e+00
   8.9196362e+00
   8.9460696e+00
   8.9709612e+00
   8.9965983e+00
   9.0200110e+00
   9.0465868e+00
   9.0722418e+00
   9.0995635e+00
   9.1263260e+00
   9.1543817e+00
   9.1833564e+00
   9.2200328e+00
   9.2459967e+00
   9.2733967e+00
   9.3001731e+00
   9.3311747e+00
   9.3679493e+00
   9.4028266e+00
   9.4311256e+00
   9.4632910e+00
   9.5005160e+00
   9.5294834e+00
   9.5520663e+00
   9.5919929e+00
   9.6197711e+00
   9.6496015e+00
   9.6779903e+00
   9.7053182e+00
   9.7339207e+00
   9.7626314e+00
   9.7968536e+00
   9.8213332e+00
   9.8492627e+00
   9.8863103e+00
   9.9160570e+00
   9.9437818e+00
   9.9687410e+00
   1.0000667e+01
   1.0024482e+01
   1.0059192e+01
   1.0090163e+01
   1.0112170e+01
   1.0148828e+01
   1.0173113e+01
   1.0199951e+01
   1.0219007e+01
   1.0250787e+01
   1.0273494e+01
   1.0300483e+01
   1.0325048e+01
   1.0349881e+01
   1.0373589e+01
   1.0408479e+01
   1.0433601e+01
   1.0457515e+01
   1.0483933e+01
   1.0514834e+01
   1.0541104e+01
   1.0561641e+01
   1.0587375e+01
   1.0622798e+01
   1.0658726e+01
   1.0688318e+01
   1.0716783e+01
   1.0743097e+01
   1.0771423e+01
   1.0800282e+01
   1.0826801e+01
   1.0855068e+01
   1.0882071e+01
   1.0917315e+01
   1.0945545e+01
   1.0979929e+01
   1.1007387e+01
   1.1043853e+01
   1.1072402e+01
   1.1099349e+01
   1.1126233e+01
   1.1154683e+01
   1.1181714e+01
   1.1208126e+01
   1.1235720e+01
   1.1259745e+01
   1.1284586e+01
   1.1300611e+01
   1.1339849e+01
   1.1365817e+01
   1.1391776e+01
   1.1420152e+01
   1.1455186e+01
   1.1489198e+01
   1.1527655e+01
   1.1555802e+01
   1.1574321e+01
   1.1609376e+01
   1.1645285e+01
   1.1675542e+01
   1.1706103e+01
   1.1735184e+01
   1.1760981e+01
   1.1788624e+01
   1.1816753e+01
   1.1845407e+01
   1.1875767e+01
   1.1911003e+01
   1.1937095e+01
   1.1965129e+01
   1.2007530e+01
   1.2034633e+01
   1.2059566e+01
   1.2090634e+01
   1.2125172e+01
   1.2151307e+01
   1.2176305e+01
   1.2203162e+01
   1.2220946e+01
   1.2247946e+01
   1.2273606e+01
   1.2297726e+01
   1.2321052e+01
   1.2344416e+01
   1.2370820e+01
   1.2397056e+01
   1.2420666e+01
   1.2446277e+01
   1.2471638e+01
   1.2496401e+01
   1.2522694e+01
   1.2547307e+01
   1.2574023e+01
   1.2600496e+01
   1.2628959e+01
   1.2657902e+01
   1.2684006e+01
   1.2709848e+01
   1.2736559e+01
   1.2751299e+01
   1.2788668e+01
   1.2813019e+01
   1.2840780e+01
   1.2872138e+01
   1.2895825e+01
   1.2922805e+01
   1.2935752e+01
   1.2961208e+01
   1.2987385e+01
   1.3003532e+01
   1.3025052e+01
   1.3055683e+01
   1.3094649e+01
   1.3121826e+01
   1.3140475e+01
   1.3167135e+01
   1.3192860e+01
   1.3217635e+01
   1.3245334e+01
   1.3274991e+01
   1.3297572e+01
   1.3325414e+01
   1.3349223e+01
   1.3376732e+01
   1.3405073e+01
   1.3437266e+01
   1.3463268e+01
   1.3491100e+01
   1.3518646e+01
   1.3544016e+01
   1.3572324e+01
   1.3596089e+01
   1.3624538e+01
   1.3648370e+01
   1.3676410e+01
   1.3701040e+01
   1.3727635e+01
   1.3744505e+01
   1.3774319e+01
   1.3799874e+01
   1.3826160e+01
   1.3851437e+01
   1.3878838e+01
   1.3903033e+01
   1.3926537e+01
   1.3950382e+01
   1.3976527e+01
   1.4001108e+01
   1.4027077e+01
   1.4058608e+01
   1.4082135e+01
   1.4109671e+01
   1.4136217e+01
   1.4162490e+01
   1.4186360e+01
   1.4218683e+01
   1.4246369e+01
   1.4271167e+01
   1.4302233e+01
   1.4328519e+01
   1.4354745e+01
   1.4381169e+01
   1.4410035e+01
   1.4433605e+01
   1.4462783e+01
   1.4488756e+01
   1.4515597e+01
   1.4549206e+01
   1.4568591e+01
   1.4603396e+01
   1.4633914e+01
   1.4666398e+01
   1.4693754e+01
   1.4722018e+01
   1.4753642e+01
   1.4784884e+01
   1.4817093e+01
   1.4848579e+01
   1.4875314e+01
   1.4906899e+01
   1.4934924e+01
   1.4963881e+01
   1.4991247e+01
   1.5008620e+01
   1.5041814e+01
   1.5066514e+01
   1.5095125e+01
   1.5128827e+01
   1.5163446e+01
   1.5188670e+01
   1.5215976e+01
   1.5241782e+01
   1.5257173e+01
   1.5286066e+01
   1.5312271e+01
   1.5336136e+01
   1.5369661e+01
   1.5395091e+01
   1.5419263e+01
   1.5446751e+01
   1.5471621e+01
   1.5496984e+01
   1.5521310e+01
   1.5548532e+01
   1.5574309e+01
   1.5599044e+01
   1.5624419e+01
   1.5649390e+01
   1.5673049e+01
   1.5688207e+01
   1.5716580e+01
   1.5745487e+01
   1.5761671e+01
   1.5789384e+01
   1.5815899e+01
   1.5843260e+01
   1.5868919e+01
   1.5904140e+01
   1.5932396e+01
   1.5945701e+01
   1.5992213e+01
   1.6022239e+01
   1.6053599e+01
   1.6080264e+01
   1.6108671e+01
   1.6139617e+01
   1.6189191e+01
   1.6217416e+01
   1.6262863e+01
   1.6289672e+01
   1.6321259e+01
   1.6358497e+01
   1.6401762e+01
   1.6435452e+01
   1.6482828e+01
   1.6518016e+01
   1.6544156e+01
   1.6590434e+01
   1.6622762e+01
   1.6655147e+01
   1.6699387e+01
   1.6735756e+01
   1.6766117e+01
   1.6800590e+01
   1.6835328e+01
   1.6852223e+01
   1.6890659e+01
   1.6923034e+01
   1.6958050e+01
   1.6992071e+01
   1.7026923e+01
   1.7057684e+01
   1.7125056e+01
   1.7161138e+01
   1.7214728e+01
   1.7275248e+01
   1.7320843e+01
   1.7354518e+01
   1.7398120e+01
   1.7437970e+01
   1.7473469e+01
   1.7488124e+01
   1.7528045e+01
   1.7573831e+01
   1.7607597e+01
   1.7641645e+01
   1.7679431e+01
   1.7715233e+01
   1.7749118e+01
   1.7780685e+01
   1.7800617e+01
   1.7838672e+01
   1.7871784e+01
   1.7913256e+01
   1.7946080e+01
   1.7979179e+01
   1.8010433e+01
   1.8037133e+01
   1.8078225e+01
   1.8111129e+01
   1.8145195e+01
   1.8177490e+01
   1.8208566e+01
   1.8242523e+01
   1.8266995e+01
   1.8299142e+01
   1.8320813e+01
   1.8360909e+01
   1.8383324e+01
   1.8424949e+01
   1.8448963e+01
   1.8481398e+01
   1.8519108e+01
   1.8554027e+01
   1.8585382e+01
   1.8616362e+01
   1.8646140e+01
   1.8687425e+01
   1.8716851e+01
   1.8745924e+01
   1.8782185e+01
   1.8815295e+01
   1.8847281e+01
   1.8877062e+01
   1.8905360e+01
   1.8933295e+01
   1.8959817e+01
   1.8998388e+01
   1.9027106e+01
   1.9056722e+01
   1.9086626e+01
   1.9112426e+01
   1.9142820e+01
   1.9170815e+01
   1.9200191e+01
   1.9227456e+01
   1.9258818e+01
   1.9289673e+01
   1.9328367e+01
   1.9361915e+01
   1.9390928e+01
   1.9416855e+01
   1.9452557e+01
   1.9484452e+01
   1.9522593e+01
   1.9538884e+01
   1.9573814e+01
   1.9599524e+01
   1.9627518e+01
   1.9657813e+01
   1.9683248e+01
   1.9716012e+01
   1.9743459e+01
   1.9776113e+01
   1.9801946e+01
   1.9833373e+01
   1.9863517e+01
   1.9881729e+01
   1.9918191e+01
   1.9945715e+01
   1.9973943e+01
   1.9999697e+01
   2.0026557e+01
   2.0043099e+01
   2.0071069e+01
   2.0101456e+01
   2.0130177e+01
   2.0161625e+01
   2.0190893e+01
   2.0219820e+01
   2.0249711e+01
   2.0279412e+01
   2.0307275e+01
   2.0334856e+01
   2.0363019e+01
   2.0389491e+01
   2.0421231e+01
   2.0452695e+01
   2.0485511e+01
   2.0525169e+01
   2.0559062e+01
   2.0592175e+01
   2.0619375e+01
   2.0650645e+01
   2.0678865e+01
   2.0706422e+01
   2.0733368e+01
   2.0764228e+01
   2.0793785e+01
   2.0826427e+01
   2.0854029e+01
   2.0883123e+01
   2.0917040e+01
   2.0932762e+01
   2.0965051e+01
   2.0992973e+01
   2.1018963e+01
   2.1046133e+01
   2.1072551e+01
   2.1098381e+01
   2.1128015e+01
   2.1155437e+01
   2.1179141e+01
   2.1207524e+01
   2.1233237e+01
   2.1259729e+01
   2.1285086e+01
   2.1312937e+01
   2.1338976e+01
   2.1364985e+01
   2.1389698e+01
   2.1416937e+01
   2.1440169e+01
   2.1466481e+01
   2.1492737e+01
   2.1519979e+01
   2.1554753e+01
   2.1585941e+01
   2.1622783e+01
   2.1658665e+01
   2.1684905e+01
   2.1711900e+01
   2.1737283e+01
   2.1762427e+01
   2.1794989e+01
   2.1819628e+01
   2.1845827e+01
   2.1870549e+01
   2.1896561e+01
   2.1928568e+01
   2.1951321e+01
   2.1978127e+01
   2.2009783e+01
   2.2035863e+01
   2.2064079e+01
   2.2093988e+01
   2.2119692e+01
   2.2147646e+01
   2.2173550e+01
   2.2201636e+01
   2.2231136e+01
   2.2259776e+01
   2.2287388e+01
   2.2317547e+01
   2.2346992e+01
   2.2386017e+01
   2.2420345e+01
   2.2450126e+01
   2.2464582e+01
   2.2497251e+01
   2.2522793e+01
   2.2550339e+01
   2.2564921e+01
   2.2592816e+01
   2.2628221e+01
   2.2675725e+01
   2.2705838e+01
   2.2740426e+01
   2.2774837e+01
   2.2802582e+01
   2.2824715e+01
   2.2859425e+01
   2.2887621e+01
   2.2918150e+01
   2.2945484e+01
   2.2976647e+01
   2.3003135e+01
   2.3044408e+01
   2.3069284e+01
   2.3101197e+01
   2.3130518e+01
   2.3156112e+01
   2.3186805e+01
   2.3216505e+01
   2.3252004e+01
   2.3279879e+01
   2.3307128e+01
   2.3336419e+01
   2.3362354e+01
   2.3396305e+01
   2.3424596e+01
   2.3448883e+01
   2.3475995e+01
   2.3503924e+01
   2.3532634e+01
   2.3559987e+01
   2.3585882e+01
   2.3601891e+01
   2.3631139e+01
   2.3658637e+01
   2.3675607e+01
   2.3710337e+01
   2.3739800e+01
   2.3758780e+01
   2.3793231e+01
   2.3819400e+01
   2.3854281e+01
   2.3881287e+01
   2.3907646e+01
   2.3933979e+01
   2.3958722e+01
   2.3987230e+01
   2.4011714e+01
   2.4038370e+01
   2.4066073e+01
   2.4091551e+01
   2.4119236e+01
   2.4147469e+01
   2.4166103e+01
   2.4185506e+01
   2.4215498e+01
   2.4241918e+01
   2.4269046e+01
   2.4297690e+01
   2.4322818e+01
   2.4355436e+01
   2.4377923e+01
   2.4404619e+01
   2.4436899e+01
   2.4460507e+01
   2.4487672e+01
   2.4513131e+01
   2.4539770e+01
   2.4570388e+01
   2.4597287e+01
   2.4624369e+01
   2.4648896e+01
   2.4674933e+01
   2.4703748e+01
   2.4719405e+01
   2.4749863e+01
   2.4776172e+01
   2.4805190e+01
   2.4831130e+01
   2.4857231e+01
   2.4885051e+01
   2.4905754e+01
   2.4931884e+01
   2.4963896e+01
   2.4994933e+01
   2.5019638e+01
   2.5044349e+01
   2.5071968e+01
   2.5098321e+01
   2.5122763e+01
   2.5148226e+01
   2.5176303e+01
   2.5203538e+01
   2.5228070e+01
   2.5262815e+01
   2.5286267e+01
   2.5312741e+01
   2.5339110e+01
   2.5370177e+01
   2.5392405e+01
   2.5416826e+01
   2.5436722e+01
   2.5469751e+01
   2.5493282e+01
   2.5521684e+01
   2.5550869e+01
   2.5575986e+01
   2.5628977e+01
   2.5657879e+01
   2.5687693e+01
   2.5709885e+01
   2.5746055e+01
   2.5775004e+01
   2.5801660e+01
   2.5827091e+01
   2.5854896e+01
   2.5882148e+01
   2.5909974e+01
   2.5936487e+01
   2.5965626e+01
   2.5993089e+01
   2.6018344e+01
   2.6044774e+01
   2.6069428e+01
   2.6103013e+01
   2.6132063e+01
   2.6161749e+01
   2.6191775e+01
   2.6210029e+01
   2.6236086e+01
   2.6253266e+01
   2.6280259e+01
   2.6297623e+01
   2.6333612e+01
   2.6364429e+01
   2.6390072e+01
   2.6414069e+01
   2.6439341e+01
   2.6468388e+01
   2.6494085e+01
   2.6517757e+01
   2.6553099e+01
   2.6579387e+01
   2.6614056e+01
   2.6641955e+01
   2.6670159e+01
   2.6698352e+01
   2.6719979e+01
   2.6747387e+01
   2.6762981e+01
   2.6786487e+01
   2.6814478e+01
   2.6842488e+01
   2.6856742e+01
   2.6887109e+01
   2.6912678e+01
   2.6928174e+01
   2.6964907e+01
   2.6992449e+01
   2.7026067e+01
   2.7055884e+01
   2.7089750e+01
   2.7119235e+01
   2.7133006e+01
   2.7163711e+01
   2.7197713e+01
   2.7231634e+01
   2.7252676e+01
   2.7280806e+01
   2.7303833e+01
   2.7329564e+01
   2.7352574e+01
   2.7378192e+01
   2.7402868e+01
   2.7429936e+01
   2.7453911e+01
   2.7480616e+01
   2.7504233e+01
   2.7528130e+01
   2.7555291e+01
   2.7581694e+01
   2.7606682e+01
   2.7630775e+01
   2.7654000e+01
   2.7679728e+01
   2.7701497e+01
   2.7725553e+01
   2.7750463e+01
   2.7777847e+01
   2.7800810e+01
   2.7824775e+01
   2.7847370e+01
   2.7870954e+01
   2.7904444e+01
   2.7926303e+01
   2.7951655e+01
   2.7977241e+01
   2.8002980e+01
   2.8027978e+01
   2.8051000e+01
   2.8074406e+01
   2.8102689e+01
   2.8132462e+01
   2.8162383e+01
   2.8188404e+01
   2.8216917e+01
   2.8243956e+01
   2.8269941e+01
   2.8305067e+01
   2.8328964e+01
   2.8356066e+01
   2.8382787e+01
   2.8407491e+01
   2.8431787e+01
   2.8455103e+01
   2.8479739e+01
   2.8504121e+01
   2.8528936e+01
   2.8553962e+01
   2.8571416e+01
   2.8598978e+01
   2.8624086e+01
   2.8649137e+01
   2.8673893e+01
   2.8701663e+01
   2.8726782e+01
   2.8751356e+01
   2.8772813e+01
   2.8804034e+01
   2.8826435e+01
   2.8849927e+01
   2.8873233e+01
   2.8897344e+01
   2.8919725e+01
   2.8948766e+01
   2.8972806e+01
   2.9002465e+01
   2.9033854e+01
   2.9051405e+01
   2.9079380e+01
   2.9104576e+01
   2.9129676e+01
   2.9153231e+01
   2.9179147e+01
   2.9205194e+01
   2.9221182e+01
   2.9249822e+01
   2.9278680e+01
   2.9302417e+01
   2.9325926e+01
   2.9350454e+01
   2.9375259e+01
   2.9402513e+01
   2.9426964e+01
   2.9456488e+01
   2.9485429e+01
   2.9511886e+01
   2.9543783e+01
   2.9586513e+01
   2.9609633e+01
   2.9639474e+01
   2.9664292e+01
   2.9688113e+01
   2.9710861e+01
   2.9734545e+01
   2.9758461e+01
   2.9784932e+01
   2.9815553e+01
   2.9840619e+01
   2.9866750e+01
   2.9894500e+01
   2.9916201e+01
   2.9947336e+01
   2.9972819e+01
   3.0006078e+01
   3.0028963e+01
   3.0055901e+01
   3.0081155e+01
   3.0108123e+01
   3.0133495e+01
   3.0157421e+01
   3.0177077e+01
   3.0204449e+01
   3.0231656e+01
   3.0262299e+01
   3.0292668e+01
