   0.0000000e+00
   9.8531233e-05
   1.8337822e-04
   1.8337822e-04
   2.3799470e-04
   2.8027482e-04
   2.9355164e-04
   3.0287441e-04
   3.3718085e-04
   3.5300766e-04
   3.9403910e-04
   4.0472390e-04
   5.2188200e-04
   5.8059491e-04
   6.4498757e-04
   6.5543254e-04
   7.3161830e-04
   8.6798604e-04
   8.6798604e-04
   8.8172328e-04
   8.9562919e-04
   9.1831136e-04
   1.1131871e-03
   1.2915966e-03
   1.2915966e-03
   1.4997425e-03
   1.5157549e-03
   1.5157549e-03
   1.7021701e-03
   1.7170332e-03
   1.7170332e-03
   1.7704816e-03
   1.7801670e-03
   1.8498574e-03
   1.8639725e-03
   1.9277313e-03
   1.9443452e-03
   2.0147161e-03
   2.0635696e-03
   2.1226711e-03
   2.1947850e-03
   6.6301343e-03
   6.7576079e-03
   6.7576079e-03
   6.7668890e-03
   6.8220085e-03
   6.8220085e-03
   6.8350703e-03
   7.1397011e-03
   7.1511193e-03
   7.2391162e-03
   7.2505996e-03
   7.2808459e-03
   7.3713371e-03
   7.3800250e-03
   7.4037954e-03
   7.4140947e-03
   7.4140947e-03
   7.4462604e-03
   7.5000098e-03
   7.5257029e-03
   7.6810086e-03
   7.7104027e-03
   7.7104027e-03
   7.8438844e-03
   7.9335915e-03
   7.9517161e-03
   7.9912577e-03
   8.1489430e-03
   8.1489430e-03
   8.1625372e-03
   8.2375905e-03
   8.2547118e-03
   8.3147069e-03
   8.3662785e-03
   8.4026191e-03
   8.4536392e-03
   8.4706417e-03
   8.4706417e-03
   8.6553123e-03
   8.7682420e-03
   9.0078800e-03
   9.0554418e-03
   9.0730998e-03
   9.1129206e-03
   9.1341866e-03
   9.1341866e-03
   9.1341866e-03
   9.1341866e-03
   9.1485524e-03
   9.1780087e-03
   9.2108813e-03
   9.2220838e-03
   9.2345558e-03
   9.3045763e-03
   1.2401774e-02
   1.2449301e-02
   1.2509838e-02
   1.2549405e-02
   1.2549405e-02
   1.2560469e-02
   1.2576741e-02
   1.2592898e-02
   1.2603281e-02
   1.2618917e-02
   1.2683560e-02
   1.2860419e-02
   1.2874018e-02
   1.2874018e-02
   1.2874018e-02
   1.2919140e-02
   1.2919140e-02
   1.2932801e-02
   1.2943452e-02
   1.2957971e-02
   1.3491956e-02
   1.4120096e-02
   1.4162046e-02
   1.4178169e-02
   1.4221702e-02
   1.4337038e-02
   1.4337038e-02
   1.4392078e-02
   1.4485742e-02
   1.4515829e-02
   1.4545069e-02
   1.4563199e-02
   1.4583795e-02
   1.4628761e-02
   1.4651965e-02
   1.4690372e-02
   1.4708908e-02
   1.4726424e-02
   1.4843039e-02
   1.7203240e-02
   1.7242197e-02
   1.7242197e-02
   1.7280572e-02
   1.7319895e-02
   1.7330165e-02
   1.7346624e-02
   1.7466827e-02
   1.7498790e-02
   1.7517405e-02
   1.7529411e-02
   1.8256798e-02
   1.8343074e-02
   1.8381615e-02
   1.8398786e-02
   1.8414440e-02
   1.8414440e-02
   1.8431151e-02
   1.8453732e-02
   2.1758380e-02
   2.1782583e-02
   2.2209706e-02
   2.6742509e-02
   2.6755157e-02
   2.6767144e-02
   2.6806975e-02
   2.6959994e-02
   2.6976820e-02
   2.7124801e-02
   2.7139448e-02
   2.7170600e-02
   3.0274121e-02
   3.0292952e-02
   3.0303561e-02
   3.0319441e-02
   3.0336176e-02
   3.0350889e-02
   3.0363103e-02
   3.0363103e-02
   3.0381589e-02
   3.0381589e-02
   3.0381589e-02
   3.0517484e-02
   3.1124788e-02
   3.1190935e-02
   3.3998479e-02
   3.4037969e-02
   3.4037969e-02
   3.4440471e-02
   3.4454633e-02
   3.4466521e-02
   3.4484549e-02
   3.4772203e-02
   3.4832872e-02
   3.5040573e-02
   3.5194453e-02
   3.5243546e-02
   3.5303589e-02
   3.5374562e-02
   3.5436297e-02
   3.5468947e-02
   3.5479570e-02
   3.5487599e-02
   3.5570462e-02
   3.5620458e-02
   3.5633055e-02
   3.8681802e-02
   3.8745444e-02
   3.8760653e-02
   3.9130598e-02
   3.9200321e-02
   3.9253249e-02
   4.3124298e-02
   4.3138614e-02
   4.3181604e-02
   4.3221667e-02
   4.3336716e-02
   4.3397254e-02
   4.3513802e-02
   4.3536429e-02
   4.3590495e-02
   4.3602764e-02
   4.3616213e-02
   4.3616213e-02
   4.3675787e-02
   4.4108406e-02
   4.4195687e-02
   4.4226995e-02
   4.4226995e-02
   4.4290919e-02
   4.4304860e-02
   4.7904475e-02
   4.7998287e-02
   4.8027354e-02
   4.8027354e-02
   4.8037702e-02
   4.8776317e-02
   4.8793002e-02
   4.8890420e-02
   4.9160417e-02
   4.9201222e-02
   4.9252773e-02
   4.9262068e-02
   4.9262068e-02
   4.9323443e-02
   4.9323443e-02
   4.9331251e-02
   4.9340864e-02
   4.9378172e-02
   4.9394390e-02
   4.9445876e-02
   4.9545925e-02
   5.3376838e-02
   5.3446494e-02
   5.3458339e-02
   5.3916817e-02
   5.3929661e-02
   5.3998340e-02
   5.6739543e-02
   5.6756328e-02
   6.1217375e-02
   6.1231518e-02
   6.1246405e-02
   6.1300996e-02
   6.1324085e-02
   6.3794515e-02
   6.3834104e-02
   6.4147658e-02
   6.4147658e-02
   6.4246672e-02
   6.4246672e-02
   6.4246672e-02
   6.4263975e-02
   6.4347886e-02
   6.4356540e-02
   6.4371817e-02
   6.4436943e-02
   6.4453580e-02
   6.4495841e-02
   6.4495841e-02
   6.4495841e-02
   6.4515448e-02
   6.4740465e-02
   6.4751721e-02
   6.4786484e-02
   6.4794418e-02
   6.4813602e-02
   6.4813602e-02
   6.4827575e-02
   6.4827575e-02
   6.4842301e-02
   6.4842301e-02
   6.4909488e-02
   6.4926997e-02
   6.4936695e-02
   6.4970803e-02
   6.5478397e-02
   6.5509068e-02
   6.5596018e-02
   6.5613606e-02
   6.5645383e-02
   6.5662406e-02
   6.5726334e-02
   6.5797519e-02
   6.5807125e-02
   6.6019407e-02
   6.6072192e-02
   6.6654326e-02
   6.6722622e-02
   6.6770836e-02
   6.6782289e-02
   6.6817169e-02
   6.6948925e-02
   6.7116393e-02
   6.7116393e-02
   6.7130831e-02
   6.7145726e-02
   6.7257010e-02
   6.7297114e-02
   7.3177500e-02
   7.3238063e-02
   7.3255450e-02
   7.3265241e-02
   7.3306148e-02
   7.3306148e-02
   7.3547524e-02
   7.3557958e-02
   7.3557958e-02
   7.3614301e-02
   7.3731692e-02
   7.3750202e-02
   7.3761192e-02
   7.3871573e-02
   7.3945457e-02
   7.3983593e-02
   7.3983593e-02
   7.4139097e-02
   7.4173679e-02
   7.4186257e-02
   7.4235143e-02
   7.4461984e-02
   7.4493173e-02
   7.4571723e-02
   7.4620036e-02
   7.5043511e-02
   7.5115544e-02
   7.5129132e-02
   7.5284326e-02
   7.5297638e-02
   7.5329071e-02
   7.5347938e-02
   7.5361781e-02
   7.5406365e-02
   7.5418565e-02
   7.5418565e-02
   7.5460764e-02
   7.5472736e-02
   7.5472736e-02
   7.5487404e-02
   7.5526627e-02
   7.5878739e-02
   7.5878739e-02
   7.5889278e-02
   7.5949464e-02
   8.0035099e-02
   8.0101836e-02
   8.0101836e-02
   8.0136005e-02
   8.0146086e-02
   8.0154979e-02
   8.0169400e-02
   8.0186255e-02
   8.0254046e-02
   8.0268767e-02
   8.0306909e-02
   8.0326514e-02
   8.0542219e-02
   8.0988571e-02
   8.1064358e-02
   8.4519252e-02
   8.4587743e-02
   8.4605550e-02
   8.4830343e-02
   8.5540529e-02
   8.5547863e-02
   8.7201928e-02
   8.7245815e-02
   9.1967475e-02
   9.2036031e-02
   9.2097184e-02
   9.2097184e-02
   9.2107635e-02
   9.2250250e-02
   9.2268236e-02
   9.2384208e-02
   9.2384208e-02
   9.2422033e-02
   9.2527575e-02
   9.2543809e-02
   9.2588908e-02
   9.2649390e-02
   9.2661549e-02
   9.2676397e-02
   9.2978649e-02
   9.3004359e-02
   9.3016374e-02
   9.3027558e-02
   9.3049163e-02
   9.3065922e-02
   9.3076075e-02
   9.3109711e-02
   9.5823538e-02
   9.5864082e-02
   9.5972445e-02
   9.5991173e-02
   9.8917027e-02
   9.8970677e-02
   9.9005697e-02
   1.0293212e-01
   1.0301025e-01
   1.0308325e-01
   1.0350368e-01
   1.0357548e-01
   1.0370142e-01
   1.0376340e-01
   1.0385867e-01
   1.0844572e-01
   1.0854409e-01
   1.0855970e-01
   1.0871710e-01
   1.0871710e-01
   1.0873559e-01
   1.0873559e-01
   1.0873559e-01
   1.0881448e-01
   1.0883448e-01
   1.1259892e-01
   1.1266070e-01
   1.1267610e-01
   1.1317362e-01
   1.1321539e-01
   1.1325635e-01
   1.1356515e-01
   1.1360914e-01
   1.1371208e-01
   1.1842206e-01
   1.1842206e-01
   1.1870738e-01
   1.1872164e-01
   1.1882590e-01
   1.1900176e-01
   1.1901597e-01
   1.1903624e-01
   1.1903624e-01
   1.1908270e-01
   1.1927574e-01
   1.1932550e-01
   1.1968784e-01
   1.1972162e-01
   1.1973695e-01
   1.1990556e-01
   1.2053978e-01
   1.2053978e-01
   1.2055491e-01
   1.2066635e-01
   1.2109831e-01
   1.2111499e-01
   1.2119845e-01
   1.2616735e-01
   1.2618136e-01
   1.2619964e-01
   1.2641779e-01
   1.2701157e-01
   1.2702947e-01
   1.2704361e-01
   1.2824403e-01
   1.2830366e-01
   1.2831554e-01
   1.2837094e-01
   1.2838786e-01
   1.2840416e-01
   1.2841309e-01
   1.2842491e-01
   1.2848264e-01
   1.2864678e-01
   1.2866210e-01
   1.2887556e-01
   1.2895029e-01
   1.2895029e-01
   1.2896045e-01
   1.2900938e-01
   1.2932555e-01
   1.2945878e-01
   1.2945878e-01
   1.2945878e-01
   1.2947060e-01
   1.2947060e-01
   1.2947060e-01
   1.2950385e-01
   1.2956548e-01
   1.2958152e-01
   1.2959849e-01
   1.2962051e-01
   1.2963333e-01
   1.3118444e-01
   1.3123159e-01
   1.3127277e-01
   1.3128448e-01
   1.3139832e-01
   1.3145648e-01
   1.3440025e-01
   1.3443569e-01
   1.3445054e-01
   1.3464209e-01
   1.3468246e-01
   1.3487301e-01
   1.3491139e-01
   1.3492107e-01
   1.3498514e-01
   1.3500190e-01
   1.3500190e-01
   1.3502455e-01
   1.3557541e-01
   1.3560983e-01
   1.3583349e-01
   1.3584302e-01
   1.3604897e-01
   1.3606244e-01
   1.3606244e-01
   1.3606244e-01
   1.3606244e-01
   1.3609688e-01
   1.3898710e-01
   1.3900339e-01
   1.3903418e-01
   1.4121242e-01
   1.4128222e-01
   1.4128222e-01
   1.4133417e-01
   1.4139059e-01
   1.4140431e-01
   1.4158291e-01
   1.4163794e-01
   1.4165291e-01
   1.4165291e-01
   1.4169946e-01
   1.4172561e-01
   1.4172561e-01
   1.4184702e-01
   1.4186294e-01
   1.4186294e-01
   1.4187383e-01
   1.4188506e-01
   1.4199348e-01
   1.4200413e-01
   1.4202282e-01
   1.4217394e-01
   1.4223414e-01
   1.4380278e-01
   1.4381213e-01
   1.4407370e-01
   1.4794328e-01
   1.4802152e-01
   1.4802152e-01
   1.4814130e-01
   1.4815703e-01
   1.4818376e-01
   1.4820941e-01
   1.4822165e-01
   1.4822793e-01
   1.4828325e-01
   1.4832412e-01
   1.4879088e-01
   1.4882723e-01
   1.4888640e-01
   1.4894600e-01
   1.4983803e-01
   1.4992652e-01
   1.4993577e-01
   1.4998040e-01
   1.5000671e-01
   1.5003025e-01
   1.5056235e-01
   1.5064195e-01
   1.5165496e-01
   1.5169454e-01
   1.5181164e-01
   1.5194659e-01
   1.5213680e-01
   1.5517225e-01
   1.5524390e-01
   1.5540934e-01
   1.5549280e-01
   1.5562139e-01
   1.5563613e-01
   1.5565179e-01
   1.5565179e-01
   1.5566787e-01
   1.5765034e-01
   1.5768306e-01
   1.5769748e-01
   1.5769748e-01
   1.5771723e-01
   1.5784134e-01
   1.5814248e-01
   1.5815099e-01
   1.5816143e-01
   1.5823038e-01
   1.5826331e-01
   1.5827626e-01
   1.5829098e-01
   1.5830945e-01
   1.5832041e-01
   1.5833766e-01
   1.5841131e-01
   1.5841916e-01
   1.5847413e-01
   1.5847413e-01
   1.5850634e-01
   1.5851647e-01
   1.5853441e-01
   1.5903702e-01
   1.5910580e-01
   1.5911758e-01
   1.5912921e-01
   1.5912921e-01
   1.5922352e-01
   1.6367434e-01
   1.6368901e-01
   1.6374946e-01
   1.6374946e-01
   1.6375799e-01
   1.6382281e-01
   1.6390359e-01
   1.6393525e-01
   1.6396554e-01
   1.6396554e-01
   1.6397618e-01
   1.6403733e-01
   1.6403733e-01
   1.6405372e-01
   1.6408193e-01
   1.6411508e-01
   1.6536098e-01
   1.6540242e-01
   1.6540242e-01
   1.6541506e-01
   1.6543044e-01
   1.6546458e-01
   1.6547176e-01
   1.6547176e-01
   1.6550175e-01
   1.6557131e-01
   1.6558543e-01
   1.6558543e-01
   1.6559688e-01
   1.6632910e-01
   1.6638680e-01
   1.6640122e-01
   1.6641369e-01
   1.6642430e-01
   1.6642430e-01
   1.6643497e-01
   1.6653308e-01
   1.6654625e-01
   1.6658884e-01
   1.6660478e-01
   1.6672372e-01
   1.6679076e-01
   1.6764355e-01
   1.6765464e-01
   1.6766728e-01
   1.6779142e-01
   1.6785173e-01
   1.6787951e-01
   1.6789185e-01
   1.6790671e-01
   1.6793532e-01
   1.6794764e-01
   1.6794764e-01
   1.6794764e-01
   1.6798488e-01
   1.6799831e-01
   1.6805632e-01
   1.6806939e-01
   1.6812428e-01
   1.6825715e-01
   1.6863645e-01
   1.6867297e-01
   1.6868702e-01
   1.6875000e-01
   1.6876121e-01
   1.6925755e-01
   1.6932973e-01
   1.6932973e-01
   1.6932973e-01
   1.6934428e-01
   1.6934428e-01
   1.6935309e-01
   1.7113285e-01
   1.7114557e-01
   1.7114557e-01
   1.7132752e-01
   1.7136197e-01
   1.7137440e-01
   1.7279019e-01
   1.7279019e-01
   1.7390512e-01
   1.7391288e-01
   1.7393170e-01
   1.7401614e-01
   1.7403392e-01
   1.7403392e-01
   1.7406737e-01
   1.7407942e-01
   1.7414700e-01
   1.7416176e-01
   1.7788189e-01
   1.7792976e-01
   1.7805686e-01
   1.7805686e-01
   1.7821332e-01
   1.7823080e-01
   1.7825904e-01
   1.7827037e-01
   1.7827037e-01
   1.7836252e-01
   1.7837703e-01
   1.7838586e-01
   1.7844788e-01
   1.7847988e-01
   1.7847988e-01
   1.7847988e-01
   1.7848927e-01
   1.8124421e-01
   1.8127961e-01
   1.8310225e-01
   1.8310225e-01
   1.8311713e-01
   1.8315406e-01
   1.8316274e-01
   1.8318145e-01
   1.8733793e-01
   1.8735704e-01
   1.8753880e-01
   1.8757205e-01
   1.8758387e-01
   1.8759695e-01
   1.8759695e-01
   1.8764268e-01
   1.8767963e-01
   1.8769339e-01
   1.8839981e-01
   1.8841529e-01
   1.9262292e-01
   1.9269532e-01
   1.9358278e-01
   1.9358278e-01
   1.9367058e-01
   1.9368249e-01
   1.9614977e-01
   1.9616390e-01
   1.9616390e-01
   1.9617833e-01
   1.9656343e-01
   1.9657026e-01
   1.9687359e-01
   1.9689773e-01
   1.9704569e-01
   1.9706472e-01
   1.9706472e-01
   1.9710658e-01
   1.9711933e-01
   1.9711933e-01
   1.9713315e-01
   1.9721960e-01
   1.9728869e-01
   1.9738575e-01
   1.9743406e-01
   1.9747234e-01
   2.0034943e-01
   2.0040844e-01
   2.0042206e-01
   2.0077432e-01
   2.0079062e-01
   2.0080370e-01
   2.0082807e-01
   2.0115919e-01
   2.0115919e-01
   2.0120008e-01
   2.0132004e-01
   2.0132004e-01
   2.0139783e-01
   2.0140649e-01
   2.0145544e-01
   2.0146613e-01
   2.0148167e-01
   2.0149963e-01
   2.0156223e-01
   2.0157488e-01
   2.0170015e-01
   2.0173023e-01
   2.0173967e-01
   2.0173967e-01
   2.0177670e-01
   2.0178599e-01
   2.0179517e-01
   2.0180329e-01
   2.0181399e-01
   2.0181399e-01
   2.0185167e-01
   2.0186538e-01
   2.0186538e-01
   2.0186538e-01
   2.0186538e-01
   2.0192370e-01
   2.0196040e-01
   2.0196040e-01
   2.0203753e-01
   2.0205144e-01
   2.0212770e-01
   2.0215537e-01
   2.0222719e-01
   2.0227371e-01
   2.0456521e-01
   2.0464123e-01
   2.0464740e-01
   2.0526570e-01
   2.0586421e-01
   2.0594580e-01
   2.0596059e-01
   2.0596059e-01
   2.0633356e-01
   2.0636127e-01
   2.0637182e-01
   2.0645954e-01
   2.0647377e-01
   2.0656801e-01
   2.0680179e-01
   2.0681080e-01
   2.0686522e-01
   2.0694004e-01
   2.0705992e-01
   2.0708086e-01
   2.0717695e-01
   2.0718626e-01
   2.0718626e-01
   2.0720453e-01
   2.0722214e-01
   2.1119191e-01
   2.1125501e-01
   2.1126778e-01
   2.1163189e-01
   2.1176267e-01
   2.1176267e-01
   2.1180836e-01
   2.1182769e-01
   2.1238680e-01
   2.1279250e-01
   2.1280690e-01
   2.1282601e-01
   2.1283637e-01
   2.1302058e-01
   2.1303389e-01
   2.1329711e-01
   2.1330712e-01
   2.1358766e-01
   2.1359844e-01
   2.1359844e-01
   2.1361938e-01
   2.1362887e-01
   2.1384563e-01
   2.1390729e-01
   2.1623673e-01
   2.1625386e-01
   2.1631914e-01
   2.1633134e-01
   2.1636057e-01
   2.1638569e-01
   2.1654746e-01
   2.2048392e-01
   2.2064208e-01
   2.2065998e-01
   2.2067525e-01
   2.2070497e-01
   2.2070497e-01
   2.2088854e-01
   2.2090820e-01
   2.2091928e-01
   2.2098377e-01
   2.2098377e-01
   2.2101756e-01
   2.2122368e-01
   2.2142989e-01
   2.2147507e-01
   2.2149998e-01
   2.2150878e-01
   2.2306333e-01
   2.2313445e-01
   2.2314869e-01
   2.2365165e-01
   2.2374001e-01
   2.2374001e-01
   2.2378303e-01
   2.2379349e-01
   2.2383433e-01
   2.2384916e-01
   2.2386567e-01
   2.2393966e-01
   2.2403449e-01
   2.2403449e-01
   2.2406190e-01
   2.2411639e-01
   2.2415549e-01
   2.2419649e-01
   2.2419649e-01
   2.2419649e-01
   2.2421345e-01
   2.2422174e-01
   2.2426172e-01
   2.2603359e-01
   2.2608168e-01
   2.2609618e-01
   2.2620112e-01
   2.2622374e-01
   2.2622374e-01
   2.2623231e-01
   2.2641320e-01
   2.2646266e-01
   2.2972995e-01
   2.2977064e-01
   2.3018961e-01
   2.3020531e-01
   2.3020531e-01
   2.3022495e-01
   2.3423877e-01
   2.3427295e-01
   2.3439317e-01
   2.3468597e-01
   2.3474599e-01
   2.3479099e-01
   2.3632539e-01
   2.3640180e-01
   2.3645523e-01
   2.3645523e-01
   2.3651332e-01
   2.4011043e-01
   2.4018593e-01
   2.4030702e-01
   2.4038972e-01
   2.4044726e-01
   2.4046196e-01
   2.4047344e-01
   2.4050236e-01
   2.4050236e-01
   2.4050236e-01
   2.4051786e-01
   2.4055762e-01
   2.4057286e-01
   2.4061249e-01
   2.4061249e-01
   2.4062482e-01
   2.4067009e-01
   2.4068261e-01
   2.4068261e-01
   2.4071565e-01
   2.4080009e-01
   2.4081652e-01
   2.4092914e-01
   2.4095690e-01
   2.4097416e-01
   2.4120554e-01
   2.4128676e-01
   2.4130427e-01
   2.4131858e-01
   2.4136407e-01
   2.4137895e-01
   2.4137895e-01
   2.4143731e-01
   2.4145170e-01
   2.4150461e-01
   2.4158451e-01
   2.4197968e-01
   2.4203351e-01
   2.4208898e-01
   2.4209875e-01
   2.4386185e-01
   2.4392061e-01
   2.4392061e-01
   2.4393388e-01
   2.4650240e-01
   2.4654880e-01
   2.4659537e-01
   2.4965768e-01
   2.4970700e-01
   2.4986527e-01
   2.4988350e-01
   2.4989590e-01
   2.4992779e-01
   2.4992779e-01
   2.4997441e-01
   2.5023086e-01
   2.5024035e-01
   2.5025565e-01
   2.5027138e-01
   2.5028803e-01
   2.5043673e-01
   2.5058889e-01
   2.5060610e-01
   2.5062513e-01
   2.5069216e-01
   2.5071585e-01
   2.5073024e-01
   2.5073024e-01
   2.5074578e-01
   2.5077170e-01
   2.5214278e-01
   2.5223661e-01
   2.5233724e-01
   2.5233724e-01
   2.5234843e-01
   2.5236142e-01
   2.5441602e-01
   2.5443433e-01
   2.5444741e-01
   2.5446126e-01
   2.5447565e-01
   2.5448614e-01
   2.5450223e-01
   2.5455002e-01
   2.5457843e-01
   2.5459688e-01
   2.5464459e-01
   2.5467290e-01
   2.5467290e-01
   2.5493755e-01
   2.5506513e-01
   2.5509509e-01
   2.5511319e-01
   2.5513079e-01
   2.5514627e-01
   2.5527829e-01
   2.5528986e-01
   2.5671645e-01
   2.5671645e-01
   2.5686816e-01
   2.5688377e-01
   2.5698744e-01
   2.5701578e-01
   2.5702837e-01
   2.5703973e-01
   2.5705701e-01
   2.5707154e-01
   2.5707910e-01
   2.5751226e-01
   2.5753252e-01
   2.5765351e-01
   2.6048457e-01
   2.6053990e-01
   2.6236712e-01
   2.6242777e-01
   2.6244234e-01
   2.6245880e-01
   2.6247505e-01
   2.6248874e-01
   2.6250522e-01
   2.6251651e-01
   2.6275705e-01
   2.6333068e-01
   2.6338300e-01
   2.6354396e-01
   2.6408450e-01
   2.6413404e-01
   2.6420686e-01
   2.6423777e-01
   2.6425508e-01
   2.6425508e-01
   2.6425508e-01
   2.6425508e-01
   2.6426699e-01
   2.6427927e-01
   2.6457133e-01
   2.6458573e-01
   2.6459623e-01
   2.6462886e-01
   2.6464097e-01
   2.6467571e-01
   2.6475123e-01
   2.6476218e-01
   2.6485004e-01
   2.6486250e-01
   2.6489764e-01
   2.6489764e-01
   2.6491152e-01
   2.6491152e-01
   2.6492449e-01
   2.6492449e-01
   2.6493274e-01
   2.6498960e-01
   2.6505316e-01
   2.6506406e-01
   2.6508055e-01
   2.6509612e-01
   2.6511145e-01
   2.6532910e-01
   2.6537042e-01
   2.6538204e-01
   2.6541568e-01
   2.6544641e-01
   2.6546280e-01
   2.6546280e-01
   2.6553175e-01
   2.6554714e-01
   2.6558162e-01
   2.6559142e-01
   2.6573013e-01
   2.6578573e-01
   2.6578573e-01
   2.6582149e-01
   2.6586153e-01
   2.6586935e-01
   2.6590901e-01
   2.6591942e-01
   2.7078585e-01
   2.7089263e-01
   2.7093642e-01
   2.7094851e-01
   2.7103855e-01
   2.7103855e-01
   2.7104982e-01
   2.7489999e-01
   2.7491289e-01
   2.7497570e-01
   2.7506812e-01
   2.7510805e-01
   2.7510805e-01
   2.7518008e-01
   2.7523465e-01
   2.7528071e-01
   2.7537394e-01
   2.7538497e-01
   2.7539406e-01
   2.7551436e-01
   2.7559321e-01
   2.7564228e-01
   2.7912838e-01
   2.7917974e-01
   2.7917974e-01
   2.7920660e-01
   2.7921748e-01
   2.7921748e-01
   2.7922958e-01
   2.7927081e-01
   2.7957710e-01
   2.7962153e-01
   2.7969703e-01
   2.7978314e-01
   2.7980096e-01
   2.7980863e-01
   2.7982787e-01
   2.7984204e-01
   2.7984204e-01
   2.8004624e-01
   2.8006193e-01
   2.8007911e-01
   2.8009115e-01
   2.8016589e-01
   2.8021551e-01
   2.8026429e-01
   2.8033635e-01
   2.8500652e-01
   2.8500652e-01
   2.8510980e-01
   2.8516775e-01
   2.8516775e-01
   2.8528784e-01
   2.8533551e-01
   2.8541554e-01
   2.8547110e-01
   2.8574325e-01
   2.8584273e-01
   2.8740890e-01
   2.8744090e-01
   2.8745808e-01
   2.8748857e-01
   2.8756248e-01
   2.8758739e-01
   2.8758739e-01
   2.8759821e-01
   2.8761159e-01
   2.8769041e-01
   2.8770612e-01
   2.8809102e-01
   2.8821716e-01
   2.8823281e-01
   2.8828664e-01
   2.8838913e-01
   2.8906367e-01
   2.8959716e-01
   2.8961380e-01
   2.8965435e-01
   2.8970135e-01
   2.8971340e-01
   2.8973060e-01
   2.8974486e-01
   2.8974486e-01
   2.8977925e-01
   2.9014394e-01
   2.9019861e-01
   2.9075868e-01
   2.9110292e-01
   2.9114564e-01
   2.9115448e-01
   2.9121491e-01
   2.9141545e-01
   2.9142988e-01
   2.9142988e-01
   2.9144341e-01
   2.9166338e-01
   2.9361979e-01
   2.9365998e-01
   2.9367535e-01
   2.9371731e-01
   2.9401063e-01
   2.9401857e-01
   2.9438228e-01
   2.9448937e-01
   3.0012826e-01
   3.0020072e-01
   3.0020072e-01
   3.0021211e-01
   3.0346062e-01
   3.0347397e-01
   3.0347397e-01
   3.0347397e-01
   3.0348768e-01
   3.0350653e-01
   3.0350653e-01
   3.0351537e-01
   3.0357780e-01
   3.0365507e-01
   3.0394053e-01
   3.0428292e-01
   3.0438789e-01
   3.0439479e-01
   3.0440402e-01
   3.0444435e-01
   3.0445904e-01
   3.0456442e-01
   3.0457531e-01
   3.0473633e-01
   3.0480349e-01
   3.0782183e-01
   3.0791991e-01
   3.0792773e-01
   3.0793690e-01
   3.0793690e-01
   3.0796285e-01
   3.0802629e-01
   3.0803906e-01
   3.0808958e-01
   3.0810478e-01
   3.0812085e-01
   3.0830646e-01
   3.0835224e-01
   3.0843681e-01
   3.0843681e-01
   3.0843681e-01
   3.0844485e-01
   3.0848544e-01
   3.0852571e-01
   3.0865372e-01
   3.1048215e-01
   3.1056545e-01
   3.1058111e-01
   3.1059953e-01
   3.1457060e-01
   3.1460736e-01
   3.1467132e-01
   3.1486957e-01
   3.1490356e-01
   3.1494950e-01
   3.1494950e-01
   3.1508804e-01
   3.1510236e-01
   3.1512970e-01
   3.1514946e-01
   3.1514946e-01
   3.1516437e-01
   3.1519196e-01
   3.1519196e-01
   3.1520621e-01
   3.1520621e-01
   3.1521959e-01
   3.1537091e-01
   3.1584848e-01
   3.1592361e-01
   3.1598072e-01
   3.1604827e-01
   3.1680873e-01
   3.1816328e-01
   3.1827100e-01
   3.1830551e-01
   3.1866770e-01
   3.1889074e-01
   3.1892805e-01
   3.1897564e-01
   3.1898471e-01
   3.1918640e-01
   3.1926589e-01
   3.1929494e-01
   3.1935181e-01
   3.1938430e-01
   3.1954813e-01
   3.1969057e-01
   3.1971483e-01
   3.1976601e-01
   3.1976601e-01
   3.1984382e-01
   3.1987486e-01
   3.1987486e-01
   3.1990493e-01
   3.1995479e-01
   3.1995479e-01
   3.1995479e-01
   3.2001524e-01
   3.2002746e-01
   3.2352110e-01
   3.2352110e-01
   3.2352110e-01
   3.2353059e-01
   3.2360193e-01
   3.2564642e-01
   3.2568999e-01
   3.2576967e-01
   3.2612580e-01
   3.2735542e-01
   3.2737120e-01
   3.2744165e-01
   3.2745977e-01
   3.2747911e-01
   3.3075087e-01
   3.3077834e-01
   3.3232047e-01
   3.3235647e-01
   3.3236783e-01
   3.3264379e-01
   3.3265188e-01
   3.3268593e-01
   3.3278234e-01
   3.3278234e-01
   3.3279292e-01
   3.3283841e-01
   3.3285278e-01
   3.3295237e-01
   3.3317397e-01
   3.3321817e-01
   3.3453437e-01
   3.3458749e-01
   3.3460083e-01
   3.3461646e-01
   3.3465838e-01
   3.3471851e-01
   3.3473124e-01
   3.3476142e-01
   3.3507172e-01
   3.3512566e-01
   3.3517307e-01
   3.3518828e-01
   3.3518828e-01
   3.3520344e-01
   3.3536702e-01
   3.3563312e-01
   3.3566716e-01
   3.3567718e-01
   3.3590295e-01
   3.3590295e-01
   3.3591666e-01
   3.3592986e-01
   3.3600733e-01
   3.3604294e-01
   3.3606035e-01
   3.3875097e-01
   3.3887027e-01
   3.3887027e-01
   3.3888171e-01
   3.3957982e-01
   3.3963079e-01
   3.3969605e-01
   3.3970719e-01
   3.3978029e-01
   3.3987796e-01
   3.3987796e-01
   3.3988908e-01
   3.3991776e-01
   3.3991776e-01
   3.3992785e-01
   3.3994694e-01
   3.3994694e-01
   3.3997674e-01
   3.4004587e-01
   3.4005984e-01
   3.4007157e-01
   3.4010672e-01
   3.4016833e-01
   3.4031765e-01
   3.4033421e-01
   3.4041947e-01
   3.4048401e-01
   3.4055812e-01
   3.4055812e-01
   3.4055812e-01
   3.4059519e-01
   3.4064932e-01
   3.4089269e-01
   3.4092469e-01
   3.4121810e-01
   3.4178200e-01
   3.4437141e-01
   3.4440526e-01
   3.4448179e-01
   3.4451224e-01
   3.4464203e-01
   3.4465429e-01
   3.4470020e-01
   3.4732659e-01
   3.4735772e-01
   3.4737088e-01
   3.4746562e-01
   3.4746562e-01
   3.4750115e-01
   3.4751223e-01
   3.4751223e-01
   3.4752721e-01
   3.4754549e-01
   3.4762784e-01
   3.4764744e-01
   3.4766245e-01
   3.4767446e-01
   3.4768512e-01
   3.4770688e-01
   3.4770688e-01
   3.4771810e-01
   3.4772926e-01
   3.4774030e-01
   3.4778101e-01
   3.4780012e-01
   3.4781969e-01
   3.4783138e-01
   3.4786637e-01
   3.4790053e-01
   3.4811814e-01
   3.4814599e-01
   3.4980179e-01
   3.4988926e-01
   3.4994030e-01
   3.4995339e-01
   3.4996256e-01
   3.4996256e-01
   3.4997579e-01
   3.5017307e-01
   3.5019064e-01
   3.5024808e-01
   3.5036009e-01
   3.5110601e-01
   3.5114829e-01
   3.5114829e-01
   3.5116293e-01
   3.5116293e-01
   3.5117576e-01
   3.5117576e-01
   3.5122474e-01
   3.5123261e-01
   3.5129026e-01
   3.5133236e-01
   3.5133236e-01
   3.5135029e-01
   3.5149004e-01
   3.5157298e-01
   3.5160564e-01
   3.5208105e-01
   3.5212879e-01
   3.5214687e-01
   3.5589989e-01
   3.5601850e-01
   3.5607035e-01
   3.5608423e-01
   3.5623057e-01
   3.5628409e-01
   3.5630095e-01
   3.5635809e-01
   3.5638912e-01
   3.5642385e-01
   3.5643797e-01
   3.5645234e-01
   3.5646930e-01
   3.5680923e-01
   3.5703119e-01
   3.5703119e-01
   3.5703119e-01
   3.5711751e-01
   3.5713310e-01
   3.5713310e-01
   3.5715200e-01
   3.5716750e-01
   3.5750800e-01
   3.5758544e-01
   3.5777279e-01
   3.5791467e-01
   3.5791467e-01
   3.5792348e-01
   3.5793651e-01
   3.5796774e-01
   3.5797920e-01
   3.5799190e-01
   3.5814253e-01
   3.5821042e-01
   3.5825311e-01
   3.5829036e-01
   3.5830587e-01
   3.6138919e-01
   3.6146084e-01
   3.6147752e-01
   3.6366602e-01
   3.6378720e-01
   3.6379793e-01
   3.6718446e-01
   3.6721985e-01
   3.6724135e-01
   3.6730219e-01
   3.7028097e-01
   3.7028097e-01
   3.7035695e-01
   3.7486423e-01
   3.7500894e-01
   3.7504697e-01
   3.7507584e-01
   3.7527051e-01
   3.7527051e-01
   3.7529047e-01
   3.7536598e-01
   3.7536598e-01
   3.7536598e-01
   3.7537933e-01
   3.7545024e-01
   3.7814196e-01
   3.7818578e-01
   3.7822401e-01
   3.7827100e-01
   3.7830631e-01
   3.7830631e-01
   3.7831398e-01
   3.7835517e-01
   3.7847606e-01
   3.7847606e-01
   3.7848613e-01
   3.8029326e-01
   3.8033452e-01
   3.8035259e-01
   3.8040549e-01
   3.8042342e-01
   3.8046684e-01
   3.8049486e-01
   3.8053540e-01
   3.8057965e-01
   3.8057965e-01
   3.8062128e-01
   3.8063148e-01
   3.8063148e-01
   3.8064328e-01
   3.8142070e-01
   3.8142070e-01
   3.8143956e-01
   3.8150331e-01
   3.8173883e-01
   3.8178819e-01
   3.8190533e-01
   3.8197726e-01
   3.8204000e-01
   3.8236540e-01
   3.8243867e-01
   3.8247920e-01
   3.8254909e-01
   3.8256701e-01
   3.8433582e-01
   3.8444653e-01
   3.8809901e-01
   3.8815258e-01
   3.8819109e-01
   3.8822287e-01
   3.8823479e-01
   3.8826769e-01
   3.8828196e-01
   3.8872574e-01
   3.8872574e-01
   3.8873717e-01
   3.8875660e-01
   3.8881095e-01
   3.8942949e-01
   3.8949486e-01
   3.8976628e-01
   3.8976628e-01
   3.8980957e-01
   3.8981925e-01
   3.8988766e-01
   3.9002570e-01
   3.9004071e-01
   3.9028105e-01
   3.9038102e-01
   3.9042105e-01
   3.9044114e-01
   3.9048376e-01
   3.9074214e-01
   3.9075310e-01
   3.9087087e-01
   3.9087761e-01
   3.9226374e-01
   3.9227323e-01
   3.9236432e-01
   3.9240890e-01
   3.9243235e-01
   3.9249868e-01
   3.9266626e-01
   3.9268374e-01
   3.9269548e-01
   3.9272859e-01
   3.9274112e-01
   3.9278092e-01
   3.9279353e-01
   3.9280494e-01
   3.9294300e-01
   3.9295913e-01
   3.9309358e-01
   3.9321193e-01
   3.9321193e-01
   3.9324717e-01
   3.9330912e-01
   3.9404560e-01
   3.9411448e-01
   3.9414923e-01
   3.9421086e-01
   3.9424612e-01
   3.9432273e-01
   3.9437074e-01
   3.9438580e-01
   3.9456342e-01
   3.9456342e-01
   3.9458186e-01
   3.9461544e-01
   3.9461544e-01
   3.9468211e-01
   3.9474342e-01
   3.9526085e-01
   3.9531433e-01
   3.9589714e-01
   3.9590696e-01
   3.9594084e-01
   3.9595601e-01
   3.9606154e-01
   3.9608994e-01
   3.9615239e-01
   3.9616552e-01
   3.9622614e-01
   3.9625674e-01
   3.9625674e-01
   3.9629535e-01
   3.9637335e-01
   3.9644167e-01
   3.9644167e-01
   3.9647688e-01
   3.9647688e-01
   3.9652140e-01
   3.9689872e-01
   3.9716276e-01
   3.9716276e-01
   3.9717248e-01
   3.9753434e-01
   3.9771990e-01
   3.9771990e-01
   3.9790598e-01
   3.9798707e-01
   3.9801548e-01
   3.9870777e-01
   3.9877242e-01
   3.9881288e-01
   3.9895912e-01
   3.9902798e-01
   3.9907342e-01
   3.9908412e-01
   3.9915155e-01
   3.9916341e-01
   3.9916341e-01
   3.9920314e-01
   3.9923507e-01
   3.9925382e-01
   3.9926816e-01
   3.9927722e-01
   3.9958827e-01
   3.9963545e-01
   3.9968989e-01
   3.9970680e-01
   3.9981187e-01
   3.9982461e-01
   4.0002747e-01
   4.0004680e-01
   4.0004680e-01
   4.0009229e-01
   4.0009229e-01
   4.0010056e-01
   4.0024306e-01
   4.0026101e-01
   4.0028236e-01
   4.0044643e-01
   4.0046759e-01
   4.0110646e-01
   4.0114019e-01
   4.0118345e-01
   4.0127193e-01
   4.0127193e-01
   4.0127193e-01
   4.0130050e-01
   4.0133440e-01
   4.0140210e-01
   4.0198126e-01
   4.0201732e-01
   4.0205605e-01
   4.0207245e-01
   4.0208376e-01
   4.0213715e-01
   4.0526791e-01
   4.0535928e-01
   4.0537443e-01
   4.0538615e-01
   4.0539753e-01
   4.0985895e-01
   4.0992743e-01
   4.0995746e-01
   4.0999133e-01
   4.1000828e-01
   4.1040958e-01
   4.1043926e-01
   4.1043926e-01
   4.1056717e-01
   4.1060041e-01
   4.1065236e-01
   4.1140936e-01
   4.1147110e-01
   4.1148548e-01
   4.1152745e-01
   4.1154201e-01
   4.1160322e-01
   4.1534027e-01
   4.1537060e-01
   4.1538134e-01
   4.1543797e-01
   4.1550310e-01
   4.1553224e-01
   4.1613962e-01
   4.1616884e-01
   4.1621799e-01
   4.1984366e-01
   4.1984366e-01
   4.1991057e-01
   4.1992737e-01
   4.2000059e-01
   4.2032676e-01
   4.2062182e-01
   4.2063390e-01
   4.2075318e-01
   4.2095571e-01
   4.2096619e-01
   4.2096619e-01
   4.2097805e-01
   4.2097805e-01
   4.2099180e-01
   4.2106161e-01
   4.2107100e-01
   4.2113877e-01
   4.2113877e-01
   4.2125969e-01
   4.2129353e-01
   4.2532615e-01
   4.2535604e-01
   4.2539467e-01
   4.2540781e-01
   4.2543525e-01
   4.2543525e-01
   4.2544877e-01
   4.2545857e-01
   4.2550718e-01
   4.2551987e-01
   4.2552966e-01
   4.2591366e-01
   4.2613739e-01
   4.2617137e-01
   4.2967413e-01
   4.2968915e-01
   4.2970404e-01
   4.2972211e-01
   4.2981155e-01
   4.2982175e-01
   4.2983775e-01
   4.3006048e-01
   4.3030649e-01
   4.3035512e-01
   4.3040434e-01
   4.3046832e-01
   4.3046832e-01
   4.3050010e-01
   4.3056482e-01
   4.3523831e-01
   4.3527494e-01
   4.3539203e-01
   4.3593791e-01
   4.3611949e-01
   4.3615053e-01
   4.3619031e-01
   4.3620174e-01
   4.3623779e-01
   4.3627275e-01
   4.3636957e-01
   4.3646574e-01
   4.3648114e-01
   4.3648114e-01
   4.3653627e-01
   4.3663311e-01
   4.3664588e-01
   4.3666009e-01
   4.3666856e-01
   4.3668514e-01
   4.3668514e-01
   4.3688195e-01
   4.3693654e-01
   4.3693654e-01
   4.3701670e-01
   4.3701670e-01
   4.3707939e-01
   4.3753383e-01
   4.3780132e-01
   4.3781932e-01
   4.3790521e-01
   4.3807953e-01
   4.3829661e-01
   4.3832397e-01
   4.3836978e-01
   4.3850067e-01
   4.3851752e-01
   4.3853098e-01
   4.3853098e-01
   4.3853098e-01
   4.3853098e-01
   4.3853098e-01
   4.3854178e-01
   4.3855340e-01
   4.3858526e-01
   4.3863649e-01
   4.3868255e-01
   4.3868255e-01
   4.3873040e-01
   4.3874234e-01
   4.3875277e-01
   4.3880180e-01
   4.3881799e-01
   4.3883540e-01
   4.3887381e-01
   4.3891717e-01
   4.3893266e-01
   4.3894501e-01
   4.3895438e-01
   4.3902800e-01
   4.3919743e-01
   4.3920484e-01
   4.3922200e-01
   4.3928314e-01
   4.3930155e-01
   4.3934902e-01
   4.3934902e-01
   4.3937802e-01
   4.3945981e-01
   4.3947388e-01
   4.3950983e-01
   4.3952368e-01
   4.3961959e-01
   4.3965002e-01
   4.4076540e-01
   4.4081964e-01
   4.4081964e-01
   4.4089592e-01
   4.4090849e-01
   4.4339029e-01
   4.4339029e-01
   4.4340683e-01
   4.4348608e-01
   4.4350003e-01
   4.4351398e-01
   4.4355255e-01
   4.4358439e-01
   4.4446376e-01
   4.4446376e-01
   4.4506198e-01
   4.4507543e-01
   4.4508795e-01
   4.4510631e-01
   4.4515307e-01
   4.4515307e-01
   4.4528722e-01
   4.4533755e-01
   4.4533755e-01
   4.4536864e-01
   4.4538241e-01
   4.4539361e-01
   4.4540482e-01
   4.4551275e-01
   4.4934836e-01
   4.4940637e-01
   4.4958648e-01
   4.4960571e-01
   4.4962155e-01
   4.4963461e-01
   4.4963461e-01
   4.4963461e-01
   4.4978047e-01
   4.4982374e-01
   4.4999961e-01
   4.5002134e-01
   4.5003404e-01
   4.5018889e-01
   4.5022246e-01
   4.5023937e-01
   4.5025013e-01
   4.5031574e-01
   4.5114935e-01
   4.5115910e-01
   4.5122056e-01
   4.5125610e-01
   4.5125610e-01
   4.5129171e-01
   4.5132468e-01
   4.5136064e-01
   4.5149681e-01
   4.5401298e-01
   4.5405537e-01
   4.5405537e-01
   4.5418555e-01
   4.5419839e-01
   4.5420662e-01
   4.5420662e-01
   4.5427895e-01
   4.5429581e-01
   4.5430455e-01
   4.5435386e-01
   4.5435386e-01
   4.5464322e-01
   4.5465520e-01
   4.5465520e-01
   4.5474571e-01
   4.5476416e-01
   4.5478132e-01
   4.5479795e-01
   4.5481017e-01
   4.5481017e-01
   4.5484430e-01
   4.5485451e-01
   4.5487045e-01
   4.5489121e-01
   4.5489121e-01
   4.5489121e-01
   4.5495001e-01
   4.5495001e-01
   4.5499911e-01
   4.5849992e-01
   4.5860179e-01
   4.5861844e-01
   4.5861844e-01
   4.5864734e-01
   4.6390676e-01
   4.6393758e-01
   4.6411029e-01
   4.6418073e-01
   4.6418073e-01
   4.6419543e-01
   4.6433349e-01
   4.6433349e-01
   4.6441837e-01
   4.6441837e-01
   4.6444602e-01
   4.6474105e-01
   4.6479866e-01
   4.6479866e-01
   4.6480769e-01
   4.6482272e-01
   4.6483119e-01
   4.6487042e-01
   4.6489662e-01
   4.6511262e-01
   4.6512757e-01
   4.6512757e-01
   4.6519222e-01
   4.6588970e-01
   4.6591985e-01
   4.6593605e-01
   4.6597688e-01
   4.6598684e-01
   4.6600060e-01
   4.6604426e-01
   4.6605946e-01
   4.6607158e-01
   4.6616495e-01
   4.6618241e-01
   4.6619514e-01
   4.6620950e-01
   4.6622395e-01
   4.6626491e-01
   4.6633205e-01
   4.6644013e-01
   4.6661124e-01
   4.6665691e-01
   4.6676344e-01
   4.6698005e-01
   4.6699226e-01
   4.6702407e-01
   4.6702407e-01
   4.6704401e-01
   4.6705614e-01
   4.6723846e-01
   4.6725155e-01
   4.6726738e-01
   4.6728309e-01
   4.6767231e-01
   4.6784667e-01
   4.6911906e-01
   4.6915156e-01
   4.6916243e-01
   4.6941853e-01
   4.6947472e-01
   4.6952842e-01
   4.6985586e-01
   4.7027859e-01
   4.7032419e-01
   4.7061888e-01
   4.7069326e-01
   4.7075333e-01
   4.7077011e-01
   4.7078206e-01
   4.7078206e-01
   4.7079185e-01
   4.7096239e-01
   4.7098285e-01
   4.7106670e-01
   4.7108792e-01
   4.7151778e-01
   4.7240151e-01
   4.7245001e-01
   4.7317333e-01
   4.7346192e-01
   4.7347374e-01
   4.7351429e-01
   4.7352986e-01
   4.7364713e-01
   4.7370875e-01
   4.7376650e-01
   4.7390598e-01
   4.7392245e-01
   4.7398972e-01
   4.7399883e-01
   4.7399883e-01
   4.7406278e-01
   4.7416205e-01
   4.7741265e-01
   4.7744851e-01
   4.7749893e-01
   4.7763012e-01
   4.7769301e-01
   4.7770906e-01
   4.7771755e-01
   4.7775308e-01
   4.7778129e-01
   4.7779416e-01
   4.7782782e-01
   4.7783865e-01
   4.7784734e-01
   4.7786156e-01
   4.7787620e-01
   4.7790462e-01
   4.7791667e-01
   4.7795336e-01
   4.7807319e-01
   4.7812785e-01
   4.7817751e-01
   4.7817751e-01
   4.7817751e-01
   4.7823065e-01
   4.7824855e-01
   4.7829566e-01
   4.7872488e-01
   4.7877867e-01
   4.7881968e-01
   4.7884973e-01
   4.7929568e-01
   4.7931486e-01
   4.7933948e-01
   4.7941855e-01
   4.7942770e-01
   4.7944302e-01
   4.7945348e-01
   4.7958494e-01
   4.7966443e-01
   4.7967466e-01
   4.7974918e-01
   4.8001035e-01
   4.8005697e-01
   4.8009480e-01
   4.8010638e-01
   4.8362553e-01
   4.8373576e-01
   4.8694369e-01
   4.8700576e-01
   4.8704631e-01
   4.8705760e-01
   4.8728477e-01
   4.8729962e-01
   4.8731117e-01
   4.8731117e-01
   4.8736169e-01
   4.8745410e-01
   4.8749210e-01
   4.8757323e-01
   4.8762265e-01
   4.8763970e-01
   4.8765421e-01
   4.8767253e-01
   4.8768370e-01
   4.8782472e-01
   4.8782472e-01
   4.8782472e-01
   4.8785743e-01
   4.8818096e-01
   4.8880845e-01
   4.8885147e-01
   4.8887026e-01
   4.8891084e-01
   4.8948335e-01
   4.8948335e-01
   4.8956141e-01
   4.8959416e-01
   4.9029103e-01
   4.9033986e-01
   4.9059965e-01
   4.9061006e-01
   4.9062370e-01
   4.9062370e-01
   4.9062370e-01
   4.9070534e-01
   4.9075084e-01
   4.9076343e-01
   4.9081343e-01
   4.9088017e-01
   4.9089193e-01
   4.9089193e-01
   4.9089193e-01
   4.9092421e-01
   4.9099563e-01
   4.9100620e-01
   4.9104356e-01
   4.9104356e-01
   4.9114192e-01
   4.9114192e-01
   4.9115253e-01
   4.9119180e-01
   4.9133482e-01
   4.9139656e-01
   4.9144741e-01
   4.9152383e-01
   4.9162853e-01
   4.9199623e-01
   4.9203983e-01
   4.9203983e-01
   4.9203983e-01
   4.9205726e-01
   4.9205726e-01
   4.9207463e-01
   4.9210450e-01
   4.9212501e-01
   4.9213417e-01
   4.9223189e-01
   4.9224425e-01
   4.9225963e-01
   4.9260379e-01
   4.9264299e-01
   4.9266124e-01
   4.9648022e-01
   4.9652978e-01
   4.9670415e-01
   4.9680534e-01
   4.9681885e-01
   4.9683301e-01
   4.9700508e-01
   4.9701554e-01
   4.9702947e-01
   4.9704701e-01
   4.9714986e-01
   4.9721885e-01
   4.9723273e-01
   4.9750729e-01
   4.9756718e-01
   4.9761439e-01
   4.9772813e-01
   4.9774509e-01
   4.9792200e-01
   4.9806017e-01
   4.9810568e-01
   4.9812368e-01
   5.0164352e-01
   5.0168109e-01
   5.0177849e-01
   5.0206441e-01
   5.0212173e-01
   5.0224874e-01
   5.0227891e-01
   5.0260152e-01
   5.0261916e-01
   5.0267357e-01
   5.0640202e-01
   5.0641376e-01
   5.0642541e-01
   5.0648768e-01
   5.1003558e-01
   5.1008047e-01
   5.1022351e-01
   5.1056459e-01
   5.1066300e-01
   5.1075235e-01
   5.1076799e-01
   5.1086544e-01
   5.1144261e-01
   5.1163202e-01
   5.1164912e-01
   5.1164912e-01
   5.1166924e-01
   5.1191798e-01
   5.1193811e-01
   5.1193811e-01
   5.1205140e-01
   5.1209413e-01
   5.1210665e-01
   5.1210665e-01
   5.1214197e-01
   5.1220190e-01
   5.1227642e-01
   5.1229406e-01
   5.1230482e-01
   5.1230482e-01
   5.1230482e-01
   5.1231832e-01
   5.1231832e-01
   5.1243145e-01
   5.1244772e-01
   5.1260162e-01
   5.1264049e-01
   5.1265359e-01
   5.1268679e-01
   5.1270289e-01
   5.1271482e-01
   5.1271482e-01
   5.1278157e-01
   5.1283055e-01
   5.1289703e-01
   5.1304735e-01
   5.1315856e-01
   5.1315856e-01
   5.1315856e-01
   5.1315856e-01
   5.1320966e-01
   5.1327998e-01
   5.1327998e-01
   5.1327998e-01
   5.1333332e-01
   5.1650431e-01
   5.1651974e-01
   5.1665950e-01
   5.1686097e-01
   5.1687071e-01
   5.1688778e-01
   5.1689609e-01
   5.1689609e-01
   5.1694531e-01
   5.1694531e-01
   5.1695680e-01
   5.1697101e-01
   5.1742347e-01
   5.1768435e-01
   5.1782453e-01
   5.1786179e-01
   5.1789266e-01
   5.1794583e-01
   5.1794583e-01
   5.1796054e-01
   5.1803719e-01
   5.1830291e-01
   5.1835101e-01
   5.1836375e-01
   5.1840501e-01
   5.2134932e-01
   5.2136519e-01
   5.2140682e-01
   5.2150678e-01
   5.2162834e-01
   5.2164516e-01
   5.2165992e-01
   5.2174085e-01
   5.2175872e-01
   5.2176963e-01
   5.2176963e-01
   5.2182080e-01
   5.2389651e-01
   5.2391501e-01
   5.2392662e-01
   5.2392662e-01
   5.2400348e-01
   5.2405391e-01
   5.2406430e-01
   5.2408364e-01
   5.2411640e-01
   5.2411640e-01
   5.2413201e-01
   5.2414829e-01
   5.2415940e-01
   5.2421694e-01
   5.2511601e-01
   5.2514989e-01
   5.2518461e-01
   5.2519719e-01
   5.2522552e-01
   5.2529397e-01
   5.2534744e-01
   5.2536365e-01
   5.2539342e-01
   5.2554477e-01
   5.2557258e-01
   5.2560292e-01
   5.2644949e-01
   5.2649438e-01
   5.2915843e-01
   5.2917540e-01
   5.2917540e-01
   5.2926817e-01
   5.2930474e-01
   5.2930474e-01
   5.2932086e-01
   5.2937824e-01
   5.2937824e-01
   5.2939238e-01
   5.2940357e-01
   5.2940357e-01
   5.2945367e-01
   5.2945367e-01
   5.2955853e-01
   5.2961354e-01
   5.2961354e-01
   5.2967852e-01
   5.2982996e-01
   5.2987588e-01
   5.2988873e-01
   5.2990963e-01
   5.2992729e-01
   5.2996525e-01
   5.2996525e-01
   5.3004192e-01
   5.3004192e-01
   5.3010725e-01
   5.3014966e-01
   5.3017328e-01
   5.3018383e-01
   5.3019762e-01
   5.3022839e-01
   5.3044392e-01
   5.3049500e-01
   5.3051002e-01
   5.3051002e-01
   5.3091189e-01
   5.3092293e-01
   5.3097060e-01
   5.3130721e-01
   5.3139173e-01
   5.3141450e-01
   5.3141450e-01
   5.3142499e-01
   5.3143331e-01
   5.3154449e-01
   5.3556255e-01
   5.3558440e-01
   5.4148791e-01
   5.4155270e-01
   5.4155270e-01
   5.4175563e-01
   5.4177138e-01
   5.4177138e-01
   5.4178155e-01
   5.4179541e-01
   5.4616834e-01
   5.4623395e-01
   5.4625143e-01
   5.4626210e-01
   5.4626921e-01
   5.4628669e-01
   5.4629810e-01
   5.4694123e-01
   5.4710684e-01
   5.4870316e-01
   5.4873787e-01
   5.4873787e-01
   5.4883876e-01
   5.4885885e-01
   5.4892602e-01
   5.4897104e-01
   5.4898067e-01
   5.4905802e-01
   5.4906623e-01
   5.5040479e-01
   5.5046942e-01
   5.5049826e-01
   5.5093138e-01
   5.5096935e-01
   5.5098702e-01
   5.5200377e-01
   5.5200377e-01
   5.5202984e-01
   5.5207896e-01
   5.5216024e-01
   5.5224860e-01
   5.5229282e-01
   5.5234510e-01
   5.5241542e-01
   5.5242505e-01
   5.5243531e-01
   5.5245251e-01
   5.5270125e-01
   5.5272258e-01
   5.5276321e-01
   5.5277881e-01
   5.5279482e-01
   5.5280731e-01
   5.5291527e-01
   5.5296288e-01
   5.5299472e-01
   5.5312637e-01
   5.5314270e-01
   5.5322794e-01
   5.5327401e-01
   5.5432436e-01
   5.5434715e-01
   5.5435960e-01
   5.5438601e-01
   5.5439960e-01
   5.5446919e-01
   5.5459508e-01
   5.5472957e-01
   5.5474673e-01
   5.5474673e-01
   5.5475941e-01
   5.5480662e-01
   5.5481931e-01
   5.5485969e-01
   5.5485969e-01
   5.5503313e-01
   5.5507506e-01
   5.5508700e-01
   5.5509902e-01
   5.5511442e-01
   5.5516602e-01
   5.5516602e-01
   5.5520434e-01
   5.5526749e-01
   5.5528434e-01
   5.5544263e-01
   5.5545796e-01
   5.5547486e-01
   5.5547486e-01
   5.5549394e-01
   5.5549394e-01
   5.5566483e-01
   5.5572713e-01
   5.5574108e-01
   5.5579113e-01
   5.5608879e-01
   5.5611524e-01
   5.5612775e-01
   5.5649689e-01
   5.5654729e-01
   5.5670370e-01
   5.5690350e-01
   5.5692228e-01
   5.5694193e-01
   5.5695463e-01
   5.5698536e-01
   5.5699328e-01
   5.5699328e-01
   5.5700594e-01
   5.5707895e-01
   5.5709316e-01
   5.5710437e-01
   5.5711785e-01
   5.5719553e-01
   5.5721186e-01
   5.5722447e-01
   5.5725238e-01
   5.5730129e-01
   5.5731914e-01
   5.5733704e-01
   5.5765584e-01
   5.5766557e-01
   5.5786419e-01
   5.6210784e-01
   5.6214757e-01
   5.6215734e-01
   5.6221737e-01
   5.6225497e-01
   5.6226990e-01
   5.6227682e-01
   5.6228981e-01
   5.6230216e-01
   5.6231885e-01
   5.6233785e-01
   5.6316882e-01
   5.6322043e-01
   5.6323860e-01
   5.6381513e-01
   5.6414785e-01
   5.6415524e-01
   5.6434170e-01
   5.6434170e-01
   5.6438170e-01
   5.6439306e-01
   5.6440854e-01
   5.6440854e-01
   5.6484672e-01
   5.6490051e-01
   5.6490051e-01
   5.6527304e-01
   5.6528819e-01
   5.6556010e-01
   5.6556010e-01
   5.6558973e-01
   5.6558973e-01
   5.6564599e-01
   5.6566085e-01
   5.6573060e-01
   5.6575526e-01
   5.6581693e-01
   5.6582884e-01
   5.6627626e-01
   5.6635392e-01
   5.6637051e-01
   5.6638831e-01
   5.6640753e-01
   5.6976569e-01
   5.6990548e-01
   5.6997838e-01
   5.6999394e-01
   5.6999394e-01
   5.7001014e-01
   5.7016016e-01
   5.7020193e-01
   5.7030331e-01
   5.7032128e-01
   5.7034888e-01
   5.7038130e-01
   5.7039400e-01
   5.7071809e-01
   5.7071809e-01
   5.7072843e-01
   5.7073870e-01
   5.7081023e-01
   5.7084395e-01
   5.7429122e-01
   5.7430805e-01
   5.7432324e-01
   5.7433839e-01
   5.7434784e-01
   5.7436513e-01
   5.7438292e-01
   5.7441831e-01
   5.7441831e-01
   5.7442877e-01
   5.7821891e-01
   5.7823771e-01
   5.7824813e-01
   5.7826323e-01
   5.7827371e-01
   5.7872088e-01
   5.7886937e-01
   5.8304034e-01
   5.8307355e-01
   5.8314166e-01
   5.8320640e-01
   5.8327491e-01
   5.8332240e-01
   5.8335342e-01
   5.8336667e-01
   5.8376980e-01
   5.8378785e-01
   5.8381959e-01
   5.8381959e-01
   5.8381959e-01
   5.8385367e-01
   5.8387153e-01
   5.8394092e-01
   5.8400451e-01
   5.8401870e-01
   5.8421385e-01
   5.8422758e-01
   5.8424230e-01
   5.8424230e-01
   5.8448856e-01
   5.8448856e-01
   5.8448856e-01
   5.8452588e-01
   5.8467870e-01
   5.8500942e-01
   5.8506965e-01
   5.8508146e-01
   5.8515850e-01
   5.8629264e-01
   5.8633041e-01
   5.8635025e-01
   5.8678077e-01
   5.8697262e-01
   5.8698522e-01
   5.8736243e-01
   5.8759371e-01
   5.8797393e-01
   5.8798505e-01
   5.8855322e-01
   5.8858601e-01
   5.8902103e-01
   5.8904810e-01
   5.8905796e-01
   5.8907981e-01
   5.8911661e-01
   5.8921568e-01
   5.8925540e-01
   5.8927329e-01
   5.8931362e-01
   5.8942158e-01
   5.8945643e-01
   5.9007117e-01
   5.9013617e-01
   5.9016072e-01
   5.9309288e-01
   5.9314367e-01
   5.9320986e-01
   5.9334842e-01
   5.9336228e-01
   5.9337647e-01
   5.9639164e-01
   5.9645132e-01
   5.9646101e-01
   5.9649557e-01
   5.9715103e-01
   6.0059414e-01
   6.0059414e-01
   6.0059414e-01
   6.0069311e-01
   6.0154760e-01
   6.0159256e-01
   6.0160357e-01
   6.0161925e-01
   6.0161925e-01
   6.0187917e-01
   6.0190546e-01
   6.0191771e-01
   6.0304700e-01
   6.0306627e-01
   6.0308877e-01
   6.0309972e-01
   6.0314230e-01
   6.0315496e-01
   6.0316580e-01
   6.0317946e-01
   6.0387356e-01
   6.0400591e-01
   6.0425306e-01
   6.0448109e-01
   6.0657706e-01
   6.0658907e-01
   6.0685799e-01
   6.0686991e-01
   6.0689014e-01
   6.0689014e-01
   6.0701184e-01
   6.1113089e-01
   6.1116451e-01
   6.1122113e-01
   6.1127634e-01
   6.1131014e-01
   6.1208974e-01
   6.1693914e-01
   6.1695117e-01
   6.2123129e-01
   6.2132328e-01
   6.2134046e-01
   6.2135046e-01
   6.2138251e-01
   6.2146802e-01
   6.2212999e-01
   6.2216781e-01
   6.2218343e-01
   6.2361249e-01
   6.2364743e-01
   6.2365937e-01
   6.2403084e-01
   6.2451773e-01
   6.2456986e-01
   6.2498184e-01
   6.2500047e-01
   6.2501804e-01
   6.2503322e-01
   6.2534580e-01
   6.2542588e-01
   6.2602833e-01
   6.2604307e-01
   6.2634965e-01
   6.2636195e-01
   6.2643740e-01
   6.2655235e-01
   6.2656753e-01
   6.2682216e-01
   6.2692599e-01
   6.3286068e-01
   6.3287377e-01
   6.3288949e-01
   6.3290103e-01
   6.3291385e-01
   6.3294609e-01
   6.3296568e-01
   6.3302547e-01
   6.3307478e-01
   6.3311278e-01
   6.3319307e-01
   6.3324714e-01
   6.3397873e-01
   6.3409686e-01
   6.3435680e-01
   6.3440270e-01
   6.3458933e-01
   6.3462459e-01
   6.3547144e-01
   6.3552580e-01
   6.3557894e-01
   6.3560847e-01
   6.3561864e-01
   6.3565477e-01
   6.3566813e-01
   6.3566813e-01
   6.3568147e-01
   6.3575742e-01
   6.3578862e-01
   6.3580945e-01
   6.3584374e-01
   6.3591322e-01
   6.3594876e-01
   6.3596582e-01
   6.3596582e-01
   6.3610917e-01
   6.3611900e-01
   6.3643353e-01
   6.3644262e-01
   6.3652678e-01
   6.3672675e-01
   6.3676547e-01
   6.3689189e-01
   6.3689189e-01
   6.3700817e-01
   6.3702339e-01
   6.3702339e-01
   6.3703441e-01
   6.3705441e-01
   6.3707034e-01
   6.3722367e-01
   6.3774092e-01
   6.3793176e-01
   6.3794451e-01
   6.3805597e-01
   6.3811703e-01
   6.3826358e-01
   6.3827459e-01
   6.3884202e-01
   6.3884202e-01
   6.3885815e-01
   6.3886728e-01
   6.3904953e-01
   6.3906191e-01
   6.3913487e-01
   6.3920521e-01
   6.3920521e-01
   6.3921725e-01
   6.3927540e-01
   6.4033586e-01
   6.4033586e-01
   6.4037333e-01
   6.4108147e-01
   6.4109355e-01
   6.4116772e-01
   6.4161345e-01
   6.4166099e-01
   6.4167632e-01
   6.4167632e-01
   6.4167632e-01
   6.4173596e-01
   6.4173596e-01
   6.4175097e-01
   6.4175097e-01
   6.4185594e-01
   6.4190778e-01
   6.4292754e-01
   6.4298336e-01
   6.4299374e-01
   6.4491243e-01
   6.4492650e-01
   6.4493952e-01
   6.4500788e-01
   6.4504062e-01
   6.4512674e-01
   6.4516867e-01
   6.4518131e-01
   6.4524481e-01
   6.4525450e-01
   6.4532589e-01
   6.4540085e-01
   6.4567686e-01
   6.4568980e-01
   6.4573785e-01
   6.4576320e-01
   6.4577653e-01
   6.4578567e-01
   6.4594756e-01
   6.4605792e-01
   6.4605792e-01
   6.4607247e-01
   6.4608074e-01
   6.4625641e-01
   6.4625641e-01
   6.4629350e-01
   6.4630773e-01
   6.4633800e-01
   6.5043752e-01
   6.5044781e-01
   6.5060030e-01
   6.5064545e-01
   6.5143820e-01
   6.5145210e-01
   6.5151027e-01
   6.5152617e-01
   6.5153512e-01
   6.5158102e-01
   6.5275699e-01
   6.5280459e-01
   6.5288106e-01
   6.5291310e-01
   6.5303840e-01
   6.5314684e-01
   6.5320786e-01
   6.5322295e-01
   6.5325157e-01
   6.5330648e-01
   6.5478973e-01
   6.5482514e-01
   6.5482514e-01
   6.5484209e-01
   6.5486428e-01
   6.5926869e-01
   6.5927547e-01
   6.6021068e-01
   6.6024925e-01
   6.6026057e-01
   6.6039810e-01
   6.6041125e-01
   6.6045477e-01
   6.6083450e-01
   6.6085207e-01
   6.6086922e-01
   6.6090817e-01
   6.6478982e-01
   6.6482716e-01
   6.6485211e-01
   6.6486721e-01
   6.6488002e-01
   6.6488002e-01
   6.6517323e-01
   6.6517323e-01
   6.6524959e-01
   6.6530944e-01
   6.6532523e-01
   6.6534187e-01
   6.6536272e-01
   6.6575062e-01
   6.6617429e-01
   6.6630407e-01
   6.6631687e-01
   6.6632896e-01
   6.6636586e-01
   6.6641981e-01
   6.6645552e-01
   6.6646879e-01
   6.6648334e-01
   6.6650964e-01
   6.6656853e-01
   6.6656853e-01
   6.6660820e-01
   6.6665263e-01
   6.6669487e-01
   6.6675757e-01
   6.6677300e-01
   6.6680907e-01
   6.6685309e-01
   6.6692215e-01
   6.6693333e-01
   6.6695230e-01
   6.6695230e-01
   6.6702446e-01
   6.6704496e-01
   6.6709260e-01
   6.6709260e-01
   6.6720250e-01
   6.6722500e-01
   6.6731944e-01
   6.6912388e-01
   6.6914530e-01
   6.7184501e-01
   6.7195577e-01
   6.7219222e-01
   6.7227741e-01
   6.7229358e-01
   6.7229358e-01
   6.7230670e-01
   6.7233545e-01
   6.7242701e-01
   6.7320411e-01
   6.7325659e-01
   6.7325659e-01
   6.7326623e-01
   6.7326623e-01
   6.7330250e-01
   6.7419629e-01
   6.7428594e-01
   6.7433455e-01
   6.7455514e-01
   6.7477735e-01
   6.7503525e-01
   6.7518156e-01
   6.7518688e-01
   6.7521018e-01
   6.7522138e-01
   6.7533777e-01
   6.7749071e-01
   6.7755973e-01
   6.7757386e-01
   6.7760080e-01
   6.7785095e-01
   6.7787954e-01
   6.7792043e-01
   6.7793392e-01
   6.7795110e-01
   6.7799395e-01
   6.7799395e-01
   6.7819998e-01
   6.7827317e-01
   6.7833180e-01
   6.7837588e-01
   6.7880104e-01
   6.7889768e-01
   6.7897600e-01
   6.8422881e-01
   6.8432246e-01
   6.8654686e-01
   6.8661418e-01
   6.8702657e-01
   6.8723125e-01
   6.8726153e-01
   6.8854503e-01
   6.8860286e-01
   6.8861540e-01
   6.8865575e-01
   6.8879246e-01
   6.8884713e-01
   6.8889208e-01
   6.8893685e-01
   6.8896410e-01
   6.9212514e-01
   6.9213930e-01
   6.9215427e-01
   6.9216920e-01
   6.9218298e-01
   6.9255778e-01
   6.9257067e-01
   6.9260614e-01
   6.9309093e-01
   6.9606980e-01
   6.9611373e-01
   6.9612694e-01
   6.9614665e-01
   6.9616072e-01
   6.9621040e-01
   6.9622295e-01
   6.9627495e-01
   7.0058547e-01
   7.0062272e-01
   7.0065569e-01
   7.0572694e-01
   7.0577726e-01
   7.0581533e-01
   7.0594539e-01
   7.0595834e-01
   7.0599700e-01
   7.0666186e-01
   7.0679971e-01
   7.0680640e-01
   7.0686214e-01
   7.0695084e-01
   7.0722949e-01
   7.0722949e-01
   7.0724700e-01
   7.0737510e-01
   7.0740755e-01
   7.0740755e-01
   7.0742177e-01
   7.0844394e-01
   7.0848557e-01
   7.0864015e-01
   7.0867146e-01
   7.0868015e-01
   7.0886445e-01
   7.0890467e-01
   7.0892015e-01
   7.0896032e-01
   7.0896032e-01
   7.0897719e-01
   7.0897719e-01
   7.0897719e-01
   7.0897719e-01
   7.0899188e-01
   7.0899188e-01
   7.0900421e-01
   7.0914345e-01
   7.0914345e-01
   7.0921609e-01
   7.0924808e-01
   7.0925957e-01
   7.0935024e-01
   7.0974965e-01
   7.0976780e-01
   7.1051247e-01
   7.1081790e-01
   7.1087401e-01
   7.1089423e-01
   7.1091320e-01
   7.1093052e-01
   7.1093052e-01
   7.1093052e-01
   7.1095068e-01
   7.1096971e-01
   7.1102245e-01
   7.1103578e-01
   7.1109714e-01
   7.1177166e-01
   7.1178505e-01
   7.1180159e-01
   7.1216533e-01
   7.1221111e-01
   7.1225858e-01
   7.1233197e-01
   7.1233197e-01
   7.1234266e-01
   7.1236884e-01
   7.1237845e-01
   7.1329360e-01
   7.1332308e-01
   7.1333626e-01
   7.1334790e-01
   7.1370395e-01
   7.1373182e-01
   7.1373182e-01
   7.1374894e-01
   7.1378607e-01
   7.1392632e-01
   7.1394113e-01
   7.1416139e-01
   7.1421482e-01
   7.1430812e-01
   7.1432218e-01
   7.1436456e-01
   7.1438458e-01
   7.1440349e-01
   7.1491885e-01
   7.1497258e-01
   7.1498673e-01
   7.1504676e-01
   7.1506402e-01
   7.1507813e-01
   7.1515482e-01
   7.1516613e-01
   7.1525352e-01
   7.1526304e-01
   7.1530272e-01
   7.1561505e-01
   7.1585765e-01
   7.1602792e-01
   7.1603556e-01
   7.1603556e-01
   7.1603556e-01
   7.1603556e-01
   7.1607830e-01
   7.1797344e-01
   7.1803252e-01
   7.1814992e-01
   7.1820183e-01
   7.1824180e-01
   7.1825956e-01
   7.1831006e-01
   7.1984995e-01
   7.1989764e-01
   7.1989764e-01
   7.1994808e-01
   7.1998892e-01
   7.2005240e-01
   7.2006753e-01
   7.2007901e-01
   7.2011306e-01
   7.2023573e-01
   7.2039368e-01
   7.2043387e-01
   7.2044304e-01
   7.2044304e-01
   7.2046981e-01
   7.2062685e-01
   7.2066944e-01
   7.2076639e-01
   7.2076639e-01
   7.2081234e-01
   7.2082834e-01
   7.2086831e-01
   7.2096492e-01
   7.2100007e-01
   7.2103817e-01
   7.2103817e-01
   7.2107042e-01
   7.2107042e-01
   7.2108539e-01
   7.2113232e-01
   7.2116376e-01
   7.2117693e-01
   7.2121109e-01
   7.2121109e-01
   7.2121978e-01
   7.2121978e-01
   7.2125833e-01
   7.2125833e-01
   7.2134879e-01
   7.2135735e-01
   7.2136932e-01
   7.2138323e-01
   7.2146818e-01
   7.2146818e-01
   7.2148446e-01
   7.2150280e-01
   7.2206021e-01
   7.2209663e-01
   7.2213986e-01
   7.2215367e-01
   7.2228107e-01
   7.2238478e-01
   7.2239897e-01
   7.2243598e-01
   7.2279485e-01
   7.2285920e-01
   7.2318371e-01
   7.2322432e-01
   7.2323335e-01
   7.2325961e-01
   7.2330547e-01
   7.2339085e-01
   7.2343194e-01
   7.2344468e-01
   7.2355285e-01
   7.2358421e-01
   7.2359600e-01
   7.2359600e-01
   7.2364241e-01
   7.2365555e-01
   7.2366540e-01
   7.2515590e-01
   7.2520812e-01
   7.2522337e-01
   7.2523152e-01
   7.2524676e-01
   7.2524676e-01
   7.2529160e-01
   7.2542627e-01
   7.2546356e-01
   7.2547642e-01
   7.2549328e-01
   7.2589853e-01
   7.2590960e-01
   7.2928004e-01
   7.2932383e-01
   7.2934194e-01
   7.2935232e-01
   7.2945458e-01
   7.2945458e-01
   7.2952642e-01
   7.2978871e-01
   7.2984594e-01
   7.2985761e-01
   7.2987478e-01
   7.2989267e-01
   7.2992298e-01
   7.2993687e-01
   7.3353483e-01
   7.3353483e-01
   7.3354384e-01
   7.3383834e-01
   7.3384896e-01
   7.3386777e-01
   7.3392436e-01
   7.3402856e-01
   7.3404018e-01
   7.3731214e-01
   7.3733785e-01
   7.3734951e-01
   7.3738406e-01
   7.3756678e-01
   7.3756678e-01
   7.3761644e-01
   7.3808966e-01
   7.3880515e-01
   7.3888124e-01
   7.4125811e-01
   7.4127450e-01
   7.4131566e-01
   7.4138419e-01
   7.4164618e-01
   7.4619420e-01
   7.4626943e-01
   7.4628282e-01
   7.4629818e-01
   7.4635645e-01
   7.4661954e-01
   7.4661954e-01
   7.4661954e-01
   7.4663053e-01
   7.4663944e-01
   7.4663944e-01
   7.4669205e-01
   7.4673750e-01
   7.4679983e-01
   7.4679983e-01
   7.4681472e-01
   7.4682718e-01
   7.4682718e-01
   7.4689029e-01
   7.4698187e-01
   7.4703969e-01
   7.4705190e-01
   7.4712324e-01
   7.4712324e-01
   7.4721251e-01
   7.4727340e-01
   7.4733430e-01
   7.4737726e-01
   7.4943357e-01
   7.4946979e-01
   7.4946979e-01
   7.4948654e-01
   7.5001547e-01
   7.5035711e-01
   7.5036479e-01
   7.5040872e-01
   7.5088511e-01
   7.5096490e-01
   7.5158066e-01
   7.5171459e-01
   7.5173299e-01
   7.5174523e-01
   7.5176261e-01
   7.5184543e-01
   7.5187902e-01
   7.5413873e-01
   7.5413873e-01
   7.5415578e-01
   7.5417095e-01
   7.5466975e-01
   7.5467966e-01
   7.5471354e-01
   7.5471354e-01
   7.5472213e-01
   7.5475887e-01
   7.5477628e-01
   7.5479673e-01
   7.5484272e-01
   7.5484272e-01
   7.5498911e-01
   7.5502873e-01
   7.5537401e-01
   7.5666323e-01
   7.5673394e-01
   7.5692159e-01
   7.5692159e-01
   7.5693526e-01
   7.5896717e-01
   7.5900621e-01
   7.5902291e-01
   7.5902291e-01
   7.5903717e-01
   7.5904641e-01
   7.5906574e-01
   7.5910326e-01
   7.5911654e-01
   7.5916290e-01
   7.5929661e-01
   7.6009654e-01
   7.6013053e-01
   7.6015092e-01
   7.6018124e-01
   7.6025642e-01
   7.6026959e-01
   7.6355209e-01
   7.6356139e-01
   7.6413467e-01
   7.6415111e-01
   7.6417051e-01
   7.6418578e-01
   7.6893847e-01
   7.6896789e-01
   7.6927073e-01
   7.6954146e-01
   7.6954963e-01
   7.6982593e-01
   7.6987734e-01
   7.7007996e-01
   7.7009473e-01
   7.7019399e-01
   7.7020361e-01
   7.7026424e-01
   7.7028318e-01
   7.7034520e-01
   7.7035720e-01
   7.7035720e-01
   7.7037401e-01
   7.7037401e-01
   7.7038774e-01
   7.7045300e-01
   7.7050366e-01
   7.7051156e-01
   7.7066945e-01
   7.7068559e-01
   7.7304377e-01
   7.7309209e-01
   7.7312753e-01
   7.7313847e-01
   7.7315240e-01
   7.7318487e-01
   7.7320385e-01
   7.7321252e-01
   7.7322471e-01
   7.7327560e-01
   7.7365366e-01
   7.7367037e-01
   7.7368241e-01
   7.7369962e-01
   7.7373053e-01
   7.7379767e-01
   7.7391446e-01
   7.7629694e-01
   7.7631183e-01
   7.7633529e-01
   7.7684771e-01
   7.7690581e-01
   7.7817617e-01
   7.7820172e-01
   7.7836386e-01
   7.7837596e-01
   7.7838815e-01
   7.7845104e-01
   7.7845104e-01
   7.7845104e-01
   7.7845104e-01
   7.7849398e-01
   7.7851452e-01
   7.7864435e-01
   7.7864435e-01
   7.7869064e-01
   7.7881247e-01
   7.7883082e-01
   7.7885699e-01
   7.7889034e-01
   7.7903820e-01
   7.7909441e-01
   7.7910737e-01
   7.7915765e-01
   7.7917231e-01
   7.7935691e-01
   7.7943292e-01
   7.7945274e-01
   7.7946430e-01
   7.7948074e-01
   7.7948074e-01
   7.7954048e-01
   7.7954838e-01
   7.7954838e-01
   7.7961278e-01
   7.7962932e-01
   7.7962932e-01
   7.7966778e-01
   7.7970571e-01
   7.7974575e-01
   7.8014834e-01
   7.8016276e-01
   7.8017391e-01
   7.8019332e-01
   7.8021122e-01
   7.8021122e-01
   7.8028657e-01
   7.8035303e-01
   7.8258268e-01
   7.8264653e-01
   7.8266542e-01
   7.8274896e-01
   7.8278542e-01
   7.8278542e-01
   7.8279610e-01
   7.8285480e-01
   7.8287050e-01
   7.8288319e-01
   7.8291879e-01
   7.8296703e-01
   7.8303234e-01
   7.8308342e-01
   7.8309712e-01
   7.8336890e-01
   7.8346836e-01
   7.8590282e-01
   7.8596874e-01
   7.8598583e-01
   7.8601668e-01
   7.8611133e-01
   7.8612772e-01
   7.8612772e-01
   7.8613578e-01
   7.8625969e-01
   7.9164669e-01
   7.9166745e-01
   7.9172481e-01
   7.9173813e-01
   7.9620899e-01
   7.9622176e-01
   7.9623245e-01
   7.9626195e-01
   7.9633648e-01
   7.9637698e-01
   7.9639183e-01
   7.9639183e-01
   7.9639979e-01
   7.9645833e-01
   7.9665871e-01
   7.9666861e-01
   7.9686609e-01
   7.9691026e-01
   7.9692497e-01
   7.9696980e-01
   7.9698914e-01
   7.9726346e-01
   7.9730575e-01
   7.9755470e-01
   7.9760553e-01
   7.9764472e-01
   7.9788527e-01
   7.9788527e-01
   7.9788527e-01
   7.9789834e-01
   7.9795601e-01
   7.9798782e-01
   7.9800821e-01
   7.9805271e-01
   7.9911943e-01
   7.9916177e-01
   7.9930633e-01
   7.9932669e-01
   7.9936526e-01
   7.9944763e-01
   7.9946075e-01
   7.9947280e-01
   7.9948408e-01
   7.9956035e-01
   8.0436745e-01
   8.0439838e-01
   8.0442836e-01
   8.0442836e-01
   8.0444607e-01
   8.0770451e-01
   8.0775418e-01
   8.0780147e-01
   8.0783479e-01
   8.1046179e-01
   8.1048025e-01
   8.1062340e-01
   8.1088054e-01
   8.1089445e-01
   8.1095207e-01
   8.1095207e-01
   8.1096708e-01
   8.1100693e-01
   8.1102592e-01
   8.1121322e-01
   8.1121852e-01
   8.1122958e-01
   8.1127351e-01
   8.1127351e-01
   8.1138791e-01
   8.1140336e-01
   8.1141373e-01
   8.1142499e-01
   8.1144200e-01
   8.1155057e-01
   8.1163301e-01
   8.1653357e-01
   8.1659078e-01
   8.1666263e-01
   8.1666263e-01
   8.1666263e-01
   8.1671054e-01
   8.1672251e-01
   8.1846081e-01
   8.1847621e-01
   8.1847621e-01
   8.1847621e-01
   8.1848885e-01
   8.1875088e-01
   8.1876385e-01
   8.1883276e-01
   8.2055268e-01
   8.2058702e-01
   8.2058702e-01
   8.2060381e-01
   8.2061063e-01
   8.2441545e-01
   8.2443447e-01
   8.2471432e-01
   8.2471432e-01
   8.2471432e-01
   8.2473112e-01
   8.2474385e-01
   8.2475528e-01
   8.2476987e-01
   8.2511793e-01
   8.2512934e-01
   8.2528046e-01
   8.2617538e-01
   8.2623283e-01
   8.2627633e-01
   8.2633374e-01
   8.2634852e-01
   8.2635831e-01
   8.2637541e-01
   8.2711149e-01
   8.2720858e-01
   8.2722595e-01
   8.2723515e-01
   8.2730875e-01
   8.2732576e-01
   8.2732576e-01
   8.2733879e-01
   8.2736776e-01
   8.2742365e-01
   8.2744497e-01
   8.2745633e-01
   8.2747804e-01
   8.2748771e-01
   8.2750384e-01
   8.2751327e-01
   8.2752374e-01
   8.2753611e-01
   8.2757274e-01
   8.2758722e-01
   8.2759609e-01
   8.2761165e-01
   8.2766116e-01
   8.2781193e-01
   8.2783086e-01
   8.2806461e-01
   8.2807587e-01
   8.2847429e-01
   8.2857028e-01
   8.2857028e-01
   8.2857028e-01
   8.2864140e-01
   8.2871904e-01
   8.2875754e-01
   8.3203805e-01
   8.3208868e-01
   8.3219301e-01
   8.3222293e-01
   8.3222293e-01
   8.3230157e-01
   8.3230841e-01
   8.3513138e-01
   8.3514759e-01
   8.3518925e-01
   8.3526795e-01
   8.3530010e-01
   8.3530010e-01
   8.3533667e-01
   8.4019027e-01
   8.4020924e-01
   8.4037649e-01
   8.4037649e-01
   8.4038494e-01
   8.4040174e-01
   8.4041215e-01
   8.4046948e-01
   8.4048936e-01
   8.4048936e-01
   8.4050324e-01
   8.4124106e-01
   8.4125437e-01
   8.4125437e-01
   8.4134731e-01
   8.4138037e-01
   8.4139568e-01
   8.4140822e-01
   8.4171484e-01
   8.4176610e-01
   8.4177628e-01
   8.4177628e-01
   8.4182157e-01
   8.4184210e-01
   8.4200061e-01
   8.4201260e-01
   8.4203650e-01
   8.4208111e-01
   8.4212457e-01
   8.4252623e-01
   8.4266249e-01
   8.4268130e-01
   8.4652407e-01
   8.4662460e-01
   8.4998193e-01
   8.5001230e-01
   8.5002455e-01
   8.5040903e-01
   8.5045955e-01
   8.5049128e-01
   8.5050728e-01
   8.5052007e-01
   8.5101911e-01
   8.5103182e-01
   8.5109375e-01
   8.5115611e-01
   8.5549017e-01
   8.5550812e-01
   8.5552681e-01
   8.5554024e-01
   8.5570260e-01
   8.5915206e-01
   8.5922401e-01
   8.5922401e-01
   8.5925342e-01
   8.5925342e-01
   8.5947490e-01
   8.5947490e-01
   8.5947490e-01
   8.5947490e-01
   8.5947490e-01
   8.5950595e-01
   8.5965158e-01
   8.5970298e-01
   8.5976790e-01
   8.5982730e-01
   8.5984543e-01
   8.6004633e-01
   8.6008695e-01
   8.6016266e-01
   8.6017667e-01
   8.6027255e-01
   8.6033836e-01
   8.6035198e-01
   8.6037820e-01
   8.6039371e-01
   8.6046678e-01
   8.6047992e-01
   8.6049720e-01
   8.6051417e-01
   8.6058075e-01
   8.6062608e-01
   8.6087043e-01
   8.6136793e-01
   8.6138190e-01
   8.6139868e-01
   8.6150308e-01
   8.6158871e-01
   8.6160223e-01
   8.6160223e-01
   8.6172833e-01
   8.6199871e-01
   8.6246042e-01
   8.6247144e-01
   8.6253621e-01
   8.6254654e-01
   8.6256209e-01
   8.6258924e-01
   8.6418912e-01
   8.6422880e-01
   8.6423645e-01
   8.6659615e-01
   8.6665237e-01
   8.7117239e-01
   8.7129151e-01
   8.7132294e-01
   8.7133725e-01
   8.7135364e-01
   8.7135364e-01
   8.7136325e-01
   8.7140227e-01
   8.7148138e-01
   8.7149843e-01
   8.7151128e-01
   8.7171760e-01
   8.7181290e-01
   8.7183246e-01
   8.7184628e-01
   8.7193373e-01
   8.7200218e-01
   8.7204039e-01
   8.7209839e-01
   8.7209839e-01
   8.7215296e-01
   8.7216723e-01
   8.7216723e-01
   8.7247578e-01
   8.7258453e-01
   8.7260300e-01
   8.7261387e-01
   8.7261387e-01
   8.7267161e-01
   8.7268392e-01
   8.7269028e-01
   8.7292580e-01
   8.7294471e-01
   8.7304363e-01
   8.7305967e-01
   8.7307070e-01
   8.7308484e-01
   8.7308484e-01
   8.7308484e-01
   8.7310521e-01
   8.7312215e-01
   8.7654949e-01
   8.7656091e-01
   8.7685177e-01
   8.7686606e-01
   8.7822335e-01
   8.7822335e-01
   8.7822335e-01
   8.7833617e-01
   8.7835754e-01
   8.7835754e-01
   8.7843297e-01
   8.7849987e-01
   8.7849987e-01
   8.7849987e-01
   8.7850967e-01
   8.7870522e-01
   8.7871593e-01
   8.7874305e-01
   8.7926926e-01
   8.7928186e-01
   8.7932149e-01
   8.7933349e-01
   8.7936437e-01
   8.7936437e-01
   8.7942206e-01
   8.7979589e-01
   8.7980692e-01
   8.7981696e-01
   8.7981696e-01
   8.8003380e-01
   8.8017375e-01
   8.8023791e-01
   8.8034729e-01
   8.8039382e-01
   8.8318301e-01
   8.8319850e-01
   8.8322458e-01
   8.8325558e-01
   8.8330988e-01
   8.8339008e-01
   8.8340989e-01
   8.8346286e-01
   8.8400889e-01
   8.8403042e-01
   8.8403042e-01
   8.8404338e-01
   8.8409078e-01
   8.8410559e-01
   8.8442752e-01
   8.8457803e-01
   8.8483066e-01
   8.8490831e-01
   8.8500628e-01
   8.8500628e-01
   8.8501567e-01
   8.8528265e-01
   8.8546776e-01
   8.8558594e-01
   8.8558594e-01
   8.8559779e-01
   8.8561355e-01
   8.8594825e-01
   8.8600625e-01
   8.8600625e-01
   8.8605772e-01
   8.8617747e-01
   8.8619646e-01
   8.8645048e-01
   8.8646056e-01
   8.8647040e-01
   8.8648787e-01
   8.8649990e-01
   8.8680473e-01
   8.8684750e-01
   8.8723145e-01
   8.8739706e-01
   8.8751461e-01
   8.8752855e-01
   8.8754058e-01
   8.8755932e-01
   8.8759099e-01
   8.8778097e-01
   8.8778097e-01
   8.8781763e-01
   8.8782847e-01
   8.8783580e-01
   8.8786818e-01
   8.8789992e-01
   8.8865123e-01
   8.8906402e-01
   8.8910044e-01
   8.8913354e-01
   8.8915483e-01
   8.8921387e-01
   8.8938993e-01
   8.8958030e-01
   8.8966158e-01
   8.8978188e-01
   8.8979237e-01
   8.8981105e-01
   8.8982426e-01
   8.8983857e-01
   8.8984870e-01
   8.8984870e-01
   8.9004145e-01
   8.9005124e-01
   8.9010049e-01
   8.9291891e-01
   8.9293244e-01
   8.9779729e-01
   8.9781362e-01
   8.9781362e-01
   8.9782463e-01
   8.9796615e-01
   8.9807018e-01
   8.9807018e-01
   8.9809721e-01
   8.9810512e-01
   8.9817539e-01
   8.9821490e-01
   8.9846539e-01
   8.9850484e-01
   8.9850484e-01
   8.9856853e-01
   8.9856853e-01
   8.9861054e-01
   8.9865204e-01
   8.9866238e-01
   8.9867074e-01
   8.9869624e-01
   8.9885815e-01
   8.9887535e-01
   8.9889486e-01
   8.9934295e-01
   8.9938471e-01
   8.9940123e-01
   8.9940123e-01
   8.9940123e-01
   8.9942949e-01
   8.9961971e-01
   9.0270118e-01
   9.0271656e-01
   9.0280085e-01
   9.0281457e-01
   9.0610798e-01
   9.0614107e-01
   9.0615175e-01
   9.0617823e-01
   9.0639735e-01
   9.0641551e-01
   9.0641551e-01
   9.0643202e-01
   9.0650503e-01
   9.0651719e-01
   9.0653254e-01
   9.0700171e-01
   9.0767281e-01
   9.0773405e-01
   9.0778200e-01
   9.0779770e-01
   9.0779770e-01
   9.0781263e-01
   9.0784428e-01
   9.0963302e-01
   9.0967673e-01
   9.1419415e-01
   9.1423329e-01
   9.1439532e-01
   9.1447973e-01
   9.1501453e-01
   9.1517298e-01
   9.1521828e-01
   9.1523343e-01
   9.1547858e-01
   9.1859974e-01
   9.1861652e-01
   9.1863233e-01
   9.1873508e-01
   9.1875145e-01
   9.1880013e-01
   9.1880013e-01
   9.1883697e-01
   9.1886988e-01
   9.1905385e-01
   9.1980547e-01
   9.1991167e-01
   9.1994634e-01
   9.1994634e-01
   9.1994634e-01
   9.1998204e-01
   9.2003430e-01
   9.2004722e-01
   9.2032959e-01
   9.2034037e-01
   9.2035684e-01
   9.2037164e-01
   9.2039786e-01
   9.2043714e-01
   9.2045733e-01
   9.2046987e-01
   9.2051270e-01
   9.2139778e-01
   9.2145933e-01
   9.2149402e-01
   9.2150908e-01
   9.2169856e-01
   9.2195386e-01
   9.2197238e-01
   9.2199131e-01
   9.2204456e-01
   9.2208292e-01
   9.2213002e-01
   9.2218975e-01
   9.2232269e-01
   9.2599127e-01
   9.2600642e-01
   9.2605506e-01
   9.2606922e-01
   9.2608583e-01
   9.2612219e-01
   9.2616564e-01
   9.2623020e-01
   9.2624084e-01
   9.2630068e-01
   9.2633600e-01
   9.2634530e-01
   9.2669721e-01
   9.2678835e-01
   9.2683426e-01
   9.2685198e-01
   9.2686775e-01
   9.2686775e-01
   9.2688466e-01
   9.2688466e-01
   9.2691440e-01
   9.2691440e-01
   9.2692666e-01
   9.2694607e-01
   9.2715743e-01
   9.2721472e-01
   9.2728911e-01
   9.2730299e-01
   9.2731146e-01
   9.2732406e-01
   9.2733810e-01
   9.2735157e-01
   9.2735157e-01
   9.2759450e-01
   9.2761083e-01
   9.2762710e-01
   9.2766071e-01
   9.2769726e-01
   9.2770756e-01
   9.2775615e-01
   9.2777095e-01
   9.2778925e-01
   9.2784325e-01
   9.2796540e-01
   9.2796540e-01
   9.2797743e-01
   9.2806246e-01
   9.2811724e-01
   9.2813043e-01
   9.3255626e-01
   9.3263445e-01
   9.3339984e-01
   9.3405455e-01
   9.3405455e-01
   9.3409325e-01
   9.3424768e-01
   9.3441689e-01
   9.3441689e-01
   9.3447495e-01
   9.3448874e-01
   9.3448874e-01
   9.3454800e-01
   9.3462131e-01
   9.3468379e-01
   9.3470283e-01
   9.3478073e-01
   9.3484336e-01
   9.3484336e-01
   9.3486048e-01
   9.3491013e-01
   9.3494360e-01
   9.3495991e-01
   9.3497509e-01
   9.3549938e-01
   9.3551604e-01
   9.3551604e-01
   9.3552590e-01
   9.3647765e-01
   9.3653607e-01
   9.3655211e-01
   9.3659505e-01
   9.3663071e-01
   9.4019850e-01
   9.4025368e-01
   9.4028414e-01
   9.4121859e-01
   9.4124248e-01
   9.4124248e-01
   9.4135569e-01
   9.4139449e-01
   9.4143275e-01
   9.4363778e-01
   9.4366916e-01
   9.4373223e-01
   9.4373223e-01
   9.4373934e-01
   9.4376860e-01
   9.4425426e-01
   9.4429485e-01
   9.4434026e-01
   9.4434026e-01
   9.4438406e-01
   9.4439166e-01
   9.4443709e-01
   9.4447597e-01
   9.4455146e-01
   9.4456390e-01
   9.4460925e-01
   9.4487950e-01
   9.4846610e-01
   9.4850481e-01
   9.4850481e-01
   9.4853839e-01
   9.4860175e-01
   9.5192602e-01
   9.5200591e-01
   9.5206781e-01
   9.5208060e-01
   9.5209963e-01
   9.5212011e-01
   9.5705555e-01
   9.5712341e-01
   9.5712341e-01
   9.5716080e-01
   9.5742923e-01
   9.5765264e-01
   9.5767738e-01
   9.5769251e-01
   9.5781806e-01
   9.5789447e-01
   9.5789447e-01
   9.5790723e-01
   9.5794571e-01
   9.5801065e-01
   9.5804519e-01
   9.5808175e-01
   9.5813806e-01
   9.5818209e-01
   9.5819627e-01
   9.5820721e-01
   9.5821910e-01
   9.5823829e-01
   9.5828845e-01
   9.5838696e-01
   9.5852014e-01
   9.5853595e-01
   9.5858555e-01
   9.5865868e-01
   9.5869303e-01
   9.5902897e-01
   9.5903797e-01
   9.5910303e-01
   9.5912632e-01
   9.5980866e-01
   9.5984957e-01
   9.5984957e-01
   9.5987772e-01
   9.5993722e-01
   9.6007447e-01
   9.6009114e-01
   9.6011313e-01
   9.6428844e-01
   9.6430600e-01
   9.6432889e-01
   9.6440162e-01
   9.6440162e-01
   9.6440162e-01
   9.6445174e-01
   9.6447069e-01
   9.6447069e-01
   9.6448903e-01
   9.6454160e-01
   9.6455511e-01
   9.6456612e-01
   9.6465467e-01
   9.6466537e-01
   9.6468369e-01
   9.6473781e-01
   9.6476405e-01
   9.6487731e-01
   9.6533829e-01
   9.6624276e-01
   9.6625324e-01
   9.6626695e-01
   9.6632467e-01
   9.6636608e-01
   9.6637449e-01
   9.6639026e-01
   9.6640800e-01
   9.6969193e-01
   9.6974478e-01
   9.6974478e-01
   9.6977009e-01
   9.6980396e-01
   9.6999795e-01
   9.6999795e-01
   9.7021552e-01
   9.7022642e-01
   9.7031104e-01
   9.7032381e-01
   9.7034260e-01
   9.7035773e-01
   9.7052555e-01
   9.7052555e-01
   9.7056207e-01
   9.7186521e-01
   9.7193258e-01
   9.7195059e-01
   9.7214086e-01
   9.7214086e-01
   9.7214086e-01
   9.7220190e-01
   9.7245181e-01
   9.7245181e-01
   9.7246356e-01
   9.7246356e-01
   9.7247128e-01
   9.7247128e-01
   9.7266825e-01
   9.7629370e-01
   9.7638198e-01
   9.7661685e-01
   9.7663487e-01
   9.7681473e-01
   9.7692075e-01
   9.7707797e-01
   9.7710306e-01
   9.7723006e-01
   9.7723006e-01
   9.7732902e-01
   9.7740108e-01
   9.7744042e-01
   9.7749513e-01
   9.8138328e-01
   9.8143125e-01
   9.8144447e-01
   9.8145679e-01
   9.8153514e-01
   9.8157530e-01
   9.8164698e-01
   9.8191097e-01
   9.8215919e-01
   9.8222098e-01
   9.8229970e-01
   9.8236274e-01
   9.8237571e-01
   9.8238770e-01
   9.8255198e-01
   9.8255198e-01
   9.8256725e-01
   9.8275455e-01
   9.8275455e-01
   9.8277168e-01
   9.8278830e-01
   9.8280756e-01
   9.8286346e-01
   9.8299256e-01
   9.8439580e-01
   9.8446780e-01
   9.8450809e-01
   9.8458801e-01
   9.8491129e-01
   9.8491129e-01
   9.8491129e-01
   9.8496381e-01
   9.8498138e-01
   9.8517534e-01
   9.8521516e-01
   9.8532613e-01
   9.8581537e-01
   9.8583241e-01
   9.8596897e-01
   9.8596897e-01
   9.8598304e-01
   9.8599931e-01
   9.8649833e-01
   9.9017613e-01
   9.9023740e-01
   9.9023740e-01
   9.9024904e-01
   9.9027905e-01
   9.9029784e-01
   9.9169492e-01
   9.9175983e-01
   9.9175983e-01
   9.9177680e-01
   9.9177680e-01
   9.9180906e-01
   9.9182143e-01
   9.9189299e-01
   9.9194246e-01
   9.9197427e-01
   9.9199495e-01
   9.9205043e-01
   9.9206229e-01
   9.9207748e-01
   9.9209006e-01
   9.9216137e-01
   9.9220887e-01
   9.9222452e-01
   9.9222452e-01
   9.9223711e-01
   9.9225093e-01
   9.9243301e-01
   9.9244219e-01
   9.9248754e-01
   9.9251881e-01
   9.9255232e-01
   9.9257138e-01
   9.9261240e-01
   9.9265988e-01
   9.9266958e-01
   9.9282186e-01
   9.9303052e-01
   9.9303799e-01
   9.9340308e-01
   9.9341609e-01
   9.9366858e-01
   9.9398270e-01
   9.9406266e-01
   9.9409486e-01
   9.9415326e-01
   9.9416557e-01
   9.9421243e-01
   9.9422613e-01
   9.9676787e-01
   9.9680231e-01
   9.9730674e-01
   9.9731465e-01
   9.9746067e-01
   9.9747278e-01
   9.9751551e-01
   9.9751551e-01
   9.9751551e-01
   9.9769680e-01
   9.9769680e-01
   9.9771302e-01
   9.9772574e-01
   9.9773692e-01
   9.9774698e-01
   9.9778634e-01
   9.9888025e-01
   9.9894999e-01
   9.9903382e-01
   9.9904515e-01
   1.0013324e+00
   1.0013790e+00
   1.0014066e+00
   1.0033957e+00
   1.0034043e+00
   1.0034194e+00
   1.0038380e+00
   1.0038873e+00
   1.0039008e+00
   1.0040201e+00
   1.0040322e+00
   1.0040594e+00
   1.0040871e+00
   1.0041062e+00
   1.0041236e+00
   1.0041600e+00
   1.0041893e+00
   1.0042652e+00
   1.0042824e+00
   1.0042824e+00
   1.0042938e+00
   1.0043943e+00
   1.0048078e+00
   1.0049430e+00
   1.0049849e+00
   1.0050122e+00
   1.0050122e+00
   1.0050122e+00
   1.0050122e+00
   1.0050780e+00
   1.0051320e+00
   1.0051874e+00
   1.0051996e+00
   1.0052393e+00
   1.0057377e+00
   1.0057812e+00
   1.0058328e+00
   1.0058579e+00
   1.0059398e+00
   1.0059874e+00
   1.0059990e+00
   1.0059990e+00
   1.0060477e+00
   1.0060687e+00
   1.0061957e+00
   1.0062090e+00
   1.0062548e+00
   1.0062548e+00
   1.0062595e+00
   1.0071210e+00
   1.0071904e+00
   1.0072108e+00
   1.0072264e+00
   1.0072687e+00
   1.0105316e+00
   1.0105746e+00
   1.0105920e+00
   1.0113773e+00
   1.0114449e+00
   1.0114780e+00
   1.0114878e+00
   1.0114878e+00
   1.0114878e+00
   1.0115070e+00
   1.0115624e+00
   1.0115624e+00
   1.0117190e+00
   1.0117360e+00
   1.0118752e+00
   1.0119067e+00
   1.0119251e+00
   1.0119400e+00
   1.0119512e+00
   1.0119598e+00
   1.0119598e+00
   1.0119688e+00
   1.0119871e+00
   1.0120827e+00
   1.0120981e+00
   1.0155384e+00
   1.0156329e+00
   1.0156833e+00
   1.0156833e+00
   1.0157402e+00
   1.0157402e+00
   1.0157564e+00
   1.0157659e+00
   1.0157828e+00
   1.0158261e+00
   1.0158368e+00
   1.0158368e+00
   1.0158944e+00
   1.0158944e+00
   1.0161211e+00
   1.0161211e+00
   1.0161547e+00
   1.0161703e+00
   1.0161835e+00
   1.0161936e+00
   1.0162281e+00
   1.0162441e+00
   1.0162595e+00
   1.0199420e+00
   1.0199776e+00
   1.0199965e+00
   1.0200366e+00
   1.0200654e+00
   1.0200836e+00
   1.0200836e+00
   1.0201010e+00
   1.0225465e+00
   1.0225598e+00
   1.0225722e+00
   1.0225860e+00
   1.0227008e+00
   1.0227071e+00
   1.0227162e+00
   1.0227162e+00
   1.0227241e+00
   1.0227861e+00
   1.0229009e+00
   1.0229009e+00
   1.0230876e+00
   1.0231036e+00
   1.0231119e+00
   1.0231119e+00
   1.0231455e+00
   1.0231455e+00
   1.0232978e+00
   1.0233313e+00
   1.0233490e+00
   1.0234334e+00
   1.0234474e+00
   1.0234602e+00
   1.0234602e+00
   1.0235041e+00
   1.0268628e+00
   1.0269269e+00
   1.0269434e+00
   1.0269561e+00
   1.0270147e+00
   1.0270336e+00
   1.0274212e+00
   1.0274749e+00
   1.0275208e+00
   1.0275208e+00
   1.0275303e+00
   1.0275699e+00
   1.0275699e+00
   1.0276217e+00
   1.0276418e+00
   1.0305468e+00
   1.0306019e+00
   1.0306019e+00
   1.0306675e+00
   1.0306841e+00
   1.0306841e+00
   1.0306841e+00
   1.0307299e+00
   1.0307695e+00
   1.0316737e+00
   1.0316930e+00
   1.0320845e+00
   1.0321407e+00
   1.0322125e+00
   1.0343290e+00
   1.0344078e+00
   1.0344459e+00
   1.0345274e+00
   1.0346250e+00
   1.0346250e+00
   1.0346331e+00
   1.0346468e+00
   1.0346634e+00
   1.0346769e+00
   1.0347163e+00
   1.0347669e+00
   1.0347872e+00
   1.0348012e+00
   1.0348164e+00
   1.0348257e+00
   1.0350180e+00
   1.0350560e+00
   1.0352052e+00
   1.0352218e+00
   1.0352321e+00
   1.0352454e+00
   1.0352581e+00
   1.0352725e+00
   1.0352725e+00
   1.0353233e+00
   1.0353661e+00
   1.0353771e+00
   1.0354732e+00
   1.0354732e+00
   1.0354848e+00
   1.0354848e+00
   1.0355597e+00
   1.0355597e+00
   1.0356019e+00
   1.0356615e+00
   1.0357119e+00
   1.0374397e+00
   1.0374580e+00
   1.0380234e+00
   1.0380234e+00
   1.0380380e+00
   1.0380998e+00
   1.0381105e+00
   1.0395184e+00
   1.0395368e+00
   1.0395838e+00
   1.0395838e+00
   1.0396951e+00
   1.0402268e+00
   1.0403879e+00
   1.0405729e+00
   1.0407135e+00
   1.0407135e+00
   1.0407388e+00
   1.0435512e+00
   1.0435613e+00
   1.0436283e+00
   1.0436630e+00
   1.0438393e+00
   1.0438838e+00
   1.0438988e+00
   1.0439842e+00
   1.0439992e+00
   1.0440129e+00
   1.0440941e+00
   1.0440941e+00
   1.0446562e+00
   1.0446670e+00
   1.0446770e+00
   1.0446963e+00
   1.0448499e+00
   1.0448774e+00
   1.0449772e+00
   1.0450400e+00
   1.0450548e+00
   1.0451129e+00
   1.0451281e+00
   1.0451281e+00
   1.0451398e+00
   1.0451541e+00
   1.0452586e+00
   1.0487104e+00
   1.0487104e+00
   1.0488479e+00
   1.0488616e+00
   1.0488721e+00
   1.0488843e+00
   1.0488950e+00
   1.0489119e+00
   1.0489119e+00
   1.0489695e+00
   1.0490993e+00
   1.0512472e+00
   1.0512963e+00
   1.0513546e+00
   1.0513710e+00
   1.0513710e+00
   1.0513853e+00
   1.0514010e+00
   1.0514157e+00
   1.0514262e+00
   1.0514627e+00
   1.0514743e+00
   1.0514930e+00
   1.0515596e+00
   1.0516747e+00
   1.0517085e+00
   1.0517225e+00
   1.0517448e+00
   1.0517638e+00
   1.0522379e+00
   1.0545912e+00
   1.0546567e+00
   1.0547772e+00
   1.0551167e+00
   1.0551344e+00
   1.0551681e+00
   1.0580014e+00
   1.0580383e+00
   1.0580787e+00
   1.0582865e+00
   1.0583639e+00
   1.0589707e+00
   1.0591991e+00
   1.0593497e+00
   1.0593677e+00
   1.0594068e+00
   1.0594681e+00
   1.0594841e+00
   1.0594966e+00
   1.0595160e+00
   1.0595160e+00
   1.0595160e+00
   1.0595477e+00
   1.0596294e+00
   1.0596392e+00
   1.0596800e+00
   1.0600944e+00
   1.0601533e+00
   1.0601637e+00
   1.0632648e+00
   1.0632791e+00
   1.0635332e+00
   1.0636823e+00
   1.0636968e+00
   1.0637375e+00
   1.0637717e+00
   1.0637885e+00
   1.0638020e+00
   1.0639049e+00
   1.0640346e+00
   1.0640698e+00
   1.0640698e+00
   1.0640868e+00
   1.0656479e+00
   1.0656635e+00
   1.0661400e+00
   1.0662859e+00
   1.0666171e+00
   1.0688313e+00
   1.0688640e+00
   1.0690325e+00
   1.0708057e+00
   1.0708519e+00
   1.0708519e+00
   1.0709108e+00
   1.0710403e+00
   1.0711304e+00
   1.0711935e+00
   1.0712048e+00
   1.0712048e+00
   1.0712144e+00
   1.0712283e+00
   1.0712389e+00
   1.0712546e+00
   1.0712666e+00
   1.0738786e+00
   1.0739519e+00
   1.0740126e+00
   1.0740594e+00
   1.0740728e+00
   1.0740942e+00
   1.0741384e+00
   1.0742574e+00
   1.0742939e+00
   1.0744408e+00
   1.0744408e+00
   1.0745360e+00
   1.0745360e+00
   1.0745528e+00
   1.0746638e+00
   1.0748530e+00
   1.0748647e+00
   1.0748827e+00
   1.0752069e+00
   1.0752406e+00
   1.0752860e+00
   1.0753489e+00
   1.0753640e+00
   1.0758611e+00
   1.0758748e+00
   1.0758748e+00
   1.0758833e+00
   1.0758911e+00
   1.0759638e+00
   1.0761338e+00
   1.0761492e+00
   1.0761567e+00
   1.0762005e+00
   1.0763011e+00
   1.0763096e+00
   1.0763379e+00
   1.0763553e+00
   1.0763958e+00
   1.0764115e+00
   1.0764357e+00
   1.0764633e+00
   1.0764707e+00
   1.0765058e+00
   1.0766153e+00
   1.0766282e+00
   1.0766448e+00
   1.0766800e+00
   1.0766955e+00
   1.0767690e+00
   1.0769027e+00
   1.0771331e+00
   1.0771516e+00
   1.0771669e+00
   1.0771669e+00
   1.0772062e+00
   1.0772658e+00
   1.0773023e+00
   1.0773601e+00
   1.0774613e+00
   1.0780376e+00
   1.0796629e+00
   1.0797206e+00
   1.0797300e+00
   1.0797425e+00
   1.0799352e+00
   1.0803614e+00
   1.0806981e+00
   1.0807076e+00
   1.0807076e+00
   1.0807076e+00
   1.0807242e+00
   1.0807618e+00
   1.0808503e+00
   1.0808991e+00
   1.0818199e+00
   1.0818537e+00
   1.0818673e+00
   1.0819765e+00
   1.0819765e+00
   1.0820168e+00
   1.0824773e+00
   1.0824928e+00
   1.0824928e+00
   1.0824928e+00
   1.0825227e+00
   1.0825570e+00
   1.0826254e+00
   1.0826254e+00
   1.0826254e+00
   1.0826970e+00
   1.0827400e+00
   1.0828004e+00
   1.0828091e+00
   1.0828243e+00
   1.0851772e+00
   1.0852072e+00
   1.0852354e+00
   1.0852677e+00
   1.0854354e+00
   1.0854772e+00
   1.0874561e+00
   1.0875032e+00
   1.0875176e+00
   1.0875312e+00
   1.0875312e+00
   1.0875417e+00
   1.0875417e+00
   1.0875417e+00
   1.0876919e+00
   1.0876919e+00
   1.0877565e+00
   1.0877565e+00
   1.0877707e+00
   1.0877707e+00
   1.0879287e+00
   1.0879287e+00
   1.0879287e+00
   1.0879764e+00
   1.0881968e+00
   1.0882136e+00
   1.0882328e+00
   1.0890735e+00
   1.0890968e+00
   1.0890968e+00
   1.0891051e+00
   1.0891238e+00
   1.0895188e+00
   1.0895725e+00
   1.0895861e+00
   1.0895966e+00
   1.0896425e+00
   1.0896510e+00
   1.0896648e+00
   1.0897380e+00
   1.0897521e+00
   1.0900337e+00
   1.0901115e+00
   1.0901341e+00
   1.0901889e+00
   1.0915770e+00
   1.0916082e+00
   1.0920111e+00
   1.0941395e+00
   1.0941777e+00
   1.0941910e+00
   1.0943129e+00
   1.0944041e+00
   1.0944212e+00
   1.0944553e+00
   1.0944882e+00
   1.0945815e+00
   1.0945815e+00
   1.0946300e+00
   1.0946755e+00
   1.0946899e+00
   1.0946986e+00
   1.0948275e+00
   1.0949722e+00
   1.0949842e+00
   1.0950409e+00
   1.0950966e+00
   1.0951805e+00
   1.0951897e+00
   1.0953676e+00
   1.0954048e+00
   1.0954305e+00
   1.0961311e+00
   1.0961955e+00
   1.0962059e+00
   1.0962676e+00
   1.0963318e+00
   1.0963682e+00
   1.0972605e+00
   1.0972931e+00
   1.0973509e+00
   1.0973627e+00
   1.0974305e+00
   1.0974527e+00
   1.0976943e+00
   1.0977251e+00
   1.0977454e+00
   1.0978065e+00
   1.0978065e+00
   1.0978161e+00
   1.0978274e+00
   1.0979378e+00
   1.0979493e+00
   1.0979493e+00
   1.0979493e+00
   1.0979970e+00
   1.0981472e+00
   1.0981796e+00
   1.0981906e+00
   1.0982326e+00
   1.0982683e+00
   1.0982863e+00
   1.0984476e+00
   1.0984997e+00
   1.0985875e+00
   1.0988502e+00
   1.0990444e+00
   1.0991071e+00
   1.0994237e+00
   1.0994450e+00
   1.0994450e+00
   1.0994643e+00
   1.0994948e+00
   1.0995963e+00
   1.0997188e+00
   1.0998677e+00
   1.0998677e+00
   1.0998677e+00
   1.0998833e+00
   1.0998972e+00
   1.0999091e+00
   1.0999224e+00
   1.1003052e+00
   1.1004853e+00
   1.1005552e+00
   1.1022222e+00
   1.1022538e+00
   1.1022690e+00
   1.1023108e+00
   1.1057989e+00
   1.1058683e+00
   1.1059473e+00
   1.1059473e+00
   1.1059843e+00
   1.1059977e+00
   1.1060257e+00
   1.1062015e+00
   1.1062101e+00
   1.1062411e+00
   1.1062411e+00
   1.1062895e+00
   1.1085268e+00
   1.1085587e+00
   1.1085689e+00
   1.1086437e+00
   1.1086618e+00
   1.1086618e+00
   1.1087057e+00
   1.1087057e+00
   1.1087591e+00
   1.1088063e+00
   1.1088527e+00
   1.1089230e+00
   1.1089347e+00
   1.1089502e+00
   1.1089816e+00
   1.1095246e+00
   1.1095765e+00
   1.1097279e+00
   1.1097373e+00
   1.1098732e+00
   1.1099772e+00
   1.1099928e+00
   1.1099928e+00
   1.1100270e+00
   1.1100444e+00
   1.1102683e+00
   1.1104203e+00
   1.1106023e+00
   1.1106331e+00
   1.1134657e+00
   1.1135466e+00
   1.1135466e+00
   1.1135729e+00
   1.1135822e+00
   1.1135990e+00
   1.1135990e+00
   1.1136106e+00
   1.1136255e+00
   1.1136734e+00
   1.1136859e+00
   1.1136985e+00
   1.1136985e+00
   1.1136985e+00
   1.1136985e+00
   1.1137355e+00
   1.1137355e+00
   1.1137496e+00
   1.1137596e+00
   1.1137781e+00
   1.1139917e+00
   1.1149619e+00
   1.1149710e+00
   1.1150455e+00
   1.1151175e+00
   1.1151656e+00
   1.1156002e+00
   1.1156505e+00
   1.1156505e+00
   1.1157300e+00
   1.1157441e+00
   1.1157597e+00
   1.1157961e+00
   1.1158152e+00
   1.1158379e+00
   1.1158897e+00
   1.1159094e+00
   1.1159495e+00
   1.1159547e+00
   1.1162216e+00
   1.1179046e+00
   1.1179909e+00
   1.1180546e+00
   1.1180732e+00
   1.1182193e+00
   1.1182453e+00
   1.1191843e+00
   1.1192642e+00
   1.1228096e+00
   1.1228499e+00
   1.1230404e+00
   1.1230693e+00
   1.1230836e+00
   1.1231009e+00
   1.1232169e+00
   1.1233258e+00
   1.1233770e+00
   1.1233902e+00
   1.1234025e+00
   1.1234185e+00
   1.1234595e+00
   1.1237208e+00
   1.1237367e+00
   1.1237750e+00
   1.1273545e+00
   1.1273545e+00
   1.1274107e+00
   1.1274268e+00
   1.1281392e+00
   1.1281513e+00
   1.1281639e+00
   1.1281769e+00
   1.1283064e+00
   1.1286271e+00
   1.1287305e+00
   1.1289696e+00
   1.1289861e+00
   1.1318811e+00
   1.1319160e+00
   1.1319320e+00
   1.1325752e+00
   1.1336766e+00
   1.1336915e+00
   1.1336915e+00
   1.1337045e+00
   1.1342161e+00
   1.1342953e+00
   1.1343509e+00
   1.1343642e+00
   1.1344301e+00
   1.1344685e+00
   1.1345069e+00
   1.1345199e+00
   1.1345199e+00
   1.1346500e+00
   1.1348163e+00
   1.1348280e+00
   1.1348713e+00
   1.1349062e+00
   1.1349858e+00
   1.1349985e+00
   1.1352484e+00
   1.1364322e+00
   1.1364829e+00
   1.1364910e+00
   1.1371260e+00
   1.1371595e+00
   1.1373797e+00
   1.1374060e+00
   1.1374124e+00
   1.1376844e+00
   1.1377324e+00
   1.1386544e+00
   1.1386671e+00
   1.1386946e+00
   1.1387327e+00
   1.1387504e+00
   1.1387504e+00
   1.1389906e+00
   1.1395439e+00
   1.1396014e+00
   1.1396479e+00
   1.1396950e+00
   1.1397151e+00
   1.1429984e+00
   1.1430699e+00
   1.1430843e+00
   1.1431760e+00
   1.1442372e+00
   1.1443309e+00
   1.1443699e+00
   1.1443902e+00
   1.1444087e+00
   1.1444289e+00
   1.1445329e+00
   1.1445329e+00
   1.1445457e+00
   1.1445843e+00
   1.1446456e+00
   1.1446561e+00
   1.1447588e+00
   1.1447588e+00
   1.1447971e+00
   1.1448223e+00
   1.1448223e+00
   1.1448340e+00
   1.1448504e+00
   1.1448611e+00
   1.1449124e+00
   1.1449456e+00
   1.1449560e+00
   1.1450153e+00
   1.1450340e+00
   1.1450812e+00
   1.1450986e+00
   1.1450986e+00
   1.1452958e+00
   1.1452958e+00
   1.1452958e+00
   1.1453064e+00
   1.1453198e+00
   1.1453339e+00
   1.1455918e+00
   1.1455918e+00
   1.1455918e+00
   1.1460757e+00
   1.1460757e+00
   1.1461281e+00
   1.1461393e+00
   1.1461941e+00
   1.1461941e+00
   1.1462317e+00
   1.1462450e+00
   1.1462942e+00
   1.1464186e+00
   1.1464530e+00
   1.1465424e+00
   1.1465583e+00
   1.1465690e+00
   1.1465853e+00
   1.1466259e+00
   1.1467046e+00
   1.1472979e+00
   1.1472979e+00
   1.1473246e+00
   1.1473328e+00
   1.1473476e+00
   1.1475104e+00
   1.1476199e+00
   1.1476486e+00
   1.1504188e+00
   1.1504605e+00
   1.1505522e+00
   1.1505522e+00
   1.1505625e+00
   1.1506287e+00
   1.1506445e+00
   1.1510591e+00
   1.1510591e+00
   1.1510591e+00
   1.1511015e+00
   1.1511110e+00
   1.1511110e+00
   1.1511840e+00
   1.1511944e+00
   1.1512086e+00
   1.1513363e+00
   1.1513999e+00
   1.1514077e+00
   1.1523957e+00
   1.1524699e+00
   1.1561839e+00
   1.1562017e+00
   1.1573871e+00
   1.1574602e+00
   1.1574602e+00
   1.1574749e+00
   1.1574862e+00
   1.1575055e+00
   1.1580676e+00
   1.1581256e+00
   1.1581710e+00
   1.1582155e+00
   1.1583801e+00
   1.1591208e+00
   1.1591328e+00
   1.1591507e+00
   1.1592004e+00
   1.1592004e+00
   1.1592059e+00
   1.1597637e+00
   1.1597938e+00
   1.1605333e+00
   1.1606564e+00
   1.1606564e+00
   1.1607243e+00
   1.1650795e+00
   1.1651460e+00
   1.1651559e+00
   1.1653479e+00
   1.1662523e+00
   1.1663170e+00
   1.1666604e+00
   1.1666799e+00
   1.1667155e+00
   1.1667258e+00
   1.1667425e+00
   1.1667923e+00
   1.1678229e+00
   1.1678643e+00
   1.1678643e+00
   1.1678954e+00
   1.1680510e+00
   1.1680510e+00
   1.1680643e+00
   1.1681300e+00
   1.1681487e+00
   1.1684105e+00
   1.1684626e+00
   1.1685146e+00
   1.1685323e+00
   1.1685445e+00
   1.1712392e+00
   1.1712795e+00
   1.1712795e+00
   1.1713181e+00
   1.1715024e+00
   1.1715165e+00
   1.1715862e+00
   1.1716605e+00
   1.1716780e+00
   1.1717509e+00
   1.1717603e+00
   1.1717603e+00
   1.1717603e+00
   1.1717603e+00
   1.1717603e+00
   1.1718319e+00
   1.1718957e+00
   1.1719430e+00
   1.1719907e+00
   1.1720342e+00
   1.1720952e+00
   1.1721625e+00
   1.1721625e+00
   1.1721775e+00
   1.1721884e+00
   1.1721976e+00
   1.1721976e+00
   1.1722951e+00
   1.1722951e+00
   1.1722951e+00
   1.1722951e+00
   1.1723388e+00
   1.1724089e+00
   1.1726962e+00
   1.1727717e+00
   1.1727880e+00
   1.1728251e+00
   1.1728396e+00
   1.1729219e+00
   1.1731060e+00
   1.1732471e+00
   1.1732936e+00
   1.1733107e+00
   1.1733230e+00
   1.1733413e+00
   1.1733413e+00
   1.1733522e+00
   1.1733675e+00
   1.1734320e+00
   1.1734437e+00
   1.1734973e+00
   1.1735088e+00
   1.1739797e+00
   1.1740272e+00
   1.1740272e+00
   1.1740521e+00
   1.1740865e+00
   1.1765404e+00
   1.1766567e+00
   1.1767064e+00
   1.1767705e+00
   1.1767850e+00
   1.1767987e+00
   1.1767987e+00
   1.1768338e+00
   1.1768802e+00
   1.1768949e+00
   1.1769399e+00
   1.1775913e+00
   1.1776291e+00
   1.1777154e+00
   1.1777154e+00
   1.1777280e+00
   1.1778776e+00
   1.1778959e+00
   1.1779108e+00
   1.1779265e+00
   1.1779378e+00
   1.1779515e+00
   1.1780459e+00
   1.1780459e+00
   1.1780459e+00
   1.1781092e+00
   1.1781179e+00
   1.1781588e+00
   1.1781684e+00
   1.1781828e+00
   1.1781828e+00
   1.1782008e+00
   1.1787442e+00
   1.1788066e+00
   1.1788353e+00
   1.1788670e+00
   1.1813235e+00
   1.1813958e+00
   1.1814686e+00
   1.1816978e+00
   1.1819535e+00
   1.1820197e+00
   1.1820942e+00
   1.1824770e+00
   1.1825011e+00
   1.1825651e+00
   1.1826382e+00
   1.1827398e+00
   1.1827762e+00
   1.1827965e+00
   1.1828101e+00
   1.1830052e+00
   1.1830219e+00
   1.1833108e+00
   1.1833108e+00
   1.1833488e+00
   1.1833620e+00
   1.1833674e+00
   1.1838657e+00
   1.1839414e+00
   1.1840018e+00
   1.1840752e+00
   1.1842867e+00
   1.1843442e+00
   1.1844182e+00
   1.1844182e+00
   1.1844330e+00
   1.1844462e+00
   1.1845800e+00
   1.1845921e+00
   1.1846436e+00
   1.1846540e+00
   1.1847129e+00
   1.1847561e+00
   1.1847720e+00
   1.1848300e+00
   1.1848411e+00
   1.1856574e+00
   1.1857285e+00
   1.1857686e+00
   1.1858016e+00
   1.1858016e+00
   1.1858767e+00
   1.1860397e+00
   1.1860500e+00
   1.1860601e+00
   1.1862404e+00
   1.1905610e+00
   1.1906798e+00
   1.1906941e+00
   1.1906941e+00
   1.1907695e+00
   1.1932792e+00
   1.1933338e+00
   1.1934740e+00
   1.1934880e+00
   1.1935456e+00
   1.1935578e+00
   1.1936146e+00
   1.1937242e+00
   1.1964930e+00
   1.1965119e+00
   1.1966208e+00
   1.1966314e+00
   1.1966447e+00
   1.1973938e+00
   1.1974085e+00
   1.1974215e+00
   1.1974215e+00
   1.1974328e+00
   1.1974795e+00
   1.1987771e+00
   1.1987928e+00
   1.1988390e+00
   1.1988390e+00
   1.1988390e+00
   1.1988494e+00
   1.1992051e+00
   1.1992386e+00
   1.1992386e+00
   1.1992733e+00
   1.1993507e+00
   1.1994062e+00
   1.1996495e+00
   1.1996623e+00
   1.1997195e+00
   1.1997676e+00
   1.1999184e+00
   1.1999832e+00
   1.2002708e+00
   1.2009985e+00
   1.2010516e+00
   1.2010820e+00
   1.2011003e+00
   1.2011114e+00
   1.2012971e+00
   1.2013982e+00
   1.2014124e+00
   1.2024187e+00
   1.2025299e+00
   1.2031449e+00
   1.2041226e+00
   1.2041491e+00
   1.2042241e+00
   1.2042241e+00
   1.2043075e+00
   1.2044194e+00
   1.2044194e+00
   1.2044907e+00
   1.2045921e+00
   1.2055037e+00
   1.2055388e+00
   1.2055613e+00
   1.2055613e+00
   1.2055613e+00
   1.2056208e+00
   1.2063490e+00
   1.2066177e+00
   1.2066319e+00
   1.2078810e+00
   1.2080084e+00
   1.2080386e+00
   1.2080826e+00
   1.2083134e+00
   1.2083291e+00
   1.2083441e+00
   1.2084103e+00
   1.2084297e+00
   1.2084435e+00
   1.2084577e+00
   1.2088310e+00
   1.2088423e+00
   1.2090596e+00
   1.2090596e+00
   1.2090694e+00
   1.2090800e+00
   1.2090963e+00
   1.2091792e+00
   1.2091933e+00
   1.2092440e+00
   1.2093992e+00
   1.2094705e+00
   1.2095818e+00
   1.2096406e+00
   1.2096658e+00
   1.2096792e+00
   1.2097312e+00
   1.2097312e+00
   1.2097454e+00
   1.2097760e+00
   1.2097910e+00
   1.2098320e+00
   1.2098482e+00
   1.2098579e+00
   1.2098579e+00
   1.2098757e+00
   1.2099488e+00
   1.2099657e+00
   1.2099814e+00
   1.2099978e+00
   1.2100091e+00
   1.2100424e+00
   1.2102678e+00
   1.2103440e+00
   1.2107044e+00
   1.2107167e+00
   1.2135617e+00
   1.2135719e+00
   1.2136880e+00
   1.2138387e+00
   1.2170410e+00
   1.2170573e+00
   1.2170573e+00
   1.2170721e+00
   1.2170890e+00
   1.2171293e+00
   1.2171429e+00
   1.2171524e+00
   1.2182896e+00
   1.2183552e+00
   1.2183746e+00
   1.2183746e+00
   1.2184233e+00
   1.2184936e+00
   1.2186942e+00
   1.2188491e+00
   1.2188904e+00
   1.2189482e+00
   1.2189774e+00
   1.2189877e+00
   1.2190021e+00
   1.2190143e+00
   1.2190646e+00
   1.2196551e+00
   1.2196931e+00
   1.2197104e+00
   1.2197234e+00
   1.2197234e+00
   1.2198300e+00
   1.2198433e+00
   1.2198958e+00
   1.2200249e+00
   1.2200700e+00
   1.2200813e+00
   1.2200964e+00
   1.2201462e+00
   1.2201600e+00
   1.2202047e+00
   1.2205377e+00
   1.2239106e+00
   1.2239287e+00
   1.2239699e+00
   1.2239878e+00
   1.2240023e+00
   1.2240023e+00
   1.2240831e+00
   1.2240831e+00
   1.2241172e+00
   1.2241573e+00
   1.2241993e+00
   1.2242411e+00
   1.2242610e+00
   1.2244340e+00
   1.2244340e+00
   1.2244340e+00
   1.2244723e+00
   1.2245753e+00
   1.2246405e+00
   1.2246701e+00
   1.2247725e+00
   1.2248568e+00
   1.2248907e+00
   1.2264029e+00
   1.2264750e+00
   1.2264881e+00
   1.2265557e+00
   1.2267779e+00
   1.2268204e+00
   1.2268548e+00
   1.2268990e+00
   1.2268990e+00
   1.2269163e+00
   1.2269163e+00
   1.2275288e+00
   1.2275445e+00
   1.2276068e+00
   1.2276068e+00
   1.2276170e+00
   1.2277402e+00
   1.2279025e+00
   1.2279456e+00
   1.2280930e+00
   1.2281042e+00
   1.2281750e+00
   1.2282961e+00
   1.2283696e+00
   1.2283982e+00
   1.2285786e+00
   1.2285981e+00
   1.2286343e+00
   1.2286506e+00
   1.2286896e+00
   1.2287002e+00
   1.2287002e+00
   1.2287129e+00
   1.2287129e+00
   1.2287456e+00
   1.2287623e+00
   1.2287997e+00
   1.2288089e+00
   1.2288089e+00
   1.2289084e+00
   1.2289257e+00
   1.2289367e+00
   1.2289662e+00
   1.2323151e+00
   1.2323539e+00
   1.2323539e+00
   1.2324238e+00
   1.2324383e+00
   1.2324542e+00
   1.2324667e+00
   1.2324667e+00
   1.2324979e+00
   1.2362526e+00
   1.2363010e+00
   1.2363353e+00
   1.2363704e+00
   1.2364536e+00
   1.2365024e+00
   1.2365123e+00
   1.2367008e+00
   1.2369714e+00
   1.2369858e+00
   1.2370116e+00
   1.2370391e+00
   1.2371105e+00
   1.2371191e+00
   1.2372137e+00
   1.2372642e+00
   1.2372757e+00
   1.2374019e+00
   1.2378283e+00
   1.2378666e+00
   1.2379092e+00
   1.2380416e+00
   1.2380551e+00
   1.2380984e+00
   1.2382410e+00
   1.2382910e+00
   1.2389246e+00
   1.2391739e+00
   1.2391894e+00
   1.2391996e+00
   1.2392341e+00
   1.2394293e+00
   1.2394435e+00
   1.2394435e+00
   1.2397119e+00
   1.2397466e+00
   1.2398512e+00
   1.2402878e+00
   1.2403040e+00
   1.2403164e+00
   1.2453270e+00
   1.2453431e+00
   1.2460840e+00
   1.2461650e+00
