   1.2334501e-09
   3.9548016e-09
   6.9410072e-09
   7.8948296e-09
   1.1361825e-08
   1.1737817e-08
   1.4325381e-08
   1.6929917e-08
   1.9824761e-08
   2.2338938e-08
   2.4109945e-08
   2.6069375e-08
   2.8038203e-08
   2.9523024e-08
   3.0820481e-08
   3.2139479e-08
   3.4696816e-08
   3.4834974e-08
   3.6124434e-08
   3.6843157e-08
   4.0061422e-08
   4.2988979e-08
   4.5355956e-08
   4.6618734e-08
   4.8924025e-08
   5.0394350e-08
   5.2501830e-08
   5.5338327e-08
   5.7687913e-08
   5.9806296e-08
   6.3234327e-08
   6.4138537e-08
   6.5663857e-08
   6.9033065e-08
   7.1551890e-08
   7.2682675e-08
   7.5001541e-08
   7.7274625e-08
   8.1422747e-08
   8.2979873e-08
   8.3475632e-08
   8.4872367e-08
   8.5435387e-08
   8.7036657e-08
   8.8261080e-08
   8.9446808e-08
   9.0455598e-08
   9.1213849e-08
   9.2200472e-08
   9.4790112e-08
   9.6764329e-08
   9.8400801e-08
   9.9685714e-08
   1.0059900e-07
   1.0231779e-07
   1.0489456e-07
   1.0794902e-07
   1.1019875e-07
   1.1139404e-07
   1.1373300e-07
   1.1512972e-07
   1.1666441e-07
   1.1931960e-07
   1.1991471e-07
   1.2103326e-07
   1.2299041e-07
   1.2347095e-07
   1.2459252e-07
   1.2640192e-07
   1.2799164e-07
   1.2965096e-07
   1.3329817e-07
   1.3591231e-07
   1.3807770e-07
   1.4171162e-07
   1.4235986e-07
   1.4458636e-07
   1.4715714e-07
   1.4819525e-07
   1.5114685e-07
   1.5357136e-07
   1.5572957e-07
   1.5837451e-07
   1.6016529e-07
   1.6317126e-07
   1.6493409e-07
   1.6705924e-07
   1.6949015e-07
   1.7055886e-07
   1.7188532e-07
   1.7455011e-07
   1.7741046e-07
   1.7818936e-07
   1.7864476e-07
   1.8326064e-07
   1.8753646e-07
   1.9102990e-07
   1.9386624e-07
   1.9454871e-07
   1.9791435e-07
   2.0257394e-07
   2.0534052e-07
   2.0738148e-07
   2.0835082e-07
   2.0988143e-07
   2.1162732e-07
   2.1208807e-07
   2.1396371e-07
   2.1636085e-07
   2.1725765e-07
   2.1783885e-07
   2.1968971e-07
   2.2269822e-07
   2.2460260e-07
   2.2668339e-07
   2.2858586e-07
   2.3094386e-07
   2.3354371e-07
   2.3426746e-07
   2.3597851e-07
   2.4050123e-07
   2.4571169e-07
   2.5089414e-07
   2.5183745e-07
   2.5274841e-07
   2.5674844e-07
   2.5934562e-07
   2.6096336e-07
   2.6228595e-07
   2.6523530e-07
   2.6807774e-07
   2.6984426e-07
   2.7167560e-07
   2.7334546e-07
   2.7579642e-07
   2.7949303e-07
   2.8223115e-07
   2.8434674e-07
   2.8681119e-07
   2.8868258e-07
   2.8936349e-07
   2.8994542e-07
   2.9164559e-07
   2.9505009e-07
   2.9790732e-07
   3.0185693e-07
   3.0482283e-07
   3.0924204e-07
   3.1214220e-07
   3.1317025e-07
   3.1427584e-07
   3.1809931e-07
   3.1915735e-07
   3.2019087e-07
   3.2115941e-07
   3.2310278e-07
   3.2510696e-07
   3.2771031e-07
   3.2934127e-07
   3.3085636e-07
   3.3215569e-07
   3.3350787e-07
   3.3390141e-07
   3.3763336e-07
   3.3909485e-07
   3.4138680e-07
   3.4356204e-07
   3.4447191e-07
   3.4668959e-07
   3.4796470e-07
   3.4928623e-07
   3.5139493e-07
   3.5437831e-07
   3.5563691e-07
   3.5603808e-07
   3.5901546e-07
   3.6101291e-07
   3.6246371e-07
   3.6274832e-07
   3.6616590e-07
   3.6923786e-07
   3.7043746e-07
   3.7199789e-07
   3.7322016e-07
   3.7492688e-07
   3.7763939e-07
   3.8209839e-07
   3.8611909e-07
   3.8904829e-07
   3.9182812e-07
   3.9289040e-07
   3.9537626e-07
   3.9614232e-07
   3.9731870e-07
   3.9893347e-07
   4.0026641e-07
   4.0230975e-07
   4.0460428e-07
   4.0768833e-07
   4.0982217e-07
   4.1052396e-07
   4.1252069e-07
   4.1401725e-07
   4.1661904e-07
   4.2048558e-07
   4.2274104e-07
   4.2473661e-07
   4.2925064e-07
   4.3003542e-07
   4.3135080e-07
   4.3200156e-07
   4.3336572e-07
   4.3591771e-07
   4.3725753e-07
   4.3868873e-07
   4.4025053e-07
   4.4133944e-07
   4.4205650e-07
   4.4374393e-07
   4.4610031e-07
   4.4758334e-07
   4.4943563e-07
   4.5237163e-07
   4.5495136e-07
   4.5632427e-07
   4.5838084e-07
   4.6040336e-07
   4.6171569e-07
   4.6222696e-07
   4.6453473e-07
   4.6756292e-07
   4.6985927e-07
   4.7079530e-07
   4.7513601e-07
   4.7774755e-07
   4.7850619e-07
   4.7943890e-07
   4.8052427e-07
   4.8127539e-07
   4.8416201e-07
   4.8511249e-07
   4.8708279e-07
   4.9030518e-07
   4.9361299e-07
   4.9439371e-07
   4.9567646e-07
   4.9727053e-07
   4.9865157e-07
   5.0097646e-07
   5.0265379e-07
   5.0455509e-07
   5.0564415e-07
   5.0625895e-07
   5.0740463e-07
   5.0753509e-07
   5.0888652e-07
   5.1284540e-07
   5.1362341e-07
   5.1711251e-07
   5.2344470e-07
   5.2634698e-07
   5.2895326e-07
   5.3157773e-07
   5.3464303e-07
   5.3517177e-07
   5.3635476e-07
   5.3680655e-07
   5.3831687e-07
   5.3952337e-07
   5.4194035e-07
   5.4336376e-07
   5.4618989e-07
   5.5000897e-07
   5.5302635e-07
   5.5572577e-07
   5.5715851e-07
   5.6070833e-07
   5.6265583e-07
   5.6456708e-07
   5.6650216e-07
   5.7044860e-07
   5.7099629e-07
   5.7161461e-07
   5.7433707e-07
   5.7650568e-07
   5.7833095e-07
   5.7944823e-07
   5.8170567e-07
   5.8315742e-07
   5.8426683e-07
   5.8563827e-07
   5.8871239e-07
   5.9306302e-07
   5.9648259e-07
   5.9986741e-07
   6.0222077e-07
   6.0401968e-07
   6.0609507e-07
   6.0815215e-07
   6.0868238e-07
   6.1028928e-07
   6.1232636e-07
   6.1308903e-07
   6.1409660e-07
   6.1576037e-07
   6.1868277e-07
   6.1966423e-07
   6.2027682e-07
   6.2528310e-07
   6.2741954e-07
   6.2958646e-07
   6.3256158e-07
   6.3303684e-07
   6.3377055e-07
   6.3480684e-07
   6.3505495e-07
   6.3644900e-07
   6.3916459e-07
   6.4324665e-07
   6.4535263e-07
   6.4599877e-07
   6.4849695e-07
   6.5019912e-07
   6.5567016e-07
   6.5634612e-07
   6.5700376e-07
   6.5766342e-07
   6.6125086e-07
   6.6201893e-07
   6.6298811e-07
   6.6378689e-07
   6.6500071e-07
   6.6950597e-07
   6.7345778e-07
   6.7428652e-07
   6.7581533e-07
   6.7690086e-07
   6.7890205e-07
   6.8047318e-07
   6.8281470e-07
   6.8459149e-07
   6.8853998e-07
   6.9135232e-07
   6.9267786e-07
   6.9340184e-07
   6.9472006e-07
   6.9743829e-07
   6.9845764e-07
   7.0015600e-07
   7.0496668e-07
   7.0632911e-07
   7.0899411e-07
   7.1090426e-07
   7.1241764e-07
   7.1561160e-07
   7.1675313e-07
   7.1945075e-07
   7.2292588e-07
   7.2700070e-07
   7.2914160e-07
   7.3218857e-07
   7.3313240e-07
   7.3412497e-07
   7.3822514e-07
   7.4003583e-07
   7.4025621e-07
   7.4234428e-07
   7.4431698e-07
   7.4832992e-07
   7.4941908e-07
   7.5192223e-07
   7.5273665e-07
   7.5365838e-07
   7.5423186e-07
   7.5683886e-07
   7.5889014e-07
   7.6041438e-07
   7.6208731e-07
   7.6382573e-07
   7.6585252e-07
   7.6681874e-07
   7.7038522e-07
   7.7250093e-07
   7.7580629e-07
   7.7788040e-07
   7.8007651e-07
   7.8106718e-07
   7.8189773e-07
   7.8475010e-07
   7.8851298e-07
   7.9023136e-07
   7.9157584e-07
   7.9343395e-07
   7.9442343e-07
   7.9747321e-07
   8.0026784e-07
   8.0093947e-07
   8.0274347e-07
   8.0420193e-07
   8.0527579e-07
   8.0699784e-07
   8.0984035e-07
   8.1271984e-07
   8.1317191e-07
   8.1431157e-07
   8.1814458e-07
   8.2082305e-07
   8.2177820e-07
   8.2381894e-07
   8.2847955e-07
   8.2920009e-07
   8.3144662e-07
   8.3319332e-07
   8.3403129e-07
   8.3628307e-07
   8.3891452e-07
   8.4010977e-07
   8.4118767e-07
   8.4321054e-07
   8.4394944e-07
   8.4478580e-07
   8.4563044e-07
   8.4728222e-07
   8.5117121e-07
   8.5211946e-07
   8.5330586e-07
   8.5415264e-07
   8.5685213e-07
   8.5965497e-07
   8.6136595e-07
   8.6430572e-07
   8.6706179e-07
   8.6807077e-07
   8.7050465e-07
   8.7158648e-07
   8.7241228e-07
   8.7455609e-07
   8.7610434e-07
   8.7716704e-07
   8.7784239e-07
   8.7924653e-07
   8.8272639e-07
   8.8526481e-07
   8.8653995e-07
   8.8996494e-07
   8.9017939e-07
   8.9322695e-07
   8.9621215e-07
   8.9803820e-07
   9.0218341e-07
   9.0565341e-07
   9.0683702e-07
   9.0904070e-07
   9.1101941e-07
   9.1364282e-07
   9.1652200e-07
   9.1943587e-07
   9.2099835e-07
   9.2284446e-07
   9.2427719e-07
   9.2546904e-07
   9.2757004e-07
   9.2796666e-07
   9.2993070e-07
   9.3314448e-07
   9.3525955e-07
   9.3702470e-07
   9.3796389e-07
   9.3950631e-07
   9.4157658e-07
   9.4456274e-07
   9.4771619e-07
   9.4908838e-07
   9.5170735e-07
   9.5451527e-07
   9.5693206e-07
   9.5953510e-07
   9.6042093e-07
   9.6111605e-07
   9.6372799e-07
   9.6547348e-07
   9.6866651e-07
   9.7038931e-07
   9.7265299e-07
   9.7547286e-07
   9.8006453e-07
   9.8239996e-07
   9.8344006e-07
   9.8381648e-07
   9.8573812e-07
   9.8681728e-07
   9.8906764e-07
   9.9247031e-07
   9.9642593e-07
   9.9870180e-07
   1.0006609e-06
   1.0025237e-06
   1.0044136e-06
   1.0062308e-06
   1.0090895e-06
   1.0103090e-06
   1.0121478e-06
   1.0145441e-06
   1.0155500e-06
   1.0187136e-06
   1.0216786e-06
   1.0222094e-06
   1.0245421e-06
   1.0272514e-06
   1.0292552e-06
   1.0304167e-06
   1.0316507e-06
   1.0325342e-06
   1.0345791e-06
   1.0372136e-06
   1.0396191e-06
   1.0404871e-06
   1.0421523e-06
   1.0429674e-06
   1.0463415e-06
   1.0482686e-06
   1.0493444e-06
   1.0501435e-06
   1.0521146e-06
   1.0523164e-06
   1.0542587e-06
   1.0550951e-06
   1.0574429e-06
   1.0595981e-06
   1.0610975e-06
   1.0640495e-06
   1.0651904e-06
   1.0676777e-06
   1.0691346e-06
   1.0701881e-06
   1.0715326e-06
   1.0726488e-06
   1.0750730e-06
   1.0779971e-06
   1.0783677e-06
   1.0797732e-06
   1.0838136e-06
   1.0870162e-06
   1.0878408e-06
   1.0899369e-06
   1.0912322e-06
   1.0936876e-06
   1.0976509e-06
   1.1017877e-06
   1.1033995e-06
   1.1051158e-06
   1.1068988e-06
   1.1087987e-06
   1.1094725e-06
   1.1123965e-06
   1.1140104e-06
   1.1166993e-06
   1.1193372e-06
   1.1209430e-06
   1.1227446e-06
   1.1236626e-06
   1.1254960e-06
   1.1267201e-06
   1.1274383e-06
   1.1290453e-06
   1.1313393e-06
   1.1337361e-06
   1.1345412e-06
   1.1350405e-06
   1.1362032e-06
   1.1387802e-06
   1.1420039e-06
   1.1446660e-06
   1.1461656e-06
   1.1477504e-06
   1.1491353e-06
   1.1515143e-06
   1.1540370e-06
   1.1547190e-06
   1.1561390e-06
   1.1571960e-06
   1.1596811e-06
   1.1623238e-06
   1.1636660e-06
   1.1662507e-06
   1.1672452e-06
   1.1686651e-06
   1.1693266e-06
   1.1710256e-06
   1.1715483e-06
   1.1742682e-06
   1.1763027e-06
   1.1810508e-06
   1.1842270e-06
   1.1860518e-06
   1.1874468e-06
   1.1883449e-06
   1.1895724e-06
   1.1912411e-06
   1.1951310e-06
   1.1971789e-06
   1.1977738e-06
   1.1988018e-06
   1.2002578e-06
   1.2011167e-06
   1.2020579e-06
   1.2029416e-06
   1.2075839e-06
   1.2116513e-06
   1.2146381e-06
   1.2183702e-06
   1.2202812e-06
   1.2220389e-06
   1.2247834e-06
   1.2275442e-06
   1.2295561e-06
   1.2323395e-06
   1.2344868e-06
   1.2352446e-06
   1.2372737e-06
   1.2399306e-06
   1.2415407e-06
   1.2448717e-06
   1.2473986e-06
   1.2490002e-06
   1.2527880e-06
   1.2538377e-06
   1.2563755e-06
   1.2580078e-06
   1.2609655e-06
   1.2614871e-06
   1.2639705e-06
   1.2646415e-06
   1.2681954e-06
   1.2705721e-06
   1.2724660e-06
   1.2743559e-06
   1.2778126e-06
   1.2800736e-06
   1.2821676e-06
   1.2857271e-06
   1.2896911e-06
   1.2928148e-06
   1.2964737e-06
   1.2970912e-06
   1.2994615e-06
   1.3013946e-06
   1.3017145e-06
   1.3020842e-06
   1.3043472e-06
   1.3054467e-06
   1.3078607e-06
   1.3091686e-06
   1.3114964e-06
   1.3140990e-06
   1.3165202e-06
   1.3185835e-06
   1.3198523e-06
   1.3228463e-06
   1.3268684e-06
   1.3282558e-06
   1.3300007e-06
   1.3307836e-06
   1.3320323e-06
   1.3349943e-06
   1.3376017e-06
   1.3411303e-06
   1.3421019e-06
   1.3424726e-06
   1.3441674e-06
   1.3485069e-06
   1.3485220e-06
   1.3501071e-06
   1.3549550e-06
   1.3578409e-06
   1.3589204e-06
   1.3615351e-06
   1.3658461e-06
   1.3684530e-06
   1.3702735e-06
   1.3736595e-06
   1.3775110e-06
   1.3776804e-06
   1.3788703e-06
   1.3802201e-06
   1.3805344e-06
   1.3834616e-06
   1.3849613e-06
   1.3866313e-06
   1.3876415e-06
   1.3886083e-06
   1.3930754e-06
   1.3955624e-06
   1.3986689e-06
   1.4007817e-06
   1.4036016e-06
   1.4049038e-06
   1.4075923e-06
   1.4108176e-06
   1.4140909e-06
   1.4146442e-06
   1.4170352e-06
   1.4178330e-06
   1.4186134e-06
   1.4195216e-06
   1.4223369e-06
   1.4244252e-06
   1.4255761e-06
   1.4272665e-06
   1.4318981e-06
   1.4349880e-06
   1.4356605e-06
   1.4368710e-06
   1.4403099e-06
   1.4419563e-06
   1.4449589e-06
   1.4488354e-06
   1.4512665e-06
   1.4528144e-06
   1.4541715e-06
   1.4550897e-06
   1.4561715e-06
   1.4594305e-06
   1.4613222e-06
   1.4645539e-06
   1.4663786e-06
   1.4679737e-06
   1.4689201e-06
   1.4710194e-06
   1.4745177e-06
   1.4773715e-06
   1.4788311e-06
   1.4797940e-06
   1.4808545e-06
   1.4822133e-06
   1.4851264e-06
   1.4877177e-06
   1.4889245e-06
   1.4908029e-06
   1.4937366e-06
   1.4963384e-06
   1.4978549e-06
   1.5006821e-06
   1.5026830e-06
   1.5057239e-06
   1.5084069e-06
   1.5103121e-06
   1.5111494e-06
   1.5131826e-06
   1.5144271e-06
   1.5148546e-06
   1.5182688e-06
   1.5203158e-06
   1.5206950e-06
   1.5209211e-06
   1.5224837e-06
   1.5249272e-06
   1.5278915e-06
   1.5299235e-06
   1.5316581e-06
   1.5365719e-06
   1.5405129e-06
   1.5429150e-06
   1.5439149e-06
   1.5459294e-06
   1.5481459e-06
   1.5523092e-06
   1.5555636e-06
   1.5572996e-06
   1.5598665e-06
   1.5637542e-06
   1.5647083e-06
   1.5665141e-06
   1.5674153e-06
   1.5682989e-06
   1.5717466e-06
   1.5747766e-06
   1.5751798e-06
   1.5776747e-06
   1.5815255e-06
   1.5821885e-06
   1.5839258e-06
   1.5849733e-06
   1.5877865e-06
   1.5910337e-06
   1.5919486e-06
   1.5922698e-06
   1.5940203e-06
   1.5947731e-06
   1.5968591e-06
   1.5981787e-06
   1.5996286e-06
   1.6002535e-06
   1.6009756e-06
   1.6039955e-06
   1.6063061e-06
   1.6094136e-06
   1.6143922e-06
   1.6170897e-06
   1.6180439e-06
   1.6190767e-06
   1.6221689e-06
   1.6269704e-06
   1.6290942e-06
   1.6299765e-06
   1.6309510e-06
   1.6316169e-06
   1.6320129e-06
   1.6328382e-06
   1.6334260e-06
   1.6346289e-06
   1.6358173e-06
   1.6367208e-06
   1.6377955e-06
   1.6412273e-06
   1.6428097e-06
   1.6461906e-06
   1.6478554e-06
   1.6496217e-06
   1.6507170e-06
   1.6556055e-06
   1.6571455e-06
   1.6578296e-06
   1.6597056e-06
   1.6624389e-06
   1.6640219e-06
   1.6660429e-06
   1.6693329e-06
   1.6739499e-06
   1.6754996e-06
   1.6762830e-06
   1.6775659e-06
   1.6802466e-06
   1.6837508e-06
   1.6842418e-06
   1.6868078e-06
   1.6874743e-06
   1.6906720e-06
   1.6914292e-06
   1.6944038e-06
   1.6965282e-06
   1.6984200e-06
   1.7006578e-06
   1.7019469e-06
   1.7048291e-06
   1.7063179e-06
   1.7069418e-06
   1.7095373e-06
   1.7109728e-06
   1.7132356e-06
   1.7156665e-06
   1.7187732e-06
   1.7213727e-06
   1.7224770e-06
   1.7245365e-06
   1.7258383e-06
   1.7295412e-06
   1.7324427e-06
   1.7341506e-06
   1.7363245e-06
   1.7382361e-06
   1.7392701e-06
   1.7404998e-06
   1.7424079e-06
   1.7452426e-06
   1.7464880e-06
   1.7490011e-06
   1.7508991e-06
   1.7537010e-06
   1.7566621e-06
   1.7571806e-06
   1.7588233e-06
   1.7606563e-06
   1.7621562e-06
   1.7633544e-06
   1.7667281e-06
   1.7688828e-06
   1.7716115e-06
   1.7761445e-06
   1.7790119e-06
   1.7806028e-06
   1.7818345e-06
   1.7823663e-06
   1.7831769e-06
   1.7841500e-06
   1.7846764e-06
   1.7879194e-06
   1.7897472e-06
   1.7900802e-06
   1.7912684e-06
   1.7947952e-06
   1.7958257e-06
   1.7977704e-06
   1.8011914e-06
   1.8038776e-06
   1.8072054e-06
   1.8091819e-06
   1.8130174e-06
   1.8149849e-06
   1.8153928e-06
   1.8182562e-06
   1.8193829e-06
   1.8202939e-06
   1.8210065e-06
   1.8226144e-06
   1.8236565e-06
   1.8251408e-06
   1.8274041e-06
   1.8285590e-06
   1.8329849e-06
   1.8345852e-06
   1.8355702e-06
   1.8389639e-06
   1.8406202e-06
   1.8441766e-06
   1.8449358e-06
   1.8485347e-06
   1.8509818e-06
   1.8536616e-06
   1.8546519e-06
   1.8570045e-06
   1.8591992e-06
   1.8608878e-06
   1.8631318e-06
   1.8645917e-06
   1.8669640e-06
   1.8688698e-06
   1.8701214e-06
   1.8735668e-06
   1.8755003e-06
   1.8761875e-06
   1.8775232e-06
   1.8799992e-06
   1.8839771e-06
   1.8859065e-06
   1.8866351e-06
   1.8889189e-06
   1.8899172e-06
   1.8921951e-06
   1.8943574e-06
   1.8963243e-06
   1.8984775e-06
   1.9016835e-06
   1.9053871e-06
   1.9078971e-06
   1.9092885e-06
   1.9110012e-06
   1.9142009e-06
   1.9166637e-06
   1.9190430e-06
   1.9247227e-06
   1.9256543e-06
   1.9285035e-06
   1.9304920e-06
   1.9324664e-06
   1.9367305e-06
   1.9390045e-06
   1.9398891e-06
   1.9422501e-06
   1.9442408e-06
   1.9451229e-06
   1.9485783e-06
   1.9501829e-06
   1.9516342e-06
   1.9564097e-06
   1.9581506e-06
   1.9586298e-06
   1.9619816e-06
   1.9646207e-06
   1.9682127e-06
   1.9708387e-06
   1.9711070e-06
   1.9732907e-06
   1.9760821e-06
   1.9808379e-06
   1.9820759e-06
   1.9840437e-06
   1.9851611e-06
   1.9860364e-06
   1.9881630e-06
   1.9904263e-06
   1.9908420e-06
   1.9933122e-06
   1.9956520e-06
   1.9969208e-06
   1.9970049e-06
   1.9983530e-06
   1.9984111e-06
   1.9993556e-06
   2.0004698e-06
   2.0025509e-06
   2.0031624e-06
   2.0042218e-06
   2.0053898e-06
   2.0070237e-06
   2.0090541e-06
   2.0122951e-06
   2.0146138e-06
   2.0165151e-06
   2.0181023e-06
   2.0206138e-06
   2.0230542e-06
   2.0267964e-06
   2.0288627e-06
   2.0308236e-06
   2.0315895e-06
   2.0330192e-06
   2.0336183e-06
   2.0356314e-06
   2.0396287e-06
   2.0429148e-06
   2.0463180e-06
   2.0494425e-06
   2.0529409e-06
   2.0545984e-06
   2.0557530e-06
   2.0580285e-06
   2.0621219e-06
   2.0650036e-06
   2.0682243e-06
   2.0713769e-06
   2.0725921e-06
   2.0735151e-06
   2.0746275e-06
   2.0749499e-06
   2.0777307e-06
   2.0792054e-06
   2.0831220e-06
   2.0894239e-06
   2.0929319e-06
   2.0953414e-06
   2.0998266e-06
   2.1014908e-06
   2.1019238e-06
   2.1041802e-06
   2.1071562e-06
   2.1079906e-06
   2.1100424e-06
   2.1104448e-06
   2.1124837e-06
   2.1138305e-06
   2.1158954e-06
   2.1183132e-06
   2.1194540e-06
   2.1205885e-06
   2.1247786e-06
   2.1295999e-06
   2.1325741e-06
   2.1360421e-06
   2.1383234e-06
   2.1424924e-06
   2.1456863e-06
   2.1484426e-06
   2.1516466e-06
   2.1544485e-06
   2.1553895e-06
   2.1585903e-06
   2.1615276e-06
   2.1620362e-06
   2.1638734e-06
   2.1671183e-06
   2.1684794e-06
   2.1719197e-06
   2.1729071e-06
   2.1747888e-06
   2.1756833e-06
   2.1774974e-06
   2.1782309e-06
   2.1797362e-06
   2.1800892e-06
   2.1841341e-06
   2.1858035e-06
   2.1867735e-06
   2.1884792e-06
   2.1900739e-06
   2.1931810e-06
   2.1943453e-06
   2.1964237e-06
   2.1997951e-06
   2.2021160e-06
   2.2051277e-06
   2.2085647e-06
   2.2104585e-06
   2.2119600e-06
   2.2134353e-06
   2.2145977e-06
   2.2156243e-06
   2.2175691e-06
   2.2193283e-06
   2.2207132e-06
   2.2229284e-06
   2.2260018e-06
   2.2274959e-06
   2.2295418e-06
   2.2320015e-06
   2.2337136e-06
   2.2362073e-06
   2.2380552e-06
   2.2390011e-06
   2.2394535e-06
   2.2413093e-06
   2.2438032e-06
   2.2473769e-06
   2.2478613e-06
   2.2496854e-06
   2.2535216e-06
   2.2571589e-06
   2.2579201e-06
   2.2610598e-06
   2.2632297e-06
   2.2637583e-06
   2.2648500e-06
   2.2676680e-06
   2.2702298e-06
   2.2723124e-06
   2.2742058e-06
   2.2764376e-06
   2.2782635e-06
   2.2808655e-06
   2.2849540e-06
   2.2869133e-06
   2.2905344e-06
   2.2959507e-06
   2.2993212e-06
   2.3024600e-06
   2.3049372e-06
   2.3057025e-06
   2.3085135e-06
   2.3090998e-06
   2.3113246e-06
   2.3122300e-06
   2.3142165e-06
   2.3152526e-06
   2.3166510e-06
   2.3183432e-06
   2.3196150e-06
   2.3227776e-06
   2.3237536e-06
   2.3248874e-06
   2.3272371e-06
   2.3276634e-06
   2.3298634e-06
   2.3324314e-06
   2.3353455e-06
   2.3362923e-06
   2.3413045e-06
   2.3432878e-06
   2.3445179e-06
   2.3449547e-06
   2.3457097e-06
   2.3486040e-06
   2.3502604e-06
   2.3551439e-06
   2.3588747e-06
   2.3631127e-06
   2.3668448e-06
   2.3683716e-06
   2.3695972e-06
   2.3711508e-06
   2.3738816e-06
   2.3755747e-06
   2.3776793e-06
   2.3787024e-06
   2.3808048e-06
   2.3820440e-06
   2.3843626e-06
   2.3873659e-06
   2.3895687e-06
   2.3925060e-06
   2.3937493e-06
   2.3963702e-06
   2.3987533e-06
   2.4034659e-06
   2.4072576e-06
   2.4081345e-06
   2.4084611e-06
   2.4149931e-06
   2.4200163e-06
   2.4214315e-06
   2.4226151e-06
   2.4231189e-06
   2.4244947e-06
   2.4278911e-06
   2.4296221e-06
   2.4299896e-06
   2.4320180e-06
   2.4337017e-06
   2.4351262e-06
   2.4370649e-06
   2.4398590e-06
   2.4414142e-06
   2.4431140e-06
   2.4449911e-06
   2.4470086e-06
   2.4499703e-06
   2.4530243e-06
   2.4543739e-06
   2.4560878e-06
   2.4582967e-06
   2.4603756e-06
   2.4610745e-06
   2.4615130e-06
   2.4642588e-06
   2.4654488e-06
   2.4678926e-06
   2.4716774e-06
   2.4746076e-06
   2.4779707e-06
   2.4796291e-06
   2.4817265e-06
   2.4828859e-06
   2.4844127e-06
   2.4862835e-06
   2.4880329e-06
   2.4911527e-06
   2.4919704e-06
   2.4954868e-06
   2.4984762e-06
   2.5014038e-06
   2.5045017e-06
   2.5066675e-06
   2.5092376e-06
   2.5114652e-06
   2.5131169e-06
   2.5146096e-06
   2.5155620e-06
   2.5187593e-06
   2.5212562e-06
   2.5235077e-06
   2.5278841e-06
   2.5298634e-06
   2.5310541e-06
   2.5324913e-06
   2.5347534e-06
   2.5357203e-06
   2.5385849e-06
   2.5412456e-06
   2.5423224e-06
   2.5472554e-06
   2.5484069e-06
   2.5488304e-06
   2.5527829e-06
   2.5575838e-06
   2.5601894e-06
   2.5631684e-06
   2.5637019e-06
   2.5663664e-06
   2.5692314e-06
   2.5708851e-06
   2.5714695e-06
   2.5733530e-06
   2.5742777e-06
   2.5758699e-06
   2.5790498e-06
   2.5799882e-06
   2.5822442e-06
   2.5846570e-06
   2.5857406e-06
   2.5871092e-06
   2.5880204e-06
   2.5888132e-06
   2.5902127e-06
   2.5907703e-06
   2.5915734e-06
   2.5925592e-06
   2.5950092e-06
   2.5975829e-06
   2.5992360e-06
   2.6011582e-06
   2.6031296e-06
   2.6054204e-06
   2.6085346e-06
   2.6101089e-06
   2.6112644e-06
   2.6124456e-06
   2.6153229e-06
   2.6185428e-06
   2.6199291e-06
   2.6218247e-06
   2.6222611e-06
   2.6242127e-06
   2.6251767e-06
   2.6271202e-06
   2.6291312e-06
   2.6351379e-06
   2.6361373e-06
   2.6367265e-06
   2.6393543e-06
   2.6433767e-06
   2.6461815e-06
   2.6478081e-06
   2.6498745e-06
   2.6513694e-06
   2.6540032e-06
   2.6554467e-06
   2.6573888e-06
   2.6583984e-06
   2.6596328e-06
   2.6618583e-06
   2.6637955e-06
   2.6650466e-06
   2.6674692e-06
   2.6692603e-06
   2.6720038e-06
   2.6756062e-06
   2.6769283e-06
   2.6795697e-06
   2.6815482e-06
   2.6838688e-06
   2.6848213e-06
   2.6865249e-06
   2.6877861e-06
   2.6900251e-06
   2.6907842e-06
   2.6961497e-06
   2.6993219e-06
   2.7016924e-06
   2.7025050e-06
   2.7050864e-06
   2.7063695e-06
   2.7076037e-06
   2.7087033e-06
   2.7112782e-06
   2.7158219e-06
   2.7185079e-06
   2.7232901e-06
   2.7270633e-06
   2.7294581e-06
   2.7326461e-06
   2.7367051e-06
   2.7395182e-06
   2.7421023e-06
   2.7438997e-06
   2.7454842e-06
   2.7499596e-06
   2.7538497e-06
   2.7567158e-06
   2.7588008e-06
   2.7603930e-06
   2.7640371e-06
   2.7668269e-06
   2.7691644e-06
   2.7704994e-06
   2.7721962e-06
   2.7743352e-06
   2.7768323e-06
   2.7810466e-06
   2.7832585e-06
   2.7867768e-06
   2.7903653e-06
   2.7934357e-06
   2.7936811e-06
   2.7960172e-06
   2.7982709e-06
   2.8008447e-06
   2.8019408e-06
   2.8050970e-06
   2.8061319e-06
   2.8085038e-06
   2.8108678e-06
   2.8119489e-06
   2.8147514e-06
   2.8159035e-06
   2.8173279e-06
   2.8191146e-06
   2.8222049e-06
   2.8231591e-06
   2.8244719e-06
   2.8268596e-06
   2.8287021e-06
   2.8296015e-06
   2.8305524e-06
   2.8323750e-06
   2.8347070e-06
   2.8376468e-06
   2.8401324e-06
   2.8418404e-06
   2.8434718e-06
   2.8441146e-06
   2.8458708e-06
   2.8491405e-06
   2.8545915e-06
   2.8568411e-06
   2.8571673e-06
   2.8583848e-06
   2.8609174e-06
   2.8617422e-06
   2.8636443e-06
   2.8651722e-06
   2.8670669e-06
   2.8680706e-06
   2.8693638e-06
   2.8718943e-06
   2.8728835e-06
   2.8740278e-06
   2.8745412e-06
   2.8760778e-06
   2.8771192e-06
   2.8784842e-06
   2.8811096e-06
   2.8842232e-06
   2.8865603e-06
   2.8891543e-06
   2.8931074e-06
   2.8945944e-06
   2.8957898e-06
   2.8964573e-06
   2.8972418e-06
   2.8989054e-06
   2.9008274e-06
   2.9031024e-06
   2.9038686e-06
   2.9063489e-06
   2.9081900e-06
   2.9089914e-06
   2.9098822e-06
   2.9107103e-06
   2.9116822e-06
   2.9132682e-06
   2.9175559e-06
   2.9200940e-06
   2.9227488e-06
   2.9256366e-06
   2.9281957e-06
   2.9297252e-06
   2.9314285e-06
   2.9328763e-06
   2.9345070e-06
   2.9367288e-06
   2.9378093e-06
   2.9391895e-06
   2.9402950e-06
   2.9441840e-06
   2.9457340e-06
   2.9462408e-06
   2.9474940e-06
   2.9496060e-06
   2.9508973e-06
   2.9538700e-06
   2.9548229e-06
   2.9574501e-06
   2.9577375e-06
   2.9593673e-06
   2.9629883e-06
   2.9652726e-06
   2.9667343e-06
   2.9686243e-06
   2.9708221e-06
   2.9750457e-06
   2.9781362e-06
   2.9801664e-06
   2.9809089e-06
   2.9835301e-06
   2.9842499e-06
   2.9846691e-06
   2.9870738e-06
   2.9872003e-06
   2.9879608e-06
   2.9893008e-06
   2.9926428e-06
   2.9948900e-06
   2.9977863e-06
   2.9989055e-06
   3.0023956e-06
   3.0056603e-06
   3.0070002e-06
   3.0077523e-06
   3.0098753e-06
   3.0113943e-06
   3.0119863e-06
   3.0134161e-06
   3.0149728e-06
   3.0186735e-06
   3.0237696e-06
   3.0246100e-06
   3.0261568e-06
   3.0276235e-06
   3.0297753e-06
   3.0318635e-06
   3.0345455e-06
   3.0370219e-06
   3.0389043e-06
   3.0401340e-06
   3.0409898e-06
   3.0430613e-06
   3.0439846e-06
   3.0477142e-06
   3.0490391e-06
   3.0519279e-06
   3.0544686e-06
   3.0593051e-06
   3.0609134e-06
   3.0629012e-06
   3.0634541e-06
   3.0656680e-06
   3.0660732e-06
   3.0683597e-06
   3.0693149e-06
   3.0700742e-06
   3.0707241e-06
   3.0728845e-06
   3.0744813e-06
   3.0756565e-06
   3.0773914e-06
   3.0788854e-06
   3.0808632e-06
   3.0822992e-06
   3.0841141e-06
   3.0851666e-06
   3.0872852e-06
   3.0893489e-06
   3.0901476e-06
   3.0914093e-06
   3.0928174e-06
   3.0946301e-06
   3.0964331e-06
   3.0977188e-06
   3.1007597e-06
   3.1021781e-06
   3.1030010e-06
   3.1047370e-06
   3.1062739e-06
   3.1079290e-06
   3.1112990e-06
   3.1130819e-06
   3.1154240e-06
   3.1166439e-06
   3.1189450e-06
   3.1200540e-06
   3.1212766e-06
   3.1233998e-06
   3.1261461e-06
   3.1269240e-06
   3.1298743e-06
   3.1313289e-06
   3.1322922e-06
   3.1337220e-06
   3.1348013e-06
   3.1360079e-06
   3.1371649e-06
   3.1383947e-06
   3.1400960e-06
   3.1417889e-06
   3.1443862e-06
   3.1458458e-06
   3.1481165e-06
   3.1504839e-06
   3.1541152e-06
   3.1589387e-06
   3.1611945e-06
   3.1632564e-06
   3.1658419e-06
   3.1696803e-06
   3.1715857e-06
   3.1733529e-06
   3.1739038e-06
   3.1754824e-06
   3.1779507e-06
   3.1787785e-06
   3.1806488e-06
   3.1815921e-06
   3.1826816e-06
   3.1843135e-06
   3.1867378e-06
   3.1889937e-06
   3.1906484e-06
   3.1914761e-06
   3.1926677e-06
   3.1947967e-06
   3.1979896e-06
   3.2004322e-06
   3.2022485e-06
   3.2038489e-06
   3.2059869e-06
   3.2078619e-06
   3.2123258e-06
   3.2150129e-06
   3.2160814e-06
   3.2167084e-06
   3.2177012e-06
   3.2196748e-06
   3.2211121e-06
   3.2221962e-06
   3.2244048e-06
   3.2273781e-06
   3.2311335e-06
   3.2319051e-06
   3.2329841e-06
   3.2335708e-06
   3.2358100e-06
   3.2375521e-06
   3.2399897e-06
   3.2402303e-06
   3.2409398e-06
   3.2419259e-06
   3.2428639e-06
   3.2436137e-06
   3.2480741e-06
   3.2500700e-06
   3.2530955e-06
   3.2564099e-06
   3.2571555e-06
   3.2625017e-06
   3.2647408e-06
   3.2666999e-06
   3.2681874e-06
   3.2694029e-06
   3.2703235e-06
   3.2710245e-06
   3.2728103e-06
   3.2733792e-06
   3.2753509e-06
   3.2781625e-06
   3.2786129e-06
   3.2814118e-06
   3.2855952e-06
   3.2883724e-06
   3.2896890e-06
   3.2919329e-06
   3.2941742e-06
   3.2969534e-06
   3.2980385e-06
   3.3011589e-06
   3.3032440e-06
   3.3081725e-06
   3.3099507e-06
   3.3116359e-06
   3.3134006e-06
   3.3137902e-06
   3.3144908e-06
   3.3169274e-06
   3.3187114e-06
   3.3202347e-06
   3.3208759e-06
   3.3225799e-06
   3.3238691e-06
   3.3260410e-06
   3.3273135e-06
   3.3285229e-06
   3.3311102e-06
   3.3342587e-06
   3.3354951e-06
   3.3390014e-06
   3.3413479e-06
   3.3437216e-06
   3.3458077e-06
   3.3471054e-06
   3.3485889e-06
   3.3496862e-06
   3.3509527e-06
   3.3521353e-06
   3.3541724e-06
   3.3556761e-06
   3.3571535e-06
   3.3593607e-06
   3.3626862e-06
   3.3633564e-06
   3.3645161e-06
   3.3659067e-06
   3.3713349e-06
   3.3717624e-06
   3.3739828e-06
   3.3754498e-06
   3.3769879e-06
   3.3794126e-06
   3.3830769e-06
   3.3839695e-06
   3.3856691e-06
   3.3866572e-06
   3.3893690e-06
   3.3907588e-06
   3.3926122e-06
   3.3956977e-06
   3.3974301e-06
   3.3992020e-06
   3.4001232e-06
   3.4021145e-06
   3.4042303e-06
   3.4068059e-06
   3.4071519e-06
   3.4080188e-06
   3.4099601e-06
   3.4115706e-06
   3.4122289e-06
   3.4141186e-06
   3.4145441e-06
   3.4160447e-06
   3.4192141e-06
   3.4209250e-06
   3.4225380e-06
   3.4260143e-06
   3.4315464e-06
   3.4337039e-06
   3.4347259e-06
   3.4364933e-06
   3.4414832e-06
   3.4449174e-06
   3.4454462e-06
   3.4493765e-06
   3.4533616e-06
   3.4555218e-06
   3.4597189e-06
   3.4616862e-06
   3.4633100e-06
   3.4643410e-06
   3.4680869e-06
   3.4694730e-06
   3.4697342e-06
   3.4701781e-06
   3.4719769e-06
   3.4735090e-06
   3.4757220e-06
   3.4780887e-06
   3.4789842e-06
   3.4811225e-06
   3.4829299e-06
   3.4854285e-06
   3.4870863e-06
   3.4890165e-06
   3.4917021e-06
   3.4931991e-06
   3.4953900e-06
   3.4957953e-06
   3.4972583e-06
   3.4978014e-06
   3.4990284e-06
   3.5036766e-06
   3.5087922e-06
   3.5104353e-06
   3.5129727e-06
   3.5174477e-06
   3.5191535e-06
   3.5205125e-06
   3.5231181e-06
   3.5252752e-06
   3.5263517e-06
   3.5279931e-06
   3.5311654e-06
   3.5332711e-06
   3.5344056e-06
   3.5367946e-06
   3.5375641e-06
   3.5387016e-06
   3.5403708e-06
   3.5412863e-06
   3.5459982e-06
   3.5495059e-06
   3.5517971e-06
   3.5538667e-06
   3.5551502e-06
   3.5559402e-06
   3.5577636e-06
   3.5583206e-06
   3.5604281e-06
   3.5618495e-06
   3.5642581e-06
   3.5648262e-06
   3.5660757e-06
   3.5684444e-06
   3.5719359e-06
   3.5734187e-06
   3.5753723e-06
   3.5762546e-06
   3.5775371e-06
   3.5786429e-06
   3.5796119e-06
   3.5810825e-06
   3.5838488e-06
   3.5849810e-06
   3.5876347e-06
   3.5911062e-06
   3.5921055e-06
   3.5940998e-06
   3.5949484e-06
   3.5963009e-06
   3.5980851e-06
   3.6007317e-06
   3.6044938e-06
   3.6051376e-06
   3.6069142e-06
   3.6095883e-06
   3.6127907e-06
   3.6147564e-06
   3.6170550e-06
   3.6187062e-06
   3.6188763e-06
   3.6206161e-06
   3.6221499e-06
   3.6232054e-06
   3.6254069e-06
   3.6275718e-06
   3.6304827e-06
   3.6314864e-06
   3.6329645e-06
   3.6371024e-06
   3.6382624e-06
   3.6409324e-06
   3.6435019e-06
   3.6464232e-06
   3.6479029e-06
   3.6486775e-06
   3.6499615e-06
   3.6520346e-06
   3.6544970e-06
   3.6567408e-06
   3.6584751e-06
   3.6620879e-06
   3.6633919e-06
   3.6654559e-06
   3.6674852e-06
   3.6680012e-06
   3.6684176e-06
   3.6690648e-06
   3.6702565e-06
   3.6725797e-06
   3.6759636e-06
   3.6800466e-06
   3.6818857e-06
   3.6842494e-06
   3.6876201e-06
   3.6899709e-06
   3.6910523e-06
   3.6929347e-06
   3.6944727e-06
   3.6969503e-06
   3.6977087e-06
   3.7000327e-06
   3.7013410e-06
   3.7017186e-06
   3.7035700e-06
   3.7042482e-06
   3.7054081e-06
   3.7072153e-06
   3.7087842e-06
   3.7098311e-06
   3.7125840e-06
   3.7136229e-06
   3.7166066e-06
   3.7171937e-06
   3.7184748e-06
   3.7205516e-06
   3.7218016e-06
   3.7254724e-06
   3.7271382e-06
   3.7291260e-06
   3.7300402e-06
   3.7330864e-06
   3.7354531e-06
   3.7389807e-06
   3.7408395e-06
   3.7421958e-06
   3.7434791e-06
   3.7438060e-06
   3.7451287e-06
   3.7464206e-06
   3.7481170e-06
   3.7505156e-06
   3.7532404e-06
   3.7571590e-06
   3.7592327e-06
   3.7616241e-06
   3.7631704e-06
   3.7641949e-06
   3.7675098e-06
   3.7694587e-06
   3.7703511e-06
   3.7719819e-06
   3.7746052e-06
   3.7753170e-06
   3.7767806e-06
   3.7788149e-06
   3.7806781e-06
   3.7825717e-06
   3.7858302e-06
   3.7861523e-06
   3.7873638e-06
   3.7890558e-06
   3.7911087e-06
   3.7923192e-06
   3.7928311e-06
   3.7946791e-06
   3.7954564e-06
   3.7963796e-06
   3.7986791e-06
   3.7997438e-06
   3.8021141e-06
   3.8034417e-06
   3.8042940e-06
   3.8069805e-06
   3.8101533e-06
   3.8118403e-06
   3.8139614e-06
   3.8157674e-06
   3.8183462e-06
   3.8229234e-06
   3.8239617e-06
   3.8256557e-06
   3.8293889e-06
   3.8323486e-06
   3.8342148e-06
   3.8368874e-06
   3.8398440e-06
   3.8409283e-06
   3.8451868e-06
   3.8472932e-06
   3.8503155e-06
   3.8510314e-06
   3.8518285e-06
   3.8523707e-06
   3.8553422e-06
   3.8558170e-06
   3.8569506e-06
   3.8583032e-06
   3.8589261e-06
   3.8607145e-06
   3.8645774e-06
   3.8678469e-06
   3.8683720e-06
   3.8700056e-06
   3.8738736e-06
   3.8749896e-06
   3.8783793e-06
   3.8802059e-06
   3.8814729e-06
   3.8824199e-06
   3.8844765e-06
   3.8871658e-06
   3.8913006e-06
   3.8944526e-06
   3.8965926e-06
   3.8987923e-06
   3.9016101e-06
   3.9055244e-06
   3.9083657e-06
   3.9091310e-06
   3.9093717e-06
   3.9105657e-06
   3.9129490e-06
   3.9156679e-06
   3.9172573e-06
   3.9186446e-06
   3.9205203e-06
   3.9227758e-06
   3.9258290e-06
   3.9289766e-06
   3.9339421e-06
   3.9372688e-06
   3.9389965e-06
   3.9455553e-06
   3.9476344e-06
   3.9505533e-06
   3.9549464e-06
   3.9558033e-06
   3.9571014e-06
   3.9576538e-06
   3.9580916e-06
   3.9614979e-06
   3.9631088e-06
   3.9648123e-06
   3.9667979e-06
   3.9674408e-06
   3.9699035e-06
   3.9741765e-06
   3.9754927e-06
   3.9764801e-06
   3.9777911e-06
   3.9794605e-06
   3.9835510e-06
   3.9846509e-06
   3.9896664e-06
   3.9925043e-06
   3.9953168e-06
   3.9988999e-06
   4.0005946e-06
   4.0011169e-06
   4.0018090e-06
   4.0051910e-06
   4.0079933e-06
   4.0106113e-06
   4.0136425e-06
   4.0148152e-06
   4.0156290e-06
   4.0169530e-06
   4.0176919e-06
   4.0200550e-06
   4.0233956e-06
   4.0250385e-06
   4.0258508e-06
   4.0271873e-06
   4.0301784e-06
   4.0353016e-06
   4.0388381e-06
   4.0406425e-06
   4.0426368e-06
   4.0441808e-06
   4.0468151e-06
   4.0495957e-06
   4.0505669e-06
   4.0550998e-06
   4.0590423e-06
   4.0609855e-06
   4.0633987e-06
   4.0640878e-06
   4.0648192e-06
   4.0669545e-06
   4.0701292e-06
   4.0729466e-06
   4.0762289e-06
   4.0772528e-06
   4.0814179e-06
   4.0842230e-06
   4.0858136e-06
   4.0888358e-06
   4.0900222e-06
   4.0910917e-06
   4.0925430e-06
   4.0972282e-06
   4.1019103e-06
   4.1030763e-06
   4.1063787e-06
   4.1085745e-06
   4.1102736e-06
   4.1123619e-06
   4.1148158e-06
   4.1165851e-06
   4.1186582e-06
   4.1198214e-06
   4.1216484e-06
   4.1235942e-06
   4.1242048e-06
   4.1259254e-06
   4.1284826e-06
   4.1294699e-06
   4.1296832e-06
   4.1307124e-06
   4.1338091e-06
   4.1364892e-06
   4.1387128e-06
   4.1409525e-06
   4.1449273e-06
   4.1475023e-06
   4.1486305e-06
   4.1498915e-06
   4.1511886e-06
   4.1537763e-06
   4.1540933e-06
   4.1559693e-06
   4.1584692e-06
   4.1597971e-06
   4.1616466e-06
   4.1629798e-06
   4.1642111e-06
   4.1666347e-06
   4.1687029e-06
   4.1710152e-06
   4.1715539e-06
   4.1758970e-06
   4.1781617e-06
   4.1813467e-06
   4.1825347e-06
   4.1834911e-06
   4.1839463e-06
   4.1855850e-06
   4.1873490e-06
   4.1894909e-06
   4.1906230e-06
   4.1907890e-06
   4.1934738e-06
   4.1967248e-06
   4.1976899e-06
   4.1989917e-06
   4.2005123e-06
   4.2022176e-06
   4.2035975e-06
   4.2046008e-06
   4.2064956e-06
   4.2098637e-06
   4.2119528e-06
   4.2140485e-06
   4.2173078e-06
   4.2205909e-06
   4.2226814e-06
   4.2238840e-06
   4.2248990e-06
   4.2259616e-06
   4.2284019e-06
   4.2307229e-06
   4.2316979e-06
   4.2340706e-06
   4.2374641e-06
   4.2423938e-06
   4.2447776e-06
   4.2464069e-06
   4.2479575e-06
   4.2485181e-06
   4.2486836e-06
   4.2506017e-06
   4.2511592e-06
   4.2528669e-06
   4.2562575e-06
   4.2583917e-06
   4.2615665e-06
   4.2638347e-06
   4.2669032e-06
   4.2695981e-06
   4.2737843e-06
   4.2754822e-06
   4.2760098e-06
   4.2773534e-06
   4.2777626e-06
   4.2800536e-06
   4.2830293e-06
   4.2875020e-06
   4.2890815e-06
   4.2898772e-06
   4.2920211e-06
   4.2945260e-06
   4.2946718e-06
   4.2980487e-06
   4.3005111e-06
   4.3025640e-06
   4.3054953e-06
   4.3064193e-06
   4.3084820e-06
   4.3107255e-06
   4.3115992e-06
   4.3139202e-06
   4.3167225e-06
   4.3191182e-06
   4.3209097e-06
   4.3224658e-06
   4.3229883e-06
   4.3235418e-06
   4.3246799e-06
   4.3274062e-06
   4.3285343e-06
   4.3313166e-06
   4.3325446e-06
   4.3359587e-06
   4.3413663e-06
   4.3468836e-06
   4.3475864e-06
   4.3481356e-06
   4.3494973e-06
   4.3534171e-06
   4.3549212e-06
   4.3562303e-06
   4.3593937e-06
   4.3619390e-06
   4.3628661e-06
   4.3661432e-06
   4.3680725e-06
   4.3688131e-06
   4.3704608e-06
   4.3729094e-06
   4.3753709e-06
   4.3779326e-06
   4.3812253e-06
   4.3839622e-06
   4.3868682e-06
   4.3880953e-06
   4.3920259e-06
   4.3963152e-06
   4.3987343e-06
   4.4032482e-06
   4.4051012e-06
   4.4071283e-06
   4.4104162e-06
   4.4126089e-06
   4.4145681e-06
   4.4162677e-06
   4.4182417e-06
   4.4202858e-06
   4.4215952e-06
   4.4230975e-06
   4.4265684e-06
   4.4283069e-06
   4.4297940e-06
   4.4319894e-06
   4.4333274e-06
   4.4339257e-06
   4.4350628e-06
   4.4372393e-06
   4.4390874e-06
   4.4443310e-06
   4.4468909e-06
   4.4486983e-06
   4.4513896e-06
   4.4529249e-06
   4.4534629e-06
   4.4552596e-06
   4.4566100e-06
   4.4579057e-06
   4.4602048e-06
   4.4612192e-06
   4.4647171e-06
   4.4690111e-06
   4.4727356e-06
   4.4754389e-06
   4.4798068e-06
   4.4844632e-06
   4.4874201e-06
   4.4884956e-06
   4.4891291e-06
   4.4921178e-06
   4.4937837e-06
   4.4959735e-06
   4.4975964e-06
   4.4987103e-06
   4.4999891e-06
   4.5019398e-06
   4.5025060e-06
   4.5037654e-06
   4.5081636e-06
   4.5110381e-06
   4.5167763e-06
   4.5206410e-06
   4.5223506e-06
   4.5241034e-06
   4.5284809e-06
   4.5288133e-06
   4.5311909e-06
   4.5321879e-06
   4.5352463e-06
   4.5359374e-06
   4.5390371e-06
   4.5393927e-06
   4.5409499e-06
   4.5444660e-06
   4.5459242e-06
   4.5499010e-06
   4.5532511e-06
   4.5548049e-06
   4.5563338e-06
   4.5573369e-06
   4.5598503e-06
   4.5625222e-06
   4.5645102e-06
   4.5662672e-06
   4.5694510e-06
   4.5705853e-06
   4.5728672e-06
   4.5736793e-06
   4.5762920e-06
   4.5779600e-06
   4.5787092e-06
   4.5822514e-06
   4.5845046e-06
   4.5853673e-06
   4.5880234e-06
   4.5891005e-06
   4.5913311e-06
   4.5943298e-06
   4.5961243e-06
   4.5998751e-06
   4.6014319e-06
   4.6019224e-06
   4.6024424e-06
   4.6034967e-06
   4.6070915e-06
   4.6108411e-06
   4.6128808e-06
   4.6153452e-06
   4.6169025e-06
   4.6187159e-06
   4.6190240e-06
   4.6209244e-06
   4.6220414e-06
   4.6238648e-06
   4.6261011e-06
   4.6281647e-06
   4.6300077e-06
   4.6338120e-06
   4.6357114e-06
   4.6374816e-06
   4.6394461e-06
   4.6400605e-06
   4.6412474e-06
   4.6424374e-06
   4.6449655e-06
   4.6458307e-06
   4.6470951e-06
   4.6478787e-06
   4.6493215e-06
   4.6507012e-06
   4.6568655e-06
   4.6633950e-06
   4.6646876e-06
   4.6661118e-06
   4.6674862e-06
   4.6700041e-06
   4.6722229e-06
   4.6744009e-06
   4.6764408e-06
   4.6779885e-06
   4.6798735e-06
   4.6816622e-06
   4.6838511e-06
   4.6861246e-06
   4.6886046e-06
   4.6910247e-06
   4.6923344e-06
   4.6951140e-06
   4.6983040e-06
   4.6990706e-06
   4.6998189e-06
   4.7023936e-06
   4.7048344e-06
   4.7078503e-06
   4.7113132e-06
   4.7130094e-06
   4.7155565e-06
   4.7174721e-06
   4.7190325e-06
   4.7196802e-06
   4.7227737e-06
   4.7259128e-06
   4.7273115e-06
   4.7294361e-06
   4.7320713e-06
   4.7351036e-06
   4.7388356e-06
   4.7407623e-06
   4.7424510e-06
   4.7458517e-06
   4.7489694e-06
   4.7524677e-06
   4.7543617e-06
   4.7569749e-06
   4.7594188e-06
   4.7628132e-06
   4.7654267e-06
   4.7660955e-06
   4.7674631e-06
   4.7695841e-06
   4.7705677e-06
   4.7726017e-06
   4.7734459e-06
   4.7752664e-06
   4.7765897e-06
   4.7778883e-06
   4.7814950e-06
   4.7831014e-06
   4.7878842e-06
   4.7891466e-06
   4.7901982e-06
   4.7923983e-06
   4.7948159e-06
   4.7959137e-06
   4.7981217e-06
   4.7996736e-06
   4.8006622e-06
   4.8011539e-06
   4.8023374e-06
   4.8033112e-06
   4.8048098e-06
   4.8054546e-06
   4.8074509e-06
   4.8096037e-06
   4.8114273e-06
   4.8124235e-06
   4.8130241e-06
   4.8155281e-06
   4.8202229e-06
   4.8237172e-06
   4.8254055e-06
   4.8277472e-06
   4.8289903e-06
   4.8313718e-06
   4.8350659e-06
   4.8352737e-06
   4.8371579e-06
   4.8385199e-06
   4.8395874e-06
   4.8401569e-06
   4.8416899e-06
   4.8440753e-06
   4.8454357e-06
   4.8485964e-06
   4.8504022e-06
   4.8523297e-06
   4.8541887e-06
   4.8558415e-06
   4.8566380e-06
   4.8589396e-06
   4.8593467e-06
   4.8602132e-06
   4.8631586e-06
   4.8660369e-06
   4.8701896e-06
   4.8729616e-06
   4.8756835e-06
   4.8765080e-06
   4.8779354e-06
   4.8835740e-06
   4.8866484e-06
   4.8895847e-06
   4.8922192e-06
   4.8934419e-06
   4.8937737e-06
   4.8959560e-06
   4.8980579e-06
   4.9002203e-06
   4.9013941e-06
   4.9026789e-06
   4.9049895e-06
   4.9082902e-06
   4.9096745e-06
   4.9116681e-06
   4.9129078e-06
   4.9155962e-06
   4.9182539e-06
   4.9186184e-06
   4.9211894e-06
   4.9247980e-06
   4.9251421e-06
   4.9274731e-06
   4.9303021e-06
   4.9329451e-06
   4.9335819e-06
   4.9361229e-06
   4.9375567e-06
   4.9398677e-06
   4.9424365e-06
   4.9455703e-06
   4.9481059e-06
   4.9508906e-06
   4.9528879e-06
   4.9544918e-06
   4.9560432e-06
   4.9575622e-06
   4.9589991e-06
   4.9600349e-06
   4.9604356e-06
   4.9639181e-06
   4.9662396e-06
   4.9679561e-06
   4.9702119e-06
   4.9706417e-06
   4.9732793e-06
   4.9743940e-06
   4.9756299e-06
   4.9770534e-06
   4.9789664e-06
   4.9808936e-06
   4.9822215e-06
   4.9834690e-06
   4.9841548e-06
   4.9874041e-06
   4.9909022e-06
   4.9941986e-06
   4.9963327e-06
   4.9993723e-06
   5.0019510e-06
   5.0045646e-06
   5.0060022e-06
   5.0100856e-06
   5.0114048e-06
   5.0130448e-06
   5.0154803e-06
   5.0171347e-06
   5.0182352e-06
   5.0183260e-06
   5.0206779e-06
   5.0225858e-06
   5.0254589e-06
   5.0272203e-06
   5.0295502e-06
   5.0296356e-06
   5.0322651e-06
   5.0359385e-06
   5.0399598e-06
   5.0414743e-06
   5.0424433e-06
   5.0442287e-06
   5.0451540e-06
   5.0469515e-06
   5.0488621e-06
   5.0523072e-06
   5.0529404e-06
   5.0555018e-06
   5.0574147e-06
   5.0599279e-06
   5.0616071e-06
   5.0625810e-06
   5.0660217e-06
   5.0681971e-06
   5.0716857e-06
   5.0763667e-06
   5.0784219e-06
   5.0802536e-06
   5.0833671e-06
   5.0862756e-06
   5.0898746e-06
   5.0931591e-06
   5.0965924e-06
   5.0993919e-06
   5.1009158e-06
   5.1036108e-06
   5.1286659e-06
   5.1387624e-06
   5.1498716e-06
   5.1678284e-06
   5.1740811e-06
   5.1796553e-06
   5.1866825e-06
   5.1906933e-06
   5.1966048e-06
   5.2091662e-06
   5.2170343e-06
   5.2289878e-06
   5.2323116e-06
   5.2401895e-06
   5.2475959e-06
   5.2553689e-06
   5.2615068e-06
   5.2686571e-06
   5.2812809e-06
   5.2821796e-06
   5.2840603e-06
   5.2936605e-06
   5.3036194e-06
   5.3117093e-06
   5.3272347e-06
   5.3297765e-06
   5.3343955e-06
   5.3358627e-06
   5.3445253e-06
   5.3499715e-06
   5.3567713e-06
   5.3740989e-06
   5.3781013e-06
   5.3794389e-06
   5.3889489e-06
   5.3963967e-06
   5.4151901e-06
   5.4262450e-06
   5.4411858e-06
   5.4513718e-06
   5.4608797e-06
   5.4662058e-06
   5.4705478e-06
   5.4766471e-06
   5.4915281e-06
   5.4944944e-06
   5.5023801e-06
   5.5106829e-06
   5.5113353e-06
   5.5174114e-06
   5.5228139e-06
   5.5355428e-06
   5.5404477e-06
   5.5513289e-06
   5.5653851e-06
   5.5718763e-06
   5.5950567e-06
   5.6058215e-06
   5.6190557e-06
   5.6340473e-06
   5.6426434e-06
   5.6525104e-06
   5.6578110e-06
   5.6635347e-06
   5.6666735e-06
   5.6726731e-06
   5.6828982e-06
   5.6870698e-06
   5.6886667e-06
   5.7058817e-06
   5.7173022e-06
   5.7278442e-06
   5.7344171e-06
   5.7415506e-06
   5.7497924e-06
   5.7570555e-06
   5.7628344e-06
   5.7705757e-06
   5.7883577e-06
   5.7925479e-06
   5.7968789e-06
   5.8060107e-06
   5.8124757e-06
   5.8209217e-06
   5.8308280e-06
   5.8434249e-06
   5.8587480e-06
   5.8641167e-06
   5.8684154e-06
   5.8750277e-06
   5.8816209e-06
   5.8826599e-06
   5.8884851e-06
   5.8938329e-06
   5.9058279e-06
   5.9109348e-06
   5.9190161e-06
   5.9228019e-06
   5.9258556e-06
   5.9337186e-06
   5.9361625e-06
   5.9388938e-06
   5.9447839e-06
   5.9542575e-06
   5.9604659e-06
   5.9727763e-06
   5.9931215e-06
   6.0013722e-06
   6.0046893e-06
   6.0115113e-06
   6.0134044e-06
   6.0202719e-06
   6.0369467e-06
   6.0437941e-06
   6.0512030e-06
   6.0653800e-06
   6.0707062e-06
   6.0785496e-06
   6.0849274e-06
   6.0984355e-06
   6.1063341e-06
   6.1117751e-06
   6.1157873e-06
   6.1272599e-06
   6.1360687e-06
   6.1411938e-06
   6.1435068e-06
   6.1503846e-06
   6.1597243e-06
   6.1743028e-06
   6.1837230e-06
   6.1863435e-06
   6.1929528e-06
   6.2018634e-06
   6.2091121e-06
   6.2158644e-06
   6.2241744e-06
   6.2375370e-06
   6.2483071e-06
   6.2529777e-06
   6.2549448e-06
   6.2586871e-06
   6.2776489e-06
   6.2804696e-06
   6.2844026e-06
   6.2913231e-06
   6.3045269e-06
   6.3077807e-06
   6.3169659e-06
   6.3208850e-06
   6.3235404e-06
   6.3298226e-06
   6.3390113e-06
   6.3409900e-06
   6.3550303e-06
   6.3600789e-06
   6.3729079e-06
   6.3832949e-06
   6.3897425e-06
   6.3992247e-06
   6.4037889e-06
   6.4101979e-06
   6.4314674e-06
   6.4370639e-06
   6.4422204e-06
   6.4492547e-06
   6.4604021e-06
   6.4739878e-06
   6.4843545e-06
   6.4946863e-06
   6.4980828e-06
   6.5061810e-06
   6.5106647e-06
   6.5185976e-06
   6.5281337e-06
   6.5363098e-06
   6.5426373e-06
   6.5613680e-06
   6.5657104e-06
   6.5807860e-06
   6.5870711e-06
   6.5961634e-06
   6.6031213e-06
   6.6191757e-06
   6.6268059e-06
   6.6358544e-06
   6.6392472e-06
   6.6442539e-06
   6.6634930e-06
   6.6808997e-06
   6.6954093e-06
   6.7040985e-06
   6.7070948e-06
   6.7201201e-06
   6.7216312e-06
   6.7330157e-06
   6.7483444e-06
   6.7580149e-06
   6.7627854e-06
   6.7695276e-06
   6.7822241e-06
   6.7895853e-06
   6.7930622e-06
   6.8027624e-06
   6.8050044e-06
   6.8161831e-06
   6.8283317e-06
   6.8392838e-06
   6.8468620e-06
   6.8553358e-06
   6.8670587e-06
   6.8859411e-06
   6.8948210e-06
   6.8992515e-06
   6.9100779e-06
   6.9197376e-06
   6.9395858e-06
   6.9494804e-06
   6.9640075e-06
   6.9744036e-06
   6.9784411e-06
   6.9882613e-06
   7.0005293e-06
   7.0118315e-06
   7.0219122e-06
   7.0262313e-06
   7.0288038e-06
   7.0317412e-06
   7.0443791e-06
   7.0481175e-06
   7.0507894e-06
   7.0551015e-06
   7.0706082e-06
   7.0790344e-06
   7.0878677e-06
   7.0902364e-06
   7.0949463e-06
   7.1003310e-06
   7.1147752e-06
   7.1237103e-06
   7.1452589e-06
   7.1627623e-06
   7.1734908e-06
   7.1809405e-06
   7.1915093e-06
   7.2054245e-06
   7.2209637e-06
   7.2370885e-06
   7.2511541e-06
   7.2525371e-06
   7.2576049e-06
   7.2613439e-06
   7.2681018e-06
   7.2779012e-06
   7.2850138e-06
   7.3005440e-06
   7.3130298e-06
   7.3250258e-06
   7.3344285e-06
   7.3390489e-06
   7.3456977e-06
   7.3615092e-06
   7.3686105e-06
   7.3717969e-06
   7.3735952e-06
   7.3760161e-06
   7.3851012e-06
   7.3975704e-06
   7.4084661e-06
   7.4103844e-06
   7.4129340e-06
   7.4257391e-06
   7.4299707e-06
   7.4328536e-06
   7.4354312e-06
   7.4462310e-06
   7.4608087e-06
   7.4691347e-06
   7.4764654e-06
   7.4823785e-06
   7.4967961e-06
   7.5058411e-06
   7.5112995e-06
   7.5159605e-06
   7.5179848e-06
   7.5280838e-06
   7.5350484e-06
   7.5411418e-06
   7.5526841e-06
   7.5594422e-06
   7.5673578e-06
   7.5694416e-06
   7.5764527e-06
   7.5783185e-06
   7.5888716e-06
   7.5975572e-06
   7.6074987e-06
   7.6113144e-06
   7.6141209e-06
   7.6203759e-06
   7.6327710e-06
   7.6412655e-06
   7.6493804e-06
   7.6576370e-06
   7.6655824e-06
   7.6737659e-06
   7.6904560e-06
   7.7079809e-06
   7.7173583e-06
   7.7247166e-06
   7.7308317e-06
   7.7440046e-06
   7.7648574e-06
   7.7731261e-06
   7.7761689e-06
   7.7842411e-06
   7.7917480e-06
   7.7992523e-06
   7.8071233e-06
   7.8127023e-06
   7.8166679e-06
   7.8203558e-06
   7.8259709e-06
   7.8353956e-06
   7.8397105e-06
   7.8455191e-06
   7.8599471e-06
   7.8704602e-06
   7.8872452e-06
   7.8945196e-06
   7.9047025e-06
   7.9128510e-06
   7.9205046e-06
   7.9325647e-06
   7.9443021e-06
   7.9507206e-06
   7.9626895e-06
   7.9647805e-06
   7.9750643e-06
   7.9821417e-06
   7.9857910e-06
   7.9952992e-06
   7.9963327e-06
   8.0034976e-06
   8.0070906e-06
   8.0083246e-06
   8.0252389e-06
   8.0402217e-06
   8.0578976e-06
   8.0750778e-06
   8.0810337e-06
   8.0924910e-06
   8.0978296e-06
   8.1017214e-06
   8.1070469e-06
   8.1212468e-06
   8.1298138e-06
   8.1333500e-06
   8.1424185e-06
   8.1613584e-06
   8.1668951e-06
   8.1727048e-06
   8.1778407e-06
   8.1808688e-06
   8.1872597e-06
   8.1935198e-06
   8.2014185e-06
   8.2101884e-06
   8.2171072e-06
   8.2228857e-06
   8.2327709e-06
   8.2431521e-06
   8.2445956e-06
   8.2550499e-06
   8.2698028e-06
   8.2746525e-06
   8.2835987e-06
   8.2918450e-06
   8.2940489e-06
   8.3068584e-06
   8.3238003e-06
   8.3291512e-06
   8.3315845e-06
   8.3346686e-06
   8.3457696e-06
   8.3573959e-06
   8.3609308e-06
   8.3688727e-06
   8.3812143e-06
   8.3837735e-06
   8.3915644e-06
   8.3953586e-06
   8.4015540e-06
   8.4065319e-06
   8.4096297e-06
   8.4155986e-06
   8.4280493e-06
   8.4413962e-06
   8.4540896e-06
   8.4709634e-06
   8.4780407e-06
   8.4859689e-06
   8.4933420e-06
   8.5120650e-06
   8.5280270e-06
   8.5292396e-06
   8.5373856e-06
   8.5383549e-06
   8.5419246e-06
   8.5570886e-06
   8.5619395e-06
   8.5633830e-06
   8.5654531e-06
   8.5719159e-06
   8.5810642e-06
   8.5865801e-06
   8.5950011e-06
   8.6020652e-06
   8.6056295e-06
   8.6090227e-06
   8.6140752e-06
   8.6269332e-06
   8.6366357e-06
   8.6436915e-06
   8.6506601e-06
   8.6614118e-06
   8.6655073e-06
   8.6693802e-06
   8.6868955e-06
   8.6957566e-06
   8.7050320e-06
   8.7126564e-06
   8.7177671e-06
   8.7272600e-06
   8.7321744e-06
   8.7360061e-06
   8.7467774e-06
   8.7541826e-06
   8.7626673e-06
   8.7710717e-06
   8.7817933e-06
   8.7850092e-06
   8.7931648e-06
   8.7957345e-06
   8.8076411e-06
   8.8082894e-06
   8.8179757e-06
   8.8270423e-06
   8.8285197e-06
   8.8330049e-06
   8.8423542e-06
   8.8595385e-06
   8.8678980e-06
   8.8744923e-06
   8.8820649e-06
   8.8898945e-06
   8.8954853e-06
   8.9074431e-06
   8.9138974e-06
   8.9156294e-06
   8.9233549e-06
   8.9311404e-06
   8.9409702e-06
   8.9510362e-06
   8.9580492e-06
   8.9706653e-06
   8.9761830e-06
   8.9798331e-06
   8.9949442e-06
   9.0000788e-06
   9.0088876e-06
   9.0231654e-06
   9.0253759e-06
   9.0387827e-06
   9.0478270e-06
   9.0593566e-06
   9.0649499e-06
   9.0693228e-06
   9.0753645e-06
   9.0845810e-06
   9.1011905e-06
   9.1161527e-06
   9.1179046e-06
   9.1276421e-06
   9.1369505e-06
   9.1408475e-06
   9.1460956e-06
   9.1562907e-06
   9.1650507e-06
   9.1681663e-06
   9.1703542e-06
   9.1778189e-06
   9.1931247e-06
   9.2015620e-06
   9.2135564e-06
   9.2198581e-06
   9.2224202e-06
   9.2269539e-06
   9.2443086e-06
   9.2524930e-06
   9.2599158e-06
   9.2721632e-06
   9.2779615e-06
   9.2836654e-06
   9.2978588e-06
   9.3074279e-06
   9.3171600e-06
   9.3251866e-06
   9.3296851e-06
   9.3363348e-06
   9.3375811e-06
   9.3457340e-06
   9.3473829e-06
   9.3533294e-06
   9.3579657e-06
   9.3725925e-06
   9.3892972e-06
   9.3986136e-06
   9.4053546e-06
   9.4143454e-06
   9.4221055e-06
   9.4293933e-06
   9.4416455e-06
   9.4493428e-06
   9.4601870e-06
   9.4666486e-06
   9.4795122e-06
   9.4917225e-06
   9.4969308e-06
   9.5035639e-06
   9.5096569e-06
   9.5199987e-06
   9.5268494e-06
   9.5424474e-06
   9.5507299e-06
   9.5558795e-06
   9.5597829e-06
   9.5725817e-06
   9.5817573e-06
   9.5918834e-06
   9.6042465e-06
   9.6167624e-06
   9.6268748e-06
   9.6329031e-06
   9.6357199e-06
   9.6399970e-06
   9.6414536e-06
   9.6460570e-06
   9.6535071e-06
   9.6611180e-06
   9.6700571e-06
   9.6865542e-06
   9.6915952e-06
   9.7005647e-06
   9.7091864e-06
   9.7162083e-06
   9.7191366e-06
   9.7289049e-06
   9.7377627e-06
   9.7457805e-06
   9.7622317e-06
   9.7704436e-06
   9.7800349e-06
   9.7876582e-06
   9.7936862e-06
   9.7990386e-06
   9.8072958e-06
   9.8126786e-06
   9.8213278e-06
   9.8335992e-06
   9.8528806e-06
   9.8560026e-06
   9.8622258e-06
   9.8643504e-06
   9.8702669e-06
   9.8733635e-06
   9.8766189e-06
   9.8796336e-06
   9.8863624e-06
   9.8929666e-06
   9.9019141e-06
   9.9060798e-06
   9.9115107e-06
   9.9249393e-06
   9.9415891e-06
   9.9521777e-06
   9.9556343e-06
   9.9649120e-06
   9.9717024e-06
   9.9826578e-06
   9.9913938e-06
   9.9995120e-06
   1.0016123e-05
   1.0024304e-05
   1.0033307e-05
   1.0042675e-05
   1.0046803e-05
   1.0049872e-05
   1.0051154e-05
   1.0062799e-05
   1.0071647e-05
   1.0080019e-05
   1.0086916e-05
   1.0093780e-05
   1.0106382e-05
   1.0111424e-05
   1.0122128e-05
   1.0127382e-05
   1.0129634e-05
   1.0134865e-05
   1.0141230e-05
   1.0154641e-05
   1.0156797e-05
   1.0160514e-05
   1.0162345e-05
   1.0172806e-05
   1.0187791e-05
   1.0194646e-05
   1.0205387e-05
   1.0213875e-05
   1.0216938e-05
   1.0225489e-05
   1.0239438e-05
   1.0247335e-05
   1.0254211e-05
   1.0268355e-05
   1.0280021e-05
   1.0284674e-05
   1.0292416e-05
   1.0297003e-05
   1.0307644e-05
   1.0310031e-05
   1.0315610e-05
   1.0323819e-05
   1.0333369e-05
   1.0344959e-05
   1.0350608e-05
   1.0358673e-05
   1.0364809e-05
   1.0371807e-05
   1.0373988e-05
   1.0380479e-05
   1.0385495e-05
   1.0390384e-05
   1.0399502e-05
   1.0412901e-05
   1.0414011e-05
   1.0425926e-05
   1.0434937e-05
   1.0439509e-05
   1.0455712e-05
   1.0462752e-05
   1.0472553e-05
   1.0475960e-05
   1.0481342e-05
   1.0486464e-05
   1.0488378e-05
   1.0501355e-05
   1.0508986e-05
   1.0514077e-05
   1.0517274e-05
   1.0524708e-05
   1.0545443e-05
   1.0554581e-05
   1.0560265e-05
   1.0569895e-05
   1.0575860e-05
   1.0582670e-05
   1.0591012e-05
   1.0599935e-05
   1.0604264e-05
   1.0617583e-05
   1.0625154e-05
   1.0632168e-05
   1.0644546e-05
   1.0653416e-05
   1.0664748e-05
   1.0671143e-05
   1.0673871e-05
   1.0678897e-05
   1.0681759e-05
   1.0689642e-05
   1.0696754e-05
   1.0709229e-05
   1.0713867e-05
   1.0716776e-05
   1.0719697e-05
   1.0722313e-05
   1.0735071e-05
   1.0746858e-05
   1.0760379e-05
   1.0767378e-05
   1.0777205e-05
   1.0781025e-05
   1.0785546e-05
   1.0787848e-05
   1.0796966e-05
   1.0809000e-05
   1.0813169e-05
   1.0816050e-05
   1.0823229e-05
   1.0829518e-05
   1.0836541e-05
   1.0844363e-05
   1.0849300e-05
   1.0851961e-05
   1.0858151e-05
   1.0866785e-05
   1.0880194e-05
   1.0895008e-05
   1.0901516e-05
   1.0906355e-05
   1.0917710e-05
   1.0927603e-05
   1.0928899e-05
   1.0933773e-05
   1.0935720e-05
   1.0941666e-05
   1.0942486e-05
   1.0951703e-05
   1.0967883e-05
   1.0970476e-05
   1.0984813e-05
   1.0994638e-05
   1.1004278e-05
   1.1017993e-05
   1.1019677e-05
   1.1027181e-05
   1.1027772e-05
   1.1033880e-05
   1.1042742e-05
   1.1047883e-05
   1.1055301e-05
   1.1063457e-05
   1.1080636e-05
   1.1087749e-05
   1.1095378e-05
   1.1103607e-05
   1.1105672e-05
   1.1118963e-05
   1.1129057e-05
   1.1137943e-05
   1.1143807e-05
   1.1157905e-05
   1.1163702e-05
   1.1178105e-05
   1.1190919e-05
   1.1192085e-05
   1.1202942e-05
   1.1214450e-05
   1.1223982e-05
   1.1236864e-05
   1.1253922e-05
   1.1263679e-05
   1.1271275e-05
   1.1288320e-05
   1.1295075e-05
   1.1306471e-05
   1.1309054e-05
   1.1318513e-05
   1.1327069e-05
   1.1333748e-05
   1.1343049e-05
   1.1353983e-05
   1.1360183e-05
   1.1365034e-05
   1.1370158e-05
   1.1374165e-05
   1.1387615e-05
   1.1402493e-05
   1.1407606e-05
   1.1410643e-05
   1.1416564e-05
   1.1426299e-05
   1.1434218e-05
   1.1443256e-05
   1.1452176e-05
   1.1456810e-05
   1.1471583e-05
   1.1479037e-05
   1.1489599e-05
   1.1495634e-05
   1.1497937e-05
   1.1505432e-05
   1.1512537e-05
   1.1516677e-05
   1.1522842e-05
   1.1532565e-05
   1.1539160e-05
   1.1548940e-05
   1.1559451e-05
   1.1564170e-05
   1.1567324e-05
   1.1568107e-05
   1.1580373e-05
   1.1587577e-05
   1.1595557e-05
   1.1598154e-05
   1.1600778e-05
   1.1604237e-05
   1.1610125e-05
   1.1622017e-05
   1.1637271e-05
   1.1645208e-05
   1.1654877e-05
   1.1666080e-05
   1.1672971e-05
   1.1681694e-05
   1.1688164e-05
   1.1696510e-05
   1.1703410e-05
   1.1711864e-05
   1.1719300e-05
   1.1721616e-05
   1.1731042e-05
   1.1738262e-05
   1.1752731e-05
   1.1762695e-05
   1.1767728e-05
   1.1785244e-05
   1.1791013e-05
   1.1798166e-05
   1.1811359e-05
   1.1823971e-05
   1.1828976e-05
   1.1835080e-05
   1.1838835e-05
   1.1842548e-05
   1.1843012e-05
   1.1846151e-05
   1.1850975e-05
   1.1858718e-05
   1.1874235e-05
   1.1881748e-05
   1.1887505e-05
   1.1900501e-05
   1.1903433e-05
   1.1917702e-05
   1.1920480e-05
   1.1923235e-05
   1.1930175e-05
   1.1936488e-05
   1.1944021e-05
   1.1945120e-05
   1.1951335e-05
   1.1955836e-05
   1.1963918e-05
   1.1969825e-05
   1.1979109e-05
   1.1986375e-05
   1.1994590e-05
   1.2003157e-05
   1.2007543e-05
   1.2016682e-05
   1.2017532e-05
   1.2030642e-05
   1.2033556e-05
   1.2049423e-05
   1.2056822e-05
   1.2061753e-05
   1.2071452e-05
   1.2078690e-05
   1.2081295e-05
   1.2084448e-05
   1.2100736e-05
   1.2106038e-05
   1.2112381e-05
   1.2124557e-05
   1.2131835e-05
   1.2143392e-05
   1.2149808e-05
   1.2163383e-05
   1.2169799e-05
   1.2176198e-05
   1.2189629e-05
   1.2195514e-05
   1.2202622e-05
   1.2204911e-05
   1.2209808e-05
   1.2221054e-05
   1.2239212e-05
   1.2250542e-05
   1.2263988e-05
   1.2279336e-05
   1.2282718e-05
   1.2285394e-05
   1.2294039e-05
   1.2303587e-05
   1.2314733e-05
   1.2327877e-05
   1.2331031e-05
   1.2334391e-05
   1.2338167e-05
   1.2341209e-05
   1.2347665e-05
   1.2354312e-05
   1.2362514e-05
   1.2372912e-05
   1.2378839e-05
   1.2392737e-05
   1.2403526e-05
   1.2410868e-05
   1.2425710e-05
   1.2429902e-05
   1.2436450e-05
   1.2444340e-05
   1.2452562e-05
   1.2482150e-05
   1.2493876e-05
   1.2507904e-05
   1.2518623e-05
   1.2524851e-05
   1.2535912e-05
   1.2541472e-05
   1.2545214e-05
   1.2560456e-05
   1.2574922e-05
   1.2579031e-05
   1.2586974e-05
   1.2595023e-05
   1.2607734e-05
   1.2610221e-05
   1.2621841e-05
   1.2624517e-05
   1.2640372e-05
   1.2653611e-05
   1.2662428e-05
   1.2673397e-05
   1.2679028e-05
   1.2694300e-05
   1.2708162e-05
   1.2718268e-05
   1.2724174e-05
   1.2735684e-05
   1.2747964e-05
   1.2750762e-05
   1.2753605e-05
   1.2759811e-05
   1.2770218e-05
   1.2773408e-05
   1.2781489e-05
   1.2789222e-05
   1.2797012e-05
   1.2798649e-05
   1.2807730e-05
   1.2812319e-05
   1.2816710e-05
   1.2819218e-05
   1.2825010e-05
   1.2835246e-05
   1.2846951e-05
   1.2864845e-05
   1.2879487e-05
   1.2886532e-05
   1.2891454e-05
   1.2899620e-05
   1.2902029e-05
   1.2909746e-05
   1.2915097e-05
   1.2933909e-05
   1.2950867e-05
   1.2968034e-05
   1.2978475e-05
   1.2991853e-05
   1.2993287e-05
   1.3004025e-05
   1.3014134e-05
   1.3026184e-05
   1.3040038e-05
   1.3048676e-05
   1.3055392e-05
   1.3072926e-05
   1.3087330e-05
   1.3094772e-05
   1.3100037e-05
   1.3110884e-05
   1.3117846e-05
   1.3120851e-05
   1.3123632e-05
   1.3134722e-05
   1.3143560e-05
   1.3153937e-05
   1.3158903e-05
   1.3165036e-05
   1.3189843e-05
   1.3195462e-05
   1.3202388e-05
   1.3209315e-05
   1.3222399e-05
   1.3230036e-05
   1.3239318e-05
   1.3247284e-05
   1.3254757e-05
   1.3255272e-05
   1.3262652e-05
   1.3274683e-05
   1.3280746e-05
   1.3296571e-05
   1.3303169e-05
   1.3315564e-05
   1.3324148e-05
   1.3338281e-05
   1.3345955e-05
   1.3366474e-05
   1.3375994e-05
   1.3386150e-05
   1.3389816e-05
   1.3393636e-05
   1.3400397e-05
   1.3404851e-05
   1.3412936e-05
   1.3425338e-05
   1.3428596e-05
   1.3433672e-05
   1.3446618e-05
   1.3453921e-05
   1.3474456e-05
   1.3482585e-05
   1.3489827e-05
   1.3499757e-05
   1.3519790e-05
   1.3531013e-05
   1.3541855e-05
   1.3548504e-05
   1.3560325e-05
   1.3570422e-05
   1.3584334e-05
   1.3595568e-05
   1.3608104e-05
   1.3619123e-05
   1.3626826e-05
   1.3644236e-05
   1.3654225e-05
   1.3656969e-05
   1.3674671e-05
   1.3683599e-05
   1.3689109e-05
   1.3697287e-05
   1.3707886e-05
   1.3723792e-05
   1.3727092e-05
   1.3741802e-05
   1.3748165e-05
   1.3760218e-05
   1.3769921e-05
   1.3778368e-05
   1.3785911e-05
   1.3794230e-05
   1.3797033e-05
   1.3800481e-05
   1.3812573e-05
   1.3821593e-05
   1.3825735e-05
   1.3836401e-05
   1.3846675e-05
   1.3854416e-05
   1.3864165e-05
   1.3878131e-05
   1.3898221e-05
   1.3913936e-05
   1.3926378e-05
   1.3948749e-05
   1.3954694e-05
   1.3961623e-05
   1.3966300e-05
   1.3972003e-05
   1.3981287e-05
   1.3989950e-05
   1.3995075e-05
   1.4005693e-05
   1.4007461e-05
   1.4021351e-05
   1.4033761e-05
   1.4045829e-05
   1.4053454e-05
   1.4065252e-05
   1.4071096e-05
   1.4079223e-05
   1.4083920e-05
   1.4087511e-05
   1.4096831e-05
   1.4109369e-05
   1.4122036e-05
   1.4132664e-05
   1.4137710e-05
   1.4145183e-05
   1.4155155e-05
   1.4164912e-05
   1.4169537e-05
   1.4175369e-05
   1.4185619e-05
   1.4202996e-05
   1.4223227e-05
   1.4234625e-05
   1.4237513e-05
   1.4243912e-05
   1.4254652e-05
   1.4273225e-05
   1.4283381e-05
   1.4289959e-05
   1.4290928e-05
   1.4292795e-05
   1.4298064e-05
   1.4309469e-05
   1.4316740e-05
   1.4330708e-05
   1.4341896e-05
   1.4347644e-05
   1.4356107e-05
   1.4372271e-05
   1.4378076e-05
   1.4382008e-05
   1.4385314e-05
   1.4393361e-05
   1.4402486e-05
   1.4414943e-05
   1.4420833e-05
   1.4427910e-05
   1.4437740e-05
   1.4444004e-05
   1.4452225e-05
   1.4462806e-05
   1.4467041e-05
   1.4473858e-05
   1.4482728e-05
   1.4494586e-05
   1.4509041e-05
   1.4519393e-05
   1.4521010e-05
   1.4536090e-05
   1.4538180e-05
   1.4543978e-05
   1.4552196e-05
   1.4556673e-05
   1.4561067e-05
   1.4573750e-05
   1.4588898e-05
   1.4596951e-05
   1.4600996e-05
   1.4605923e-05
   1.4616176e-05
   1.4625427e-05
   1.4628607e-05
   1.4634049e-05
   1.4641833e-05
   1.4642738e-05
   1.4653952e-05
   1.4662717e-05
   1.4673956e-05
   1.4685711e-05
   1.4700456e-05
   1.4709975e-05
   1.4717533e-05
   1.4723528e-05
   1.4726992e-05
   1.4735774e-05
   1.4740859e-05
   1.4749962e-05
   1.4755769e-05
   1.4761575e-05
   1.4771977e-05
   1.4779065e-05
   1.4784313e-05
   1.4794989e-05
   1.4805766e-05
   1.4818483e-05
   1.4826513e-05
   1.4836910e-05
   1.4848653e-05
   1.4853376e-05
   1.4864065e-05
   1.4865429e-05
   1.4876842e-05
   1.4887672e-05
   1.4891845e-05
   1.4902708e-05
   1.4920036e-05
   1.4922957e-05
   1.4928067e-05
   1.4947572e-05
   1.4957520e-05
   1.4958065e-05
   1.4963505e-05
   1.4977215e-05
   1.4982859e-05
   1.4986864e-05
   1.4988046e-05
   1.4992451e-05
   1.5001354e-05
   1.5005865e-05
   1.5013600e-05
   1.5025034e-05
   1.5027102e-05
   1.5029499e-05
   1.5047429e-05
   1.5055913e-05
   1.5061027e-05
   1.5074957e-05
   1.5085350e-05
   1.5095513e-05
   1.5104278e-05
   1.5110049e-05
   1.5124902e-05
   1.5134056e-05
   1.5143333e-05
   1.5151726e-05
   1.5165680e-05
   1.5172364e-05
   1.5178369e-05
   1.5181781e-05
   1.5194339e-05
   1.5197195e-05
   1.5199911e-05
   1.5210223e-05
   1.5216405e-05
   1.5221593e-05
   1.5221860e-05
   1.5227209e-05
   1.5229460e-05
   1.5235103e-05
   1.5238553e-05
   1.5250895e-05
   1.5265289e-05
   1.5274111e-05
   1.5279261e-05
   1.5286113e-05
   1.5290976e-05
   1.5296639e-05
   1.5302229e-05
   1.5304540e-05
   1.5306749e-05
   1.5309359e-05
   1.5320887e-05
   1.5333356e-05
   1.5337592e-05
   1.5342546e-05
   1.5346963e-05
   1.5354643e-05
   1.5367451e-05
   1.5374281e-05
   1.5382445e-05
   1.5397999e-05
   1.5408647e-05
   1.5416880e-05
   1.5435166e-05
   1.5451710e-05
   1.5461123e-05
   1.5467674e-05
   1.5470889e-05
   1.5483122e-05
   1.5494174e-05
   1.5506121e-05
   1.5515163e-05
   1.5518065e-05
   1.5527308e-05
   1.5537378e-05
   1.5541287e-05
   1.5547745e-05
   1.5559980e-05
   1.5568260e-05
   1.5571260e-05
   1.5573759e-05
   1.5581057e-05
   1.5583494e-05
   1.5588427e-05
   1.5593513e-05
   1.5596216e-05
   1.5603924e-05
   1.5614134e-05
   1.5626868e-05
   1.5632056e-05
   1.5634496e-05
   1.5638778e-05
   1.5645120e-05
   1.5653151e-05
   1.5664635e-05
   1.5671224e-05
   1.5674482e-05
   1.5682340e-05
   1.5686498e-05
   1.5688874e-05
   1.5691785e-05
   1.5698222e-05
   1.5711107e-05
   1.5724687e-05
   1.5741816e-05
   1.5758584e-05
   1.5765640e-05
   1.5776844e-05
   1.5781559e-05
   1.5793305e-05
   1.5798775e-05
   1.5815696e-05
   1.5819623e-05
   1.5825321e-05
   1.5833105e-05
   1.5842127e-05
   1.5849908e-05
   1.5858211e-05
   1.5863988e-05
   1.5879542e-05
   1.5887260e-05
   1.5893680e-05
   1.5906159e-05
   1.5918079e-05
   1.5933680e-05
   1.5935647e-05
   1.5945006e-05
   1.5956884e-05
   1.5973443e-05
   1.5978794e-05
   1.5996540e-05
   1.6009610e-05
   1.6020390e-05
   1.6031087e-05
   1.6042970e-05
   1.6053721e-05
   1.6067292e-05
   1.6079320e-05
   1.6086390e-05
   1.6098021e-05
   1.6100811e-05
   1.6113588e-05
   1.6118683e-05
   1.6121051e-05
   1.6130888e-05
   1.6134027e-05
   1.6140168e-05
   1.6140922e-05
   1.6148035e-05
   1.6154161e-05
   1.6164614e-05
   1.6172332e-05
   1.6182598e-05
   1.6207534e-05
   1.6227291e-05
   1.6242304e-05
   1.6249289e-05
   1.6270187e-05
   1.6277129e-05
   1.6291457e-05
   1.6302580e-05
   1.6311138e-05
   1.6316184e-05
   1.6321679e-05
   1.6334851e-05
   1.6338412e-05
   1.6342517e-05
   1.6353266e-05
   1.6365184e-05
   1.6377702e-05
   1.6382826e-05
   1.6383925e-05
   1.6393257e-05
   1.6412724e-05
   1.6420429e-05
   1.6432753e-05
   1.6436208e-05
   1.6441961e-05
   1.6456823e-05
   1.6464976e-05
   1.6468016e-05
   1.6471105e-05
   1.6477689e-05
   1.6487925e-05
   1.6489763e-05
   1.6498242e-05
   1.6504669e-05
   1.6512959e-05
   1.6516754e-05
   1.6522702e-05
   1.6527141e-05
   1.6536603e-05
   1.6555442e-05
   1.6566689e-05
   1.6583426e-05
   1.6590736e-05
   1.6595641e-05
   1.6602604e-05
   1.6610519e-05
   1.6619391e-05
   1.6629159e-05
   1.6636789e-05
   1.6651363e-05
   1.6656694e-05
   1.6666360e-05
   1.6674767e-05
   1.6682701e-05
   1.6689726e-05
   1.6704903e-05
   1.6720285e-05
   1.6725455e-05
   1.6731124e-05
   1.6743064e-05
   1.6751625e-05
   1.6756220e-05
   1.6763160e-05
   1.6768941e-05
   1.6771639e-05
   1.6778903e-05
   1.6786235e-05
   1.6799764e-05
   1.6803726e-05
   1.6813498e-05
   1.6823709e-05
   1.6829653e-05
   1.6840942e-05
   1.6862029e-05
   1.6878324e-05
   1.6901452e-05
   1.6918039e-05
   1.6926170e-05
   1.6942627e-05
   1.6952627e-05
   1.6957648e-05
   1.6972717e-05
   1.6990536e-05
   1.7006659e-05
   1.7014651e-05
   1.7017861e-05
   1.7038794e-05
   1.7042111e-05
   1.7052289e-05
   1.7064824e-05
   1.7067025e-05
   1.7073374e-05
   1.7074673e-05
   1.7080995e-05
   1.7088678e-05
   1.7096867e-05
   1.7097900e-05
   1.7104705e-05
   1.7115645e-05
   1.7121308e-05
   1.7126394e-05
   1.7135606e-05
   1.7139109e-05
   1.7144943e-05
   1.7149338e-05
   1.7158095e-05
   1.7170800e-05
   1.7180878e-05
   1.7182724e-05
   1.7183770e-05
   1.7193280e-05
   1.7201432e-05
   1.7202689e-05
   1.7205315e-05
   1.7214915e-05
   1.7232615e-05
   1.7251764e-05
   1.7260286e-05
   1.7263150e-05
   1.7269718e-05
   1.7281145e-05
   1.7288383e-05
   1.7289827e-05
   1.7301092e-05
   1.7318246e-05
   1.7328456e-05
   1.7337083e-05
   1.7346821e-05
   1.7366463e-05
   1.7371778e-05
   1.7377842e-05
   1.7387241e-05
   1.7392648e-05
   1.7399530e-05
   1.7409087e-05
   1.7417286e-05
   1.7426677e-05
   1.7436314e-05
   1.7440633e-05
   1.7447482e-05
   1.7450320e-05
   1.7454794e-05
   1.7468118e-05
   1.7473834e-05
   1.7477455e-05
   1.7487296e-05
   1.7490355e-05
   1.7496502e-05
   1.7499938e-05
   1.7503819e-05
   1.7515818e-05
   1.7526475e-05
   1.7531180e-05
   1.7537513e-05
   1.7541443e-05
   1.7552962e-05
   1.7567680e-05
   1.7581987e-05
   1.7590692e-05
   1.7599987e-05
   1.7606551e-05
   1.7609186e-05
   1.7617089e-05
   1.7624847e-05
   1.7627235e-05
   1.7640286e-05
