   1.3899404e-04
   3.6362661e-04
   5.6965904e-04
   6.7086435e-04
   8.8095128e-04
   1.0749685e-03
   1.2757661e-03
   1.3322423e-03
   1.3788257e-03
   1.4327625e-03
   1.4938434e-03
   1.5197575e-03
   1.5729654e-03
   1.6837022e-03
   1.7699478e-03
   1.9637394e-03
   2.1532416e-03
   2.2790084e-03
   2.4031984e-03
   2.5030152e-03
   2.5297678e-03
   2.6226353e-03
   2.7262093e-03
   2.7813542e-03
   2.8061275e-03
   2.8388838e-03
   2.8937927e-03
   2.9522641e-03
   2.9897661e-03
   3.0524172e-03
   3.1187625e-03
   3.1581758e-03
   3.1940436e-03
   3.4148573e-03
   3.5039012e-03
   3.6654964e-03
   3.6779261e-03
   3.8290593e-03
   4.0154314e-03
   4.0479781e-03
   4.0952157e-03
   4.2623108e-03
   4.4613466e-03
   4.6837508e-03
   4.7757810e-03
   4.8593332e-03
   4.9396186e-03
   5.0794422e-03
   5.1142224e-03
   5.1592658e-03
   5.1737096e-03
   5.3835534e-03
   5.6341967e-03
   5.6990125e-03
   5.8990599e-03
   6.0023331e-03
   6.2058574e-03
   6.4309293e-03
   6.5587161e-03
   6.7402547e-03
   6.8746441e-03
   6.9911096e-03
   7.0673108e-03
   7.2602163e-03
   7.3223521e-03
   7.5390313e-03
   7.6365249e-03
   7.7199798e-03
   7.7703060e-03
   7.9458261e-03
   8.0967221e-03
   8.1810597e-03
   8.3395071e-03
   8.3834653e-03
   8.5817272e-03
   8.8028321e-03
   8.8629350e-03
   9.0581388e-03
   9.1494711e-03
   9.2419557e-03
   9.3805484e-03
   9.4169893e-03
   9.5851474e-03
   9.7478288e-03
   9.9495947e-03
   1.0146501e-02
   1.0169470e-02
   1.0354501e-02
   1.0541952e-02
   1.0588019e-02
   1.0783666e-02
   1.0979619e-02
   1.1024660e-02
   1.1075159e-02
   1.1124930e-02
   1.1157792e-02
   1.1183551e-02
   1.1254395e-02
   1.1434323e-02
   1.1637663e-02
   1.1845796e-02
   1.1951805e-02
   1.2029544e-02
   1.2133979e-02
   1.2312307e-02
   1.2347844e-02
   1.2498244e-02
   1.2613621e-02
   1.2661371e-02
   1.2710573e-02
   1.2906781e-02
   1.3127992e-02
   1.3151895e-02
   1.3185652e-02
   1.3406714e-02
   1.3610797e-02
   1.3648554e-02
   1.3687113e-02
   1.3815039e-02
   1.3972094e-02
   1.4182022e-02
   1.4373598e-02
   1.4566462e-02
   1.4668037e-02
   1.4728528e-02
   1.4848666e-02
   1.5033314e-02
   1.5056174e-02
   1.5091118e-02
   1.5116259e-02
   1.5265330e-02
   1.5339410e-02
   1.5565924e-02
   1.5622909e-02
   1.5769729e-02
   1.5832569e-02
   1.6032558e-02
   1.6073406e-02
   1.6130666e-02
   1.6182500e-02
   1.6334116e-02
   1.6478101e-02
   1.6660413e-02
   1.6748530e-02
   1.6960796e-02
   1.7128582e-02
   1.7244148e-02
   1.7328913e-02
   1.7429909e-02
   1.7487416e-02
   1.7552359e-02
   1.7612573e-02
   1.7702059e-02
   1.7805782e-02
   1.8006974e-02
   1.8189583e-02
   1.8372799e-02
   1.8556020e-02
   1.8726677e-02
   1.8844755e-02
   1.8972432e-02
   1.9173571e-02
   1.9294263e-02
   1.9501694e-02
   1.9639849e-02
   1.9719881e-02
   1.9820831e-02
   1.9927329e-02
   1.9968890e-02
   2.0049509e-02
   2.0197497e-02
   2.0277704e-02
   2.0457438e-02
   2.0485867e-02
   2.0525704e-02
   2.0698721e-02
   2.0871663e-02
   2.0996207e-02
   2.1142037e-02
   2.1301284e-02
   2.1428503e-02
   2.1589361e-02
   2.1645100e-02
   2.1684839e-02
   2.1738685e-02
   2.1797688e-02
   2.1826793e-02
   2.2049686e-02
   2.2137096e-02
   2.2213020e-02
   2.2285558e-02
   2.2375524e-02
   2.2557072e-02
   2.2790384e-02
   2.3006736e-02
   2.3181887e-02
   2.3302237e-02
   2.3389405e-02
   2.3446434e-02
   2.3468333e-02
   2.3559563e-02
   2.3642090e-02
   2.3728171e-02
   2.3826786e-02
   2.3893313e-02
   2.4036373e-02
   2.4235066e-02
   2.4415547e-02
   2.4571916e-02
   2.4761953e-02
   2.4816322e-02
   2.4869051e-02
   2.5071439e-02
   2.5286564e-02
   2.5478836e-02
   2.5513638e-02
   2.5608648e-02
   2.5692171e-02
   2.5873263e-02
   2.6045453e-02
   2.6207624e-02
   2.6245534e-02
   2.6447630e-02
   2.6543542e-02
   2.6731745e-02
   2.6926589e-02
   2.7051726e-02
   2.7098206e-02
   2.7233556e-02
   2.7272387e-02
   2.7437438e-02
   2.7548250e-02
   2.7643811e-02
   2.7800733e-02
   2.7846328e-02
   2.7915330e-02
   2.7964861e-02
   2.8212817e-02
   2.8314097e-02
   2.8433119e-02
   2.8500139e-02
   2.8687057e-02
   2.8748828e-02
   2.8892403e-02
   2.8959533e-02
   2.9148143e-02
   2.9186384e-02
   2.9398211e-02
   2.9473121e-02
   2.9553898e-02
   2.9694930e-02
   2.9850078e-02
   3.0015691e-02
   3.0214676e-02
   3.0398000e-02
   3.0457744e-02
   3.0662127e-02
   3.0734523e-02
   3.0909537e-02
   3.0967616e-02
   3.1007771e-02
   3.1056506e-02
   3.1094600e-02
   3.1147657e-02
   3.1199662e-02
   3.1385942e-02
   3.1506135e-02
   3.1613042e-02
   3.1756992e-02
   3.1866669e-02
   3.2057258e-02
   3.2108900e-02
   3.2128390e-02
   3.2166058e-02
   3.2368318e-02
   3.2462688e-02
   3.2546844e-02
   3.2695979e-02
   3.2846210e-02
   3.3006564e-02
   3.3180876e-02
   3.3285386e-02
   3.3374552e-02
   3.3544004e-02
   3.3680847e-02
   3.3800399e-02
   3.3855384e-02
   3.3900576e-02
   3.4082979e-02
   3.4236567e-02
   3.4296173e-02
   3.4365408e-02
   3.4564954e-02
   3.4751542e-02
   3.4961295e-02
   3.5144101e-02
   3.5167366e-02
   3.5376351e-02
   3.5595294e-02
   3.5639720e-02
   3.5831364e-02
   3.5977210e-02
   3.5999923e-02
   3.6033781e-02
   3.6205603e-02
   3.6317028e-02
   3.6529410e-02
   3.6582174e-02
   3.6640180e-02
   3.6825956e-02
   3.6887764e-02
   3.6990339e-02
   3.7205595e-02
   3.7241409e-02
   3.7429251e-02
   3.7557553e-02
   3.7716021e-02
   3.7947579e-02
   3.8187710e-02
   3.8252609e-02
   3.8302859e-02
   3.8343362e-02
   3.8536538e-02
   3.8731613e-02
   3.8780928e-02
   3.8959489e-02
   3.9151128e-02
   3.9362369e-02
   3.9579630e-02
   3.9636873e-02
   3.9801789e-02
   3.9898831e-02
   4.0005868e-02
   4.0104491e-02
   4.0283619e-02
   4.0340969e-02
   4.0516791e-02
   4.0670112e-02
   4.0738554e-02
   4.0768552e-02
   4.0801313e-02
   4.0845879e-02
   4.0975229e-02
   4.1122158e-02
   4.1160980e-02
   4.1355245e-02
   4.1533188e-02
   4.1666176e-02
   4.1771913e-02
   4.1879341e-02
   4.1960796e-02
   4.2025210e-02
   4.2220691e-02
   4.2410515e-02
   4.2518089e-02
   4.2727609e-02
   4.2884385e-02
   4.2966292e-02
   4.3069535e-02
   4.3172061e-02
   4.3386600e-02
   4.3611943e-02
   4.3717812e-02
   4.3950037e-02
   4.4143242e-02
   4.4343451e-02
   4.4535379e-02
   4.4725518e-02
   4.4900360e-02
   4.5084439e-02
   4.5296649e-02
   4.5394373e-02
   4.5591123e-02
   4.5771800e-02
   4.5871151e-02
   4.5981240e-02
   4.6075103e-02
   4.6214322e-02
   4.6264724e-02
   4.6312895e-02
   4.6358774e-02
   4.6416009e-02
   4.6577055e-02
   4.6750948e-02
   4.6938387e-02
   4.7116746e-02
   4.7164661e-02
   4.7343093e-02
   4.7436857e-02
   4.7548191e-02
   4.7610210e-02
   4.7697305e-02
   4.7850734e-02
   4.7883880e-02
   4.8088457e-02
   4.8283283e-02
   4.8324421e-02
   4.8366512e-02
   4.8433066e-02
   4.8640975e-02
   4.8890652e-02
   4.9095949e-02
   4.9235674e-02
   4.9377024e-02
   4.9469658e-02
   4.9652130e-02
   4.9681627e-02
   4.9730518e-02
   4.9785314e-02
   4.9845849e-02
   5.0055885e-02
   5.0243028e-02
   5.0436151e-02
   5.0624755e-02
   5.0840391e-02
   5.0951671e-02
   5.1130467e-02
   5.1181216e-02
   5.1231017e-02
   5.1259560e-02
   5.1443072e-02
   5.1607201e-02
   5.1658624e-02
   5.1854124e-02
   5.1990558e-02
   5.2043399e-02
   5.2078755e-02
   5.2115004e-02
   5.2177693e-02
   5.2340345e-02
   5.2385665e-02
   5.2526536e-02
   5.2695693e-02
   5.2767890e-02
   5.2818118e-02
   5.2862249e-02
   5.3084834e-02
   5.3158948e-02
   5.3281406e-02
   5.3343918e-02
   5.3520607e-02
   5.3569393e-02
   5.3778865e-02
   5.3987164e-02
   5.4190145e-02
   5.4387068e-02
   5.4586494e-02
   5.4652615e-02
   5.4854707e-02
   5.5068295e-02
   5.5302123e-02
   5.5347374e-02
   5.5391433e-02
   5.5592838e-02
   5.5679987e-02
   5.5854677e-02
   5.6009046e-02
   5.6053495e-02
   5.6160788e-02
   5.6320417e-02
   5.6502529e-02
   5.6698728e-02
   5.6886732e-02
   5.6995242e-02
   5.7069855e-02
   5.7192793e-02
   5.7397684e-02
   5.7449093e-02
   5.7504377e-02
   5.7607807e-02
   5.7712109e-02
   5.7735764e-02
   5.7751475e-02
   5.7804803e-02
   5.7867078e-02
   5.7900670e-02
   5.8086269e-02
   5.8269414e-02
   5.8309426e-02
   5.8359256e-02
   5.8542163e-02
   5.8650323e-02
   5.8870616e-02
   5.9049094e-02
   5.9223613e-02
   5.9264267e-02
   5.9301313e-02
   5.9324740e-02
   5.9444297e-02
   5.9539353e-02
   5.9629067e-02
   5.9739654e-02
   5.9796458e-02
   5.9983871e-02
   6.0146669e-02
   6.0316775e-02
   6.0444359e-02
   6.0654838e-02
   6.0882142e-02
   6.1112640e-02
   6.1146721e-02
   6.1322350e-02
   6.1489541e-02
   6.1532220e-02
   6.1694869e-02
   6.1843206e-02
   6.1871865e-02
   6.2103626e-02
   6.2355947e-02
   6.2388255e-02
   6.2551993e-02
   6.2751553e-02
   6.2784740e-02
   6.2820936e-02
   6.2987591e-02
   6.3099436e-02
   6.3199963e-02
   6.3382956e-02
   6.3426529e-02
   6.3578115e-02
   6.3729480e-02
   6.3851712e-02
   6.3920566e-02
   6.4095916e-02
   6.4212563e-02
   6.4329805e-02
   6.4445759e-02
   6.4655903e-02
   6.4699472e-02
   6.4853510e-02
   6.5000266e-02
   6.5029101e-02
   6.5061903e-02
   6.5098776e-02
   6.5133674e-02
   6.5189695e-02
   6.5407013e-02
   6.5555836e-02
   6.5696844e-02
   6.5924981e-02
   6.6040556e-02
   6.6158028e-02
   6.6187166e-02
   6.6359966e-02
   6.6510008e-02
   6.6542174e-02
   6.6579190e-02
   6.6761518e-02
   6.6925137e-02
   6.7136726e-02
   6.7211852e-02
   6.7410704e-02
   6.7469110e-02
   6.7633819e-02
   6.7719891e-02
   6.7918217e-02
   6.8062282e-02
   6.8142322e-02
   6.8296373e-02
   6.8495761e-02
   6.8598643e-02
   6.8660736e-02
   6.8836330e-02
   6.9000738e-02
   6.9057506e-02
   6.9201221e-02
   6.9380490e-02
   6.9600271e-02
   6.9798753e-02
   6.9911957e-02
   6.9997521e-02
   7.0158501e-02
   7.0203178e-02
   7.0379860e-02
   7.0457412e-02
   7.0570490e-02
   7.0671572e-02
   7.0874563e-02
   7.1081135e-02
   7.1283339e-02
   7.1399537e-02
   7.1516317e-02
   7.1592050e-02
   7.1801189e-02
   7.1942499e-02
   7.2030767e-02
   7.2136273e-02
   7.2264974e-02
   7.2428941e-02
   7.2562688e-02
   7.2739670e-02
   7.2769275e-02
   7.2818343e-02
   7.2862679e-02
   7.3055749e-02
   7.3204834e-02
   7.3244920e-02
   7.3293165e-02
   7.3331820e-02
   7.3528999e-02
   7.3597965e-02
   7.3623745e-02
   7.3707111e-02
   7.3872373e-02
   7.4095849e-02
   7.4217209e-02
   7.4323663e-02
   7.4520465e-02
   7.4759235e-02
   7.4969820e-02
   7.5212629e-02
   7.5320902e-02
   7.5553413e-02
   7.5775711e-02
   7.6023710e-02
   7.6052158e-02
   7.6264375e-02
   7.6459308e-02
   7.6510465e-02
   7.6566580e-02
   7.6700877e-02
   7.6776219e-02
   7.6824898e-02
   7.6902543e-02
   7.7064760e-02
   7.7094091e-02
   7.7131064e-02
   7.7160620e-02
   7.7334892e-02
   7.7417522e-02
   7.7505294e-02
   7.7614331e-02
   7.7721156e-02
   7.7787059e-02
   7.8036940e-02
   7.8070584e-02
   7.8164257e-02
   7.8243740e-02
   7.8300624e-02
   7.8485477e-02
   7.8638363e-02
   7.8666588e-02
   7.8813700e-02
   7.8974731e-02
   7.9170502e-02
   7.9275999e-02
   7.9381562e-02
   7.9459558e-02
   7.9531480e-02
   7.9595627e-02
   7.9751485e-02
   7.9798905e-02
   7.9847504e-02
   7.9902520e-02
   7.9938259e-02
   8.0110300e-02
   8.0294017e-02
   8.0490266e-02
   8.0692485e-02
   8.0917644e-02
   8.1127701e-02
   8.1172401e-02
   8.1334637e-02
   8.1435025e-02
   8.1505688e-02
   8.1639817e-02
   8.1827304e-02
   8.1863890e-02
   8.2074187e-02
   8.2161616e-02
   8.2266610e-02
   8.2352249e-02
   8.2476499e-02
   8.2706175e-02
   8.2892135e-02
   8.3076386e-02
   8.3249909e-02
   8.3356314e-02
   8.3556358e-02
   8.3724657e-02
   8.3892110e-02
   8.3922746e-02
   8.3977858e-02
   8.4013817e-02
   8.4064548e-02
   8.4140039e-02
   8.4268044e-02
   8.4405928e-02
   8.4599433e-02
   8.4791387e-02
   8.4962333e-02
   8.5027872e-02
   8.5251984e-02
   8.5466524e-02
   8.5657690e-02
   8.5849825e-02
   8.6029736e-02
   8.6166512e-02
   8.6303415e-02
   8.6518339e-02
   8.6722691e-02
   8.6954739e-02
   8.6990668e-02
   8.7056763e-02
   8.7093465e-02
   8.7245689e-02
   8.7307761e-02
   8.7505778e-02
   8.7554773e-02
   8.7602751e-02
   8.7634404e-02
   8.7819034e-02
   8.7897053e-02
   8.8034171e-02
   8.8262824e-02
   8.8313272e-02
   8.8351354e-02
   8.8411842e-02
   8.8460922e-02
   8.8498144e-02
   8.8557790e-02
   8.8598038e-02
   8.8828290e-02
   8.8954615e-02
   8.9143827e-02
   8.9187109e-02
   8.9226863e-02
   8.9411532e-02
   8.9474091e-02
   8.9601753e-02
   8.9782121e-02
   8.9824400e-02
   9.0017709e-02
   9.0235273e-02
   9.0462511e-02
   9.0681926e-02
   9.0857127e-02
   9.1047167e-02
   9.1082813e-02
   9.1140813e-02
   9.1349058e-02
   9.1425503e-02
   9.1480127e-02
   9.1560690e-02
   9.1783156e-02
   9.1981758e-02
   9.2092829e-02
   9.2219843e-02
   9.2340043e-02
   9.2392002e-02
   9.2586039e-02
   9.2765382e-02
   9.2800954e-02
   9.2829318e-02
   9.2880897e-02
   9.2940843e-02
   9.2980953e-02
   9.2997256e-02
   9.3049615e-02
   9.3220639e-02
   9.3389602e-02
   9.3580512e-02
   9.3764170e-02
   9.3818148e-02
   9.3878958e-02
   9.3941388e-02
   9.3986851e-02
   9.4139058e-02
   9.4253377e-02
   9.4385382e-02
   9.4438889e-02
   9.4626780e-02
   9.4698874e-02
   9.4752085e-02
   9.4948754e-02
   9.5168472e-02
   9.5411259e-02
   9.5561109e-02
   9.5636786e-02
   9.5803369e-02
   9.5861345e-02
   9.5889953e-02
   9.6097179e-02
   9.6308153e-02
   9.6362924e-02
   9.6398739e-02
   9.6533739e-02
   9.6637204e-02
   9.6725572e-02
   9.6765053e-02
   9.6941969e-02
   9.6983620e-02
   9.7144185e-02
   9.7284839e-02
   9.7422451e-02
   9.7598482e-02
   9.7634614e-02
   9.7664790e-02
   9.7722828e-02
   9.7757040e-02
   9.7813449e-02
   9.7876618e-02
   9.8053172e-02
   9.8122584e-02
   9.8218766e-02
   9.8311933e-02
   9.8473940e-02
   9.8500064e-02
   9.8653266e-02
   9.8812704e-02
   9.8937774e-02
   9.9012916e-02
   9.9173719e-02
   9.9227324e-02
   9.9270640e-02
   9.9298541e-02
   9.9352043e-02
   9.9547060e-02
   9.9662327e-02
   9.9834502e-02
   9.9869942e-02
   9.9926799e-02
   9.9961409e-02
   1.0013517e-01
   1.0019076e-01
   1.0032767e-01
   1.0054478e-01
   1.0063425e-01
   1.0075436e-01
   1.0096547e-01
   1.0102555e-01
   1.0119956e-01
   1.0142922e-01
   1.0148071e-01
   1.0167060e-01
   1.0187024e-01
   1.0192060e-01
   1.0194023e-01
   1.0209083e-01
   1.0222963e-01
   1.0237372e-01
   1.0247919e-01
   1.0265111e-01
   1.0272303e-01
   1.0288429e-01
   1.0296399e-01
   1.0304174e-01
   1.0310224e-01
   1.0325768e-01
   1.0346236e-01
   1.0356125e-01
   1.0371468e-01
   1.0374959e-01
   1.0378449e-01
   1.0380259e-01
   1.0399114e-01
   1.0417354e-01
   1.0435161e-01
   1.0454747e-01
   1.0472564e-01
   1.0479489e-01
   1.0500726e-01
   1.0505468e-01
   1.0525561e-01
   1.0543540e-01
   1.0558783e-01
   1.0565820e-01
   1.0575376e-01
   1.0586077e-01
   1.0609163e-01
   1.0613501e-01
   1.0626106e-01
   1.0635996e-01
   1.0657314e-01
   1.0661684e-01
   1.0664119e-01
   1.0665725e-01
   1.0667829e-01
   1.0673023e-01
   1.0676720e-01
   1.0692579e-01
   1.0700715e-01
   1.0708364e-01
   1.0727845e-01
   1.0732403e-01
   1.0749499e-01
   1.0759006e-01
   1.0772845e-01
   1.0792136e-01
   1.0812806e-01
   1.0828152e-01
   1.0840681e-01
   1.0860366e-01
   1.0885307e-01
   1.0912144e-01
   1.0938997e-01
   1.0958474e-01
   1.0966908e-01
   1.0978609e-01
   1.0988567e-01
   1.0995171e-01
   1.1016351e-01
   1.1022666e-01
   1.1027669e-01
   1.1048012e-01
   1.1058169e-01
   1.1069011e-01
   1.1076205e-01
   1.1095306e-01
   1.1100046e-01
   1.1104676e-01
   1.1110777e-01
   1.1115795e-01
   1.1119951e-01
   1.1123392e-01
   1.1142889e-01
   1.1162285e-01
   1.1165218e-01
   1.1179728e-01
   1.1190047e-01
   1.1201351e-01
   1.1216276e-01
   1.1232507e-01
   1.1254518e-01
   1.1274890e-01
   1.1286474e-01
   1.1308311e-01
   1.1325018e-01
   1.1340647e-01
   1.1356979e-01
   1.1364781e-01
   1.1386458e-01
   1.1393286e-01
   1.1396964e-01
   1.1411755e-01
   1.1424905e-01
   1.1444370e-01
   1.1449436e-01
   1.1467820e-01
   1.1483862e-01
   1.1488279e-01
   1.1494179e-01
   1.1498590e-01
   1.1514421e-01
   1.1530164e-01
   1.1544648e-01
   1.1560665e-01
   1.1582151e-01
   1.1602526e-01
   1.1607491e-01
   1.1624022e-01
   1.1633846e-01
   1.1649719e-01
   1.1653134e-01
   1.1667529e-01
   1.1678783e-01
   1.1697145e-01
   1.1702475e-01
   1.1706067e-01
   1.1710983e-01
   1.1729895e-01
   1.1740556e-01
   1.1755562e-01
   1.1757658e-01
   1.1761884e-01
   1.1768025e-01
   1.1772910e-01
   1.1792652e-01
   1.1799812e-01
   1.1818006e-01
   1.1836684e-01
   1.1854496e-01
   1.1873491e-01
   1.1893128e-01
   1.1898421e-01
   1.1902773e-01
   1.1908853e-01
   1.1912131e-01
   1.1914178e-01
   1.1919585e-01
   1.1935334e-01
   1.1944035e-01
   1.1952451e-01
   1.1973597e-01
   1.1977070e-01
   1.1996860e-01
   1.2005264e-01
   1.2023235e-01
   1.2048601e-01
   1.2056451e-01
   1.2059356e-01
   1.2067999e-01
   1.2078583e-01
   1.2086122e-01
   1.2093239e-01
   1.2108761e-01
   1.2111883e-01
   1.2130072e-01
   1.2147129e-01
   1.2151320e-01
   1.2169757e-01
   1.2176749e-01
   1.2195648e-01
   1.2213294e-01
   1.2222371e-01
   1.2232196e-01
   1.2250193e-01
   1.2266235e-01
   1.2284473e-01
   1.2304141e-01
   1.2320167e-01
   1.2335921e-01
   1.2353170e-01
   1.2370814e-01
   1.2381441e-01
   1.2396750e-01
   1.2401131e-01
   1.2420295e-01
   1.2429982e-01
   1.2441664e-01
   1.2453001e-01
   1.2456455e-01
   1.2460591e-01
   1.2466735e-01
   1.2485521e-01
   1.2494965e-01
   1.2512980e-01
   1.2531432e-01
   1.2545328e-01
   1.2565502e-01
   1.2569412e-01
   1.2589144e-01
   1.2608568e-01
   1.2613844e-01
   1.2632581e-01
   1.2640247e-01
   1.2642356e-01
   1.2649335e-01
   1.2653283e-01
   1.2659004e-01
   1.2666911e-01
   1.2683085e-01
   1.2686769e-01
   1.2707966e-01
   1.2714707e-01
   1.2737888e-01
   1.2755867e-01
   1.2766172e-01
   1.2772177e-01
   1.2791423e-01
   1.2806374e-01
   1.2820263e-01
   1.2824591e-01
   1.2841769e-01
   1.2846086e-01
   1.2864178e-01
   1.2885706e-01
   1.2892642e-01
   1.2904460e-01
   1.2921421e-01
   1.2939538e-01
   1.2956521e-01
   1.2968499e-01
   1.2981381e-01
   1.2999853e-01
   1.3007946e-01
   1.3022372e-01
   1.3026773e-01
   1.3047213e-01
   1.3060174e-01
   1.3069184e-01
   1.3077769e-01
   1.3088911e-01
   1.3095255e-01
   1.3098853e-01
   1.3116453e-01
   1.3132930e-01
   1.3137364e-01
   1.3158835e-01
   1.3180450e-01
   1.3182644e-01
   1.3199110e-01
   1.3211536e-01
   1.3218907e-01
   1.3232106e-01
   1.3236676e-01
   1.3250759e-01
   1.3257404e-01
   1.3270884e-01
   1.3276263e-01
   1.3293215e-01
   1.3309964e-01
   1.3315290e-01
   1.3336090e-01
   1.3353422e-01
   1.3357899e-01
   1.3362853e-01
   1.3382132e-01
   1.3393066e-01
   1.3404963e-01
   1.3425642e-01
   1.3447880e-01
   1.3467063e-01
   1.3470985e-01
   1.3478468e-01
   1.3500551e-01
   1.3523111e-01
   1.3542634e-01
   1.3553743e-01
   1.3570106e-01
   1.3586622e-01
   1.3596146e-01
   1.3606237e-01
   1.3611502e-01
   1.3631620e-01
   1.3641177e-01
   1.3648972e-01
   1.3654362e-01
   1.3666064e-01
   1.3687272e-01
   1.3710182e-01
   1.3716658e-01
   1.3726201e-01
   1.3735568e-01
   1.3745839e-01
   1.3762927e-01
   1.3768327e-01
   1.3771680e-01
   1.3794500e-01
   1.3805331e-01
   1.3813663e-01
   1.3826561e-01
   1.3840440e-01
   1.3853095e-01
   1.3862224e-01
   1.3876289e-01
   1.3897633e-01
   1.3907035e-01
   1.3916649e-01
   1.3928362e-01
   1.3937800e-01
   1.3949685e-01
   1.3965806e-01
   1.3983367e-01
   1.3996554e-01
   1.4005501e-01
   1.4024050e-01
   1.4027745e-01
   1.4034986e-01
   1.4039697e-01
   1.4062079e-01
   1.4085181e-01
   1.4088665e-01
   1.4109380e-01
   1.4129776e-01
   1.4135329e-01
   1.4156227e-01
   1.4167120e-01
   1.4173549e-01
   1.4182329e-01
   1.4187435e-01
   1.4192021e-01
   1.4208386e-01
   1.4225630e-01
   1.4234986e-01
   1.4244342e-01
   1.4252374e-01
   1.4270201e-01
   1.4273302e-01
   1.4278610e-01
   1.4291634e-01
   1.4306492e-01
   1.4310724e-01
   1.4314484e-01
   1.4335660e-01
   1.4355688e-01
   1.4375677e-01
   1.4385437e-01
   1.4394085e-01
   1.4412980e-01
   1.4415154e-01
   1.4421639e-01
   1.4426638e-01
   1.4445419e-01
   1.4464416e-01
   1.4468910e-01
   1.4492424e-01
   1.4503374e-01
   1.4513407e-01
   1.4523233e-01
   1.4541143e-01
   1.4553256e-01
   1.4568141e-01
   1.4588107e-01
   1.4598049e-01
   1.4605454e-01
   1.4610668e-01
   1.4619260e-01
   1.4626027e-01
   1.4650406e-01
   1.4673728e-01
   1.4684262e-01
   1.4698934e-01
   1.4703003e-01
   1.4706989e-01
   1.4711009e-01
   1.4714654e-01
   1.4728394e-01
   1.4733756e-01
   1.4736787e-01
   1.4747518e-01
   1.4772420e-01
   1.4777425e-01
   1.4782628e-01
   1.4796342e-01
   1.4809814e-01
   1.4813238e-01
   1.4816241e-01
   1.4837676e-01
   1.4856931e-01
   1.4862743e-01
   1.4867178e-01
   1.4870770e-01
   1.4885680e-01
   1.4900740e-01
   1.4905052e-01
   1.4911708e-01
   1.4927333e-01
   1.4943476e-01
   1.4957227e-01
   1.4964853e-01
   1.4981091e-01
   1.4984321e-01
   1.5002444e-01
   1.5012965e-01
   1.5023296e-01
   1.5040637e-01
   1.5061432e-01
   1.5070921e-01
   1.5082056e-01
   1.5093354e-01
   1.5100974e-01
   1.5120976e-01
   1.5125345e-01
   1.5130303e-01
   1.5150696e-01
   1.5162378e-01
   1.5179425e-01
   1.5197586e-01
   1.5217834e-01
   1.5224040e-01
   1.5229413e-01
   1.5233204e-01
   1.5255031e-01
   1.5277745e-01
   1.5295537e-01
   1.5314672e-01
   1.5318699e-01
   1.5337479e-01
   1.5355797e-01
   1.5374518e-01
   1.5393875e-01
   1.5395787e-01
   1.5411428e-01
   1.5430704e-01
   1.5453557e-01
   1.5467447e-01
   1.5480100e-01
   1.5493268e-01
   1.5504897e-01
   1.5525602e-01
   1.5529912e-01
   1.5532320e-01
   1.5554868e-01
   1.5578927e-01
   1.5600531e-01
   1.5613755e-01
   1.5621065e-01
   1.5633592e-01
   1.5643529e-01
   1.5658481e-01
   1.5676353e-01
   1.5694134e-01
   1.5711748e-01
   1.5722706e-01
   1.5737898e-01
   1.5741927e-01
   1.5746447e-01
   1.5758664e-01
   1.5765612e-01
   1.5777126e-01
   1.5793761e-01
   1.5798717e-01
   1.5801203e-01
   1.5814812e-01
   1.5818964e-01
   1.5832278e-01
   1.5850538e-01
   1.5853444e-01
   1.5869302e-01
   1.5879249e-01
   1.5886938e-01
   1.5907620e-01
   1.5930235e-01
   1.5935489e-01
   1.5957136e-01
   1.5962598e-01
   1.5978863e-01
   1.5995406e-01
   1.5998904e-01
   1.6003167e-01
   1.6022201e-01
   1.6032948e-01
   1.6052639e-01
   1.6073744e-01
   1.6094889e-01
   1.6097966e-01
   1.6120605e-01
   1.6130602e-01
   1.6147642e-01
   1.6159468e-01
   1.6173370e-01
   1.6177554e-01
   1.6182145e-01
   1.6186731e-01
   1.6190934e-01
   1.6196657e-01
   1.6202292e-01
   1.6220123e-01
   1.6232193e-01
   1.6247808e-01
   1.6252435e-01
   1.6258370e-01
   1.6274688e-01
   1.6282694e-01
   1.6294707e-01
   1.6304078e-01
   1.6308634e-01
   1.6325906e-01
   1.6328288e-01
   1.6339294e-01
   1.6355305e-01
   1.6360022e-01
   1.6365425e-01
   1.6368779e-01
   1.6371178e-01
   1.6388448e-01
   1.6398803e-01
   1.6408725e-01
   1.6428198e-01
   1.6442047e-01
   1.6458114e-01
   1.6480793e-01
   1.6501881e-01
   1.6520851e-01
   1.6543095e-01
   1.6565478e-01
   1.6576408e-01
   1.6582905e-01
   1.6590221e-01
   1.6600570e-01
   1.6622180e-01
   1.6642491e-01
   1.6649659e-01
   1.6665478e-01
   1.6681893e-01
   1.6692309e-01
   1.6708932e-01
   1.6714255e-01
   1.6736242e-01
   1.6758249e-01
   1.6773726e-01
   1.6788522e-01
   1.6811458e-01
   1.6831506e-01
   1.6835815e-01
   1.6839150e-01
   1.6856335e-01
   1.6862761e-01
   1.6884731e-01
   1.6904019e-01
   1.6919203e-01
   1.6934471e-01
   1.6942616e-01
   1.6956941e-01
   1.6960058e-01
   1.6981920e-01
   1.6983298e-01
   1.6993110e-01
   1.7007622e-01
   1.7025228e-01
   1.7035416e-01
   1.7049101e-01
   1.7069169e-01
   1.7088565e-01
   1.7108365e-01
   1.7130735e-01
   1.7136400e-01
   1.7151001e-01
   1.7165772e-01
   1.7170719e-01
   1.7188964e-01
   1.7207336e-01
   1.7210432e-01
   1.7226214e-01
   1.7234243e-01
   1.7246160e-01
   1.7248697e-01
   1.7251540e-01
   1.7255291e-01
   1.7260529e-01
   1.7265934e-01
   1.7282349e-01
   1.7297057e-01
   1.7309602e-01
   1.7317697e-01
   1.7336173e-01
   1.7358954e-01
   1.7369426e-01
   1.7381265e-01
   1.7394201e-01
   1.7401615e-01
   1.7410266e-01
   1.7431835e-01
   1.7436196e-01
   1.7455496e-01
   1.7474483e-01
   1.7477615e-01
   1.7493920e-01
   1.7501754e-01
   1.7507873e-01
   1.7524396e-01
   1.7545904e-01
   1.7564733e-01
   1.7582415e-01
   1.7600960e-01
   1.7619571e-01
   1.7626969e-01
   1.7638332e-01
   1.7658169e-01
   1.7660823e-01
   1.7664534e-01
   1.7686769e-01
   1.7693488e-01
   1.7712760e-01
   1.7714856e-01
   1.7718565e-01
   1.7733713e-01
   1.7751218e-01
   1.7776822e-01
   1.7799273e-01
   1.7814097e-01
   1.7817918e-01
   1.7831375e-01
   1.7847362e-01
   1.7864108e-01
   1.7875508e-01
   1.7883357e-01
   1.7899512e-01
   1.7920390e-01
   1.7940084e-01
   1.7945209e-01
   1.7950326e-01
   1.7972109e-01
   1.7976426e-01
   1.7980257e-01
   1.7998267e-01
   1.8004185e-01
   1.8022301e-01
   1.8039718e-01
   1.8055518e-01
   1.8062411e-01
   1.8066687e-01
   1.8074002e-01
   1.8090777e-01
   1.8105868e-01
   1.8115301e-01
   1.8125357e-01
   1.8147104e-01
   1.8165088e-01
   1.8184561e-01
   1.8188338e-01
   1.8191730e-01
   1.8207510e-01
   1.8215341e-01
   1.8234619e-01
   1.8253450e-01
   1.8275071e-01
   1.8294025e-01
   1.8307472e-01
   1.8323178e-01
   1.8327808e-01
   1.8349975e-01
   1.8355478e-01
   1.8360424e-01
   1.8378776e-01
   1.8386248e-01
   1.8399152e-01
   1.8403158e-01
   1.8419603e-01
   1.8425930e-01
   1.8434745e-01
   1.8445784e-01
   1.8463995e-01
   1.8467171e-01
   1.8490947e-01
   1.8516043e-01
   1.8523347e-01
   1.8527634e-01
   1.8545984e-01
   1.8561570e-01
   1.8574143e-01
   1.8583736e-01
   1.8592351e-01
   1.8604775e-01
   1.8625097e-01
   1.8628777e-01
   1.8633517e-01
   1.8654622e-01
   1.8667679e-01
   1.8677327e-01
   1.8687029e-01
   1.8691442e-01
   1.8699584e-01
   1.8716510e-01
   1.8721391e-01
   1.8742170e-01
   1.8763718e-01
   1.8767346e-01
   1.8771833e-01
   1.8776701e-01
   1.8790659e-01
   1.8800956e-01
   1.8809399e-01
   1.8833318e-01
   1.8837590e-01
   1.8843999e-01
   1.8851840e-01
   1.8853339e-01
   1.8869634e-01
   1.8885241e-01
   1.8903909e-01
   1.8923564e-01
   1.8942540e-01
   1.8959844e-01
   1.8981714e-01
   1.8986495e-01
   1.9000525e-01
   1.9006968e-01
   1.9024115e-01
   1.9028530e-01
   1.9049723e-01
   1.9068313e-01
   1.9073207e-01
   1.9091504e-01
   1.9099915e-01
   1.9108643e-01
   1.9122797e-01
   1.9140905e-01
   1.9165000e-01
   1.9168806e-01
   1.9186569e-01
   1.9201825e-01
   1.9221917e-01
   1.9244575e-01
   1.9257853e-01
   1.9272778e-01
   1.9292996e-01
   1.9300401e-01
   1.9317988e-01
   1.9321297e-01
   1.9335842e-01
   1.9352552e-01
   1.9370953e-01
   1.9377622e-01
   1.9386406e-01
   1.9406618e-01
   1.9411088e-01
   1.9414068e-01
   1.9430079e-01
   1.9437914e-01
   1.9458541e-01
   1.9479168e-01
   1.9496289e-01
   1.9498450e-01
   1.9502736e-01
   1.9521114e-01
   1.9539663e-01
   1.9544186e-01
   1.9548041e-01
   1.9550043e-01
   1.9555388e-01
   1.9559483e-01
   1.9578025e-01
   1.9585660e-01
   1.9605246e-01
   1.9611069e-01
   1.9625628e-01
   1.9630639e-01
   1.9639208e-01
   1.9646994e-01
   1.9663234e-01
   1.9667912e-01
   1.9687841e-01
   1.9697334e-01
   1.9719613e-01
   1.9725615e-01
   1.9740077e-01
   1.9743873e-01
   1.9748480e-01
   1.9765510e-01
   1.9770946e-01
   1.9791473e-01
   1.9813178e-01
   1.9834090e-01
   1.9842902e-01
   1.9851057e-01
   1.9868712e-01
   1.9887032e-01
   1.9906961e-01
   1.9911476e-01
   1.9915973e-01
   1.9930410e-01
   1.9946926e-01
   1.9950604e-01
   1.9966734e-01
   1.9975222e-01
   1.9988075e-01
   1.9993655e-01
   2.0007856e-01
   2.0019316e-01
   2.0038341e-01
   2.0044420e-01
   2.0060116e-01
   2.0075034e-01
   2.0086092e-01
   2.0093150e-01
   2.0110382e-01
   2.0115309e-01
   2.0119064e-01
   2.0138429e-01
   2.0144200e-01
   2.0152075e-01
   2.0156474e-01
   2.0175049e-01
   2.0194898e-01
   2.0201903e-01
   2.0221277e-01
   2.0242089e-01
   2.0247999e-01
   2.0259948e-01
   2.0267980e-01
   2.0277280e-01
   2.0293872e-01
   2.0312434e-01
   2.0328938e-01
   2.0334533e-01
   2.0342058e-01
   2.0346155e-01
   2.0351784e-01
   2.0370521e-01
   2.0382672e-01
   2.0398274e-01
   2.0414040e-01
   2.0430272e-01
   2.0432892e-01
   2.0437693e-01
   2.0456410e-01
   2.0467851e-01
   2.0483458e-01
   2.0487104e-01
   2.0488724e-01
   2.0493697e-01
   2.0508047e-01
   2.0521120e-01
   2.0526786e-01
   2.0544581e-01
   2.0550839e-01
   2.0560742e-01
   2.0577523e-01
   2.0582046e-01
   2.0587722e-01
   2.0603606e-01
   2.0618205e-01
   2.0621545e-01
   2.0642002e-01
   2.0650848e-01
   2.0666666e-01
   2.0671988e-01
   2.0691548e-01
   2.0708399e-01
   2.0713085e-01
   2.0733959e-01
   2.0753013e-01
   2.0774291e-01
   2.0795368e-01
   2.0800289e-01
   2.0816651e-01
   2.0824408e-01
   2.0833646e-01
   2.0842086e-01
   2.0863401e-01
   2.0867298e-01
   2.0886001e-01
   2.0903458e-01
   2.0909718e-01
   2.0922868e-01
   2.0934402e-01
   2.0958467e-01
   2.0979394e-01
   2.0998766e-01
   2.1015579e-01
   2.1023403e-01
   2.1030712e-01
   2.1039564e-01
   2.1047232e-01
   2.1066077e-01
   2.1070327e-01
   2.1074219e-01
   2.1095977e-01
   2.1099809e-01
   2.1106874e-01
   2.1114033e-01
   2.1129482e-01
   2.1148839e-01
   2.1157557e-01
   2.1164406e-01
   2.1178580e-01
   2.1183941e-01
   2.1201697e-01
   2.1209112e-01
   2.1218112e-01
   2.1236422e-01
   2.1252807e-01
   2.1265081e-01
   2.1272213e-01
   2.1277124e-01
   2.1282725e-01
   2.1301837e-01
   2.1310581e-01
   2.1335381e-01
   2.1350530e-01
   2.1367397e-01
   2.1372980e-01
   2.1390968e-01
   2.1410973e-01
   2.1423539e-01
   2.1433996e-01
   2.1455867e-01
   2.1477643e-01
   2.1493250e-01
   2.1502093e-01
   2.1510076e-01
   2.1529756e-01
   2.1533679e-01
   2.1554084e-01
   2.1563094e-01
   2.1579233e-01
   2.1583438e-01
   2.1597038e-01
   2.1606430e-01
   2.1622897e-01
   2.1628300e-01
   2.1632535e-01
   2.1637167e-01
   2.1654541e-01
   2.1672592e-01
   2.1676445e-01
   2.1680916e-01
   2.1684418e-01
   2.1696975e-01
   2.1703842e-01
   2.1710983e-01
   2.1719862e-01
   2.1732178e-01
   2.1748462e-01
   2.1754047e-01
   2.1759527e-01
   2.1764443e-01
   2.1780246e-01
   2.1784366e-01
   2.1793756e-01
   2.1799488e-01
   2.1809505e-01
   2.1831751e-01
   2.1844632e-01
   2.1851567e-01
   2.1871165e-01
   2.1876873e-01
   2.1882430e-01
   2.1902620e-01
   2.1914599e-01
   2.1932823e-01
   2.1948511e-01
   2.1957179e-01
   2.1971407e-01
   2.1993474e-01
   2.1998170e-01
   2.2009776e-01
   2.2020699e-01
   2.2027212e-01
   2.2043806e-01
   2.2047391e-01
   2.2054578e-01
   2.2059484e-01
   2.2076831e-01
   2.2097223e-01
   2.2112732e-01
   2.2125006e-01
   2.2141051e-01
   2.2149374e-01
   2.2168456e-01
   2.2171226e-01
   2.2185168e-01
   2.2194057e-01
   2.2215835e-01
   2.2236746e-01
   2.2256409e-01
   2.2260837e-01
   2.2285174e-01
   2.2295282e-01
   2.2303111e-01
   2.2326948e-01
   2.2332468e-01
   2.2337753e-01
   2.2340660e-01
   2.2346483e-01
   2.2352501e-01
   2.2355405e-01
   2.2360084e-01
   2.2380517e-01
   2.2387141e-01
   2.2405377e-01
   2.2428272e-01
   2.2449180e-01
   2.2454185e-01
   2.2469127e-01
   2.2483405e-01
   2.2495102e-01
   2.2515016e-01
   2.2518034e-01
   2.2535716e-01
   2.2550454e-01
   2.2556119e-01
   2.2562368e-01
   2.2566640e-01
   2.2589325e-01
   2.2612296e-01
   2.2633451e-01
   2.2641855e-01
   2.2648649e-01
   2.2654048e-01
   2.2677177e-01
   2.2698831e-01
   2.2706804e-01
   2.2715511e-01
   2.2737074e-01
   2.2740796e-01
   2.2764544e-01
   2.2787242e-01
   2.2792948e-01
   2.2805419e-01
   2.2817246e-01
   2.2822697e-01
   2.2844667e-01
   2.2867509e-01
   2.2879423e-01
   2.2890938e-01
   2.2908821e-01
   2.2915653e-01
   2.2919856e-01
   2.2926531e-01
   2.2931468e-01
   2.2946001e-01
   2.2950823e-01
   2.2962072e-01
   2.2978975e-01
   2.2985703e-01
   2.3005464e-01
   2.3011001e-01
   2.3030097e-01
   2.3034311e-01
   2.3037856e-01
   2.3056129e-01
   2.3063698e-01
   2.3067582e-01
   2.3084490e-01
   2.3087847e-01
   2.3092348e-01
   2.3109948e-01
   2.3118435e-01
   2.3130848e-01
   2.3149234e-01
   2.3154953e-01
   2.3158206e-01
   2.3162777e-01
   2.3178295e-01
   2.3190368e-01
   2.3208817e-01
   2.3212881e-01
   2.3217245e-01
   2.3221718e-01
   2.3242415e-01
   2.3264402e-01
   2.3286759e-01
   2.3295738e-01
   2.3311851e-01
   2.3330613e-01
   2.3336836e-01
   2.3349338e-01
   2.3359441e-01
   2.3371494e-01
   2.3375494e-01
   2.3392194e-01
   2.3409728e-01
   2.3431377e-01
   2.3441401e-01
   2.3447887e-01
   2.3456163e-01
   2.3469895e-01
   2.3478087e-01
   2.3484210e-01
   2.3502576e-01
   2.3519352e-01
   2.3532261e-01
   2.3554094e-01
   2.3559155e-01
   2.3564545e-01
   2.3586770e-01
   2.3607003e-01
   2.3611177e-01
   2.3614439e-01
   2.3619480e-01
   2.3621941e-01
   2.3638007e-01
   2.3646766e-01
   2.3657031e-01
   2.3677982e-01
   2.3682614e-01
   2.3704423e-01
   2.3708381e-01
   2.3727108e-01
   2.3744078e-01
   2.3749966e-01
   2.3758889e-01
   2.3767655e-01
   2.3783545e-01
   2.3799093e-01
   2.3805585e-01
   2.3818435e-01
   2.3825415e-01
   2.3830761e-01
   2.3835912e-01
   2.3853078e-01
   2.3866032e-01
   2.3889942e-01
   2.3909251e-01
   2.3917135e-01
   2.3928284e-01
   2.3946222e-01
   2.3953731e-01
   2.3975126e-01
   2.3979746e-01
   2.3985267e-01
   2.3987771e-01
   2.4006104e-01
   2.4025372e-01
   2.4048272e-01
   2.4057736e-01
   2.4073518e-01
   2.4085281e-01
   2.4095723e-01
   2.4117205e-01
   2.4132653e-01
   2.4150103e-01
   2.4173326e-01
   2.4194136e-01
   2.4199359e-01
   2.4219330e-01
   2.4225376e-01
   2.4237368e-01
   2.4246887e-01
   2.4261204e-01
   2.4265236e-01
   2.4285150e-01
   2.4304886e-01
   2.4319364e-01
   2.4332519e-01
   2.4338254e-01
   2.4343091e-01
   2.4348068e-01
   2.4352329e-01
   2.4356298e-01
   2.4361236e-01
   2.4364992e-01
   2.4367718e-01
   2.4380845e-01
   2.4392783e-01
   2.4394184e-01
   2.4410576e-01
   2.4423071e-01
   2.4437174e-01
   2.4448574e-01
   2.4472960e-01
   2.4480759e-01
   2.4498094e-01
   2.4518272e-01
   2.4522761e-01
   2.4527559e-01
   2.4547085e-01
   2.4555385e-01
   2.4580478e-01
   2.4586446e-01
   2.4591416e-01
   2.4595179e-01
   2.4617057e-01
   2.4629233e-01
   2.4642876e-01
   2.4653255e-01
   2.4671859e-01
   2.4674449e-01
   2.4693951e-01
   2.4704339e-01
   2.4722383e-01
   2.4739768e-01
   2.4756561e-01
   2.4774074e-01
   2.4781497e-01
   2.4791916e-01
   2.4809998e-01
   2.4830139e-01
   2.4847916e-01
   2.4853647e-01
   2.4856802e-01
   2.4861335e-01
   2.4877688e-01
   2.4886754e-01
   2.4895270e-01
   2.4914079e-01
   2.4918735e-01
   2.4923465e-01
   2.4928697e-01
   2.4933097e-01
   2.4945253e-01
   2.4958640e-01
   2.4962954e-01
   2.4979234e-01
   2.4989997e-01
   2.5006602e-01
   2.5031088e-01
   2.5055235e-01
   2.5060004e-01
   2.5063859e-01
   2.5067562e-01
   2.5088690e-01
   2.5097189e-01
   2.5104828e-01
   2.5119328e-01
   2.5134612e-01
   2.5138935e-01
   2.5153605e-01
   2.5173772e-01
   2.5182056e-01
   2.5200477e-01
   2.5204332e-01
   2.5226418e-01
   2.5235045e-01
   2.5251462e-01
   2.5254963e-01
   2.5267708e-01
   2.5281875e-01
   2.5285567e-01
   2.5306709e-01
   2.5326497e-01
   2.5344738e-01
   2.5362056e-01
   2.5379252e-01
   2.5386543e-01
   2.5403950e-01
   2.5409170e-01
   2.5427032e-01
   2.5436358e-01
   2.5447208e-01
   2.5462736e-01
   2.5467611e-01
   2.5470381e-01
   2.5492432e-01
   2.5517539e-01
   2.5540272e-01
   2.5553079e-01
   2.5572495e-01
   2.5592558e-01
   2.5612553e-01
   2.5615299e-01
   2.5619840e-01
   2.5640437e-01
   2.5644456e-01
   2.5655010e-01
   2.5664639e-01
   2.5675416e-01
   2.5684678e-01
   2.5692673e-01
   2.5709037e-01
   2.5731499e-01
   2.5753423e-01
   2.5759127e-01
   2.5776631e-01
   2.5796708e-01
   2.5811613e-01
   2.5829873e-01
   2.5848257e-01
   2.5865142e-01
   2.5882206e-01
   2.5900645e-01
   2.5917214e-01
   2.5926563e-01
   2.5935971e-01
   2.5953983e-01
   2.5956820e-01
   2.5975250e-01
   2.5983766e-01
   2.5990019e-01
   2.6002276e-01
   2.6019197e-01
   2.6021657e-01
   2.6037715e-01
   2.6044309e-01
   2.6053047e-01
   2.6063388e-01
   2.6083882e-01
   2.6100227e-01
   2.6104881e-01
   2.6121008e-01
   2.6142671e-01
   2.6164104e-01
   2.6181230e-01
   2.6199651e-01
   2.6204257e-01
   2.6221722e-01
   2.6228462e-01
   2.6232366e-01
   2.6251327e-01
   2.6255734e-01
   2.6274269e-01
   2.6283436e-01
   2.6293624e-01
   2.6310287e-01
   2.6316469e-01
   2.6321417e-01
   2.6339533e-01
   2.6345207e-01
   2.6357675e-01
   2.6359722e-01
   2.6379391e-01
   2.6390672e-01
   2.6409432e-01
   2.6414897e-01
   2.6433568e-01
   2.6439539e-01
   2.6449545e-01
   2.6466919e-01
   2.6482324e-01
   2.6496786e-01
   2.6514867e-01
   2.6532323e-01
   2.6535921e-01
   2.6555662e-01
   2.6575634e-01
   2.6593009e-01
   2.6604875e-01
   2.6626792e-01
   2.6645438e-01
   2.6660108e-01
   2.6663128e-01
   2.6668543e-01
   2.6684160e-01
   2.6692817e-01
   2.6710351e-01
   2.6715468e-01
   2.6720290e-01
   2.6732205e-01
   2.6738970e-01
   2.6757573e-01
   2.6762397e-01
   2.6767952e-01
   2.6787735e-01
   2.6806428e-01
   2.6826446e-01
   2.6831117e-01
   2.6850955e-01
   2.6855579e-01
   2.6861887e-01
   2.6876153e-01
   2.6884867e-01
   2.6891705e-01
   2.6909643e-01
   2.6913843e-01
   2.6930403e-01
   2.6944311e-01
   2.6957489e-01
   2.6972947e-01
   2.6977230e-01
   2.6980270e-01
   2.6993007e-01
   2.6996970e-01
   2.7002849e-01
   2.7018128e-01
   2.7034819e-01
   2.7050165e-01
   2.7069141e-01
   2.7077490e-01
   2.7091541e-01
   2.7110829e-01
   2.7130721e-01
   2.7135809e-01
   2.7142296e-01
   2.7147542e-01
   2.7164415e-01
   2.7180581e-01
   2.7199319e-01
   2.7221579e-01
   2.7241313e-01
   2.7247132e-01
   2.7264937e-01
   2.7269710e-01
   2.7282650e-01
   2.7297885e-01
   2.7303716e-01
   2.7308445e-01
   2.7312747e-01
   2.7315228e-01
   2.7320572e-01
   2.7324788e-01
   2.7328973e-01
   2.7334137e-01
   2.7337280e-01
   2.7342432e-01
   2.7364987e-01
   2.7391573e-01
   2.7413519e-01
   2.7431787e-01
   2.7450174e-01
   2.7457694e-01
   2.7466367e-01
   2.7474592e-01
   2.7485102e-01
   2.7491394e-01
   2.7505442e-01
   2.7510701e-01
   2.7527329e-01
   2.7537007e-01
   2.7549424e-01
   2.7555853e-01
   2.7561343e-01
   2.7564431e-01
   2.7577971e-01
   2.7589805e-01
   2.7592463e-01
   2.7597990e-01
   2.7603794e-01
   2.7625547e-01
   2.7634345e-01
   2.7644311e-01
   2.7656066e-01
   2.7662495e-01
   2.7683402e-01
   2.7687333e-01
   2.7705209e-01
   2.7724657e-01
   2.7727839e-01
   2.7746645e-01
   2.7764829e-01
   2.7771967e-01
   2.7776634e-01
   2.7780313e-01
   2.7785163e-01
   2.7802486e-01
   2.7822108e-01
   2.7842277e-01
   2.7851090e-01
   2.7861498e-01
   2.7867639e-01
   2.7875332e-01
   2.7888221e-01
   2.7899319e-01
   2.7918238e-01
   2.7932011e-01
   2.7943954e-01
   2.7966187e-01
   2.7980078e-01
   2.7992338e-01
   2.7996350e-01
   2.8014781e-01
   2.8022390e-01
   2.8033769e-01
   2.8042111e-01
   2.8053458e-01
   2.8065460e-01
   2.8077663e-01
   2.8100513e-01
   2.8119686e-01
   2.8138173e-01
   2.8156628e-01
   2.8175534e-01
   2.8196875e-01
   2.8201715e-01
   2.8220784e-01
   2.8240171e-01
   2.8251521e-01
   2.8261324e-01
   2.8269888e-01
   2.8279030e-01
   2.8284702e-01
   2.8295792e-01
   2.8307361e-01
   2.8311682e-01
   2.8323850e-01
   2.8327988e-01
   2.8349047e-01
   2.8355939e-01
   2.8366906e-01
   2.8374137e-01
   2.8381417e-01
   2.8392392e-01
   2.8404079e-01
   2.8416567e-01
   2.8432159e-01
   2.8436318e-01
   2.8440080e-01
   2.8460277e-01
   2.8472738e-01
   2.8476523e-01
   2.8492987e-01
   2.8499818e-01
   2.8513650e-01
   2.8526042e-01
   2.8537040e-01
   2.8545018e-01
   2.8567677e-01
   2.8571030e-01
   2.8590718e-01
   2.8600528e-01
   2.8612319e-01
   2.8629423e-01
   2.8643685e-01
   2.8660473e-01
   2.8675252e-01
   2.8685519e-01
   2.8700381e-01
   2.8717202e-01
   2.8721292e-01
   2.8736497e-01
   2.8754175e-01
   2.8776117e-01
   2.8778786e-01
   2.8796974e-01
   2.8799598e-01
   2.8820991e-01
   2.8838810e-01
   2.8855918e-01
   2.8860961e-01
   2.8868427e-01
   2.8887684e-01
   2.8893082e-01
   2.8913091e-01
   2.8934059e-01
   2.8953804e-01
   2.8964510e-01
   2.8974435e-01
   2.8979254e-01
   2.8986980e-01
   2.9000722e-01
   2.9003323e-01
   2.9007914e-01
   2.9011293e-01
   2.9015778e-01
   2.9022010e-01
   2.9027024e-01
   2.9032017e-01
   2.9047829e-01
   2.9051967e-01
   2.9068549e-01
   2.9091933e-01
   2.9094644e-01
   2.9104137e-01
   2.9116967e-01
   2.9135081e-01
   2.9143136e-01
   2.9161754e-01
   2.9176770e-01
   2.9187315e-01
   2.9203394e-01
   2.9208088e-01
   2.9211285e-01
   2.9225302e-01
   2.9238637e-01
   2.9243332e-01
   2.9247847e-01
   2.9253677e-01
   2.9267544e-01
   2.9283624e-01
   2.9289834e-01
   2.9293738e-01
   2.9300092e-01
   2.9321167e-01
   2.9343931e-01
   2.9363058e-01
   2.9367656e-01
   2.9382715e-01
   2.9387814e-01
   2.9392873e-01
   2.9397627e-01
   2.9401641e-01
   2.9418286e-01
   2.9427911e-01
   2.9430679e-01
   2.9450947e-01
   2.9455991e-01
   2.9460160e-01
   2.9477611e-01
   2.9495932e-01
   2.9500195e-01
   2.9515842e-01
   2.9523166e-01
   2.9531719e-01
   2.9538111e-01
   2.9543891e-01
   2.9562976e-01
   2.9580050e-01
   2.9594269e-01
   2.9605586e-01
   2.9612158e-01
   2.9633736e-01
   2.9639015e-01
   2.9645144e-01
   2.9661625e-01
   2.9679252e-01
   2.9694715e-01
   2.9712255e-01
   2.9715980e-01
   2.9722473e-01
   2.9726814e-01
   2.9728791e-01
   2.9748364e-01
   2.9755063e-01
   2.9762182e-01
   2.9768931e-01
   2.9774429e-01
   2.9790743e-01
   2.9808035e-01
   2.9824495e-01
   2.9829385e-01
   2.9847035e-01
   2.9853424e-01
   2.9861159e-01
   2.9877398e-01
   2.9892606e-01
   2.9906684e-01
   2.9910944e-01
   2.9922450e-01
   2.9932547e-01
   2.9941741e-01
   2.9954421e-01
   2.9973735e-01
   2.9982380e-01
   2.9988685e-01
   3.0003129e-01
   3.0008315e-01
   3.0026724e-01
   3.0029387e-01
   3.0047364e-01
   3.0052042e-01
   3.0057947e-01
   3.0063305e-01
   3.0081599e-01
   3.0091491e-01
   3.0111610e-01
   3.0121568e-01
   3.0133045e-01
   3.0143022e-01
   3.0153365e-01
   3.0169460e-01
   3.0180904e-01
   3.0188770e-01
   3.0195475e-01
   3.0203488e-01
   3.0208203e-01
   3.0223778e-01
   3.0249732e-01
   3.0262117e-01
   3.0275905e-01
   3.0279798e-01
   3.0285997e-01
   3.0290641e-01
   3.0307610e-01
   3.0321482e-01
   3.0324716e-01
   3.0329961e-01
   3.0334869e-01
   3.0339585e-01
   3.0361011e-01
   3.0368747e-01
   3.0386785e-01
   3.0391451e-01
   3.0406396e-01
   3.0416453e-01
   3.0423461e-01
   3.0441293e-01
   3.0447873e-01
   3.0467809e-01
   3.0487045e-01
   3.0491590e-01
   3.0495535e-01
   3.0498484e-01
   3.0501915e-01
   3.0522921e-01
   3.0544628e-01
   3.0565352e-01
   3.0588745e-01
   3.0591683e-01
   3.0609076e-01
   3.0624492e-01
   3.0627001e-01
   3.0630700e-01
   3.0648210e-01
   3.0664385e-01
   3.0683163e-01
   3.0693152e-01
   3.0702346e-01
   3.0719044e-01
   3.0722558e-01
   3.0738821e-01
   3.0746023e-01
   3.0755083e-01
   3.0771750e-01
   3.0786169e-01
   3.0793882e-01
   3.0802413e-01
   3.0816558e-01
   3.0836506e-01
   3.0857521e-01
   3.0873967e-01
   3.0890751e-01
   3.0894615e-01
   3.0916254e-01
   3.0937575e-01
   3.0953819e-01
   3.0969410e-01
   3.0973080e-01
   3.0977653e-01
   3.0991003e-01
   3.1007235e-01
   3.1012850e-01
   3.1018120e-01
   3.1041642e-01
   3.1064538e-01
   3.1067891e-01
   3.1070770e-01
   3.1092010e-01
   3.1099805e-01
   3.1110116e-01
   3.1126941e-01
   3.1133419e-01
   3.1139288e-01
   3.1150566e-01
   3.1160013e-01
   3.1169244e-01
   3.1174905e-01
   3.1186398e-01
   3.1191658e-01
   3.1198404e-01
   3.1218322e-01
   3.1221960e-01
   3.1226465e-01
   3.1248898e-01
   3.1266699e-01
   3.1284710e-01
   3.1304944e-01
   3.1323900e-01
   3.1342059e-01
   3.1346435e-01
   3.1361219e-01
   3.1377707e-01
   3.1383898e-01
   3.1403384e-01
   3.1414592e-01
   3.1423483e-01
   3.1428371e-01
   3.1446528e-01
   3.1465607e-01
   3.1475918e-01
   3.1483867e-01
   3.1494192e-01
   3.1502397e-01
   3.1520725e-01
   3.1524502e-01
   3.1529572e-01
   3.1532908e-01
   3.1536175e-01
   3.1538337e-01
   3.1558161e-01
   3.1577556e-01
   3.1580592e-01
   3.1585647e-01
   3.1603170e-01
   3.1622945e-01
   3.1627348e-01
   3.1645637e-01
   3.1651898e-01
   3.1669672e-01
   3.1674936e-01
   3.1695170e-01
   3.1716181e-01
   3.1736648e-01
   3.1758617e-01
   3.1763631e-01
   3.1781114e-01
   3.1787978e-01
   3.1793572e-01
   3.1802259e-01
   3.1810800e-01
   3.1815726e-01
   3.1831533e-01
   3.1835791e-01
   3.1857587e-01
   3.1875618e-01
   3.1889663e-01
   3.1907025e-01
   3.1929745e-01
   3.1951843e-01
   3.1966649e-01
   3.1982193e-01
   3.2000744e-01
   3.2021345e-01
   3.2026123e-01
   3.2040319e-01
   3.2056620e-01
   3.2060190e-01
   3.2072044e-01
   3.2082331e-01
   3.2087329e-01
   3.2108533e-01
   3.2118094e-01
   3.2136286e-01
   3.2140993e-01
   3.2145069e-01
   3.2148135e-01
   3.2150606e-01
   3.2154404e-01
   3.2159191e-01
   3.2176591e-01
   3.2193485e-01
   3.2199819e-01
   3.2202376e-01
   3.2207223e-01
   3.2213674e-01
   3.2234791e-01
   3.2246155e-01
   3.2257617e-01
   3.2277332e-01
   3.2294901e-01
   3.2313061e-01
   3.2332428e-01
   3.2339892e-01
   3.2350418e-01
   3.2364933e-01
   3.2377536e-01
   3.2390202e-01
   3.2406083e-01
   3.2424276e-01
   3.2443516e-01
   3.2449406e-01
   3.2455012e-01
   3.2459861e-01
   3.2465359e-01
   3.2487221e-01
   3.2493790e-01
   3.2515689e-01
   3.2519034e-01
   3.2535159e-01
   3.2552646e-01
   3.2556085e-01
   3.2570309e-01
   3.2581425e-01
   3.2600352e-01
   3.2602806e-01
   3.2605345e-01
   3.2624146e-01
   3.2633792e-01
   3.2640579e-01
   3.2647724e-01
   3.2662883e-01
   3.2683470e-01
   3.2706351e-01
   3.2711221e-01
   3.2728381e-01
   3.2739074e-01
   3.2748813e-01
   3.2761809e-01
   3.2782946e-01
   3.2806031e-01
   3.2811828e-01
   3.2814092e-01
   3.2818672e-01
   3.2833840e-01
   3.2852228e-01
   3.2872294e-01
   3.2891578e-01
   3.2897225e-01
   3.2912897e-01
   3.2924631e-01
   3.2944369e-01
   3.2961390e-01
   3.2966840e-01
   3.2983793e-01
   3.2989837e-01
   3.3008947e-01
   3.3025780e-01
   3.3046864e-01
   3.3064330e-01
   3.3078197e-01
   3.3098186e-01
   3.3104926e-01
   3.3111019e-01
   3.3131967e-01
   3.3137223e-01
   3.3145640e-01
   3.3163798e-01
   3.3175903e-01
   3.3185268e-01
   3.3204306e-01
   3.3224402e-01
   3.3234323e-01
   3.3253752e-01
   3.3257527e-01
   3.3262627e-01
   3.3276905e-01
   3.3292152e-01
   3.3298501e-01
   3.3318995e-01
   3.3329397e-01
   3.3342279e-01
   3.3361120e-01
   3.3377073e-01
   3.3395688e-01
   3.3399944e-01
   3.3405391e-01
   3.3412177e-01
   3.3433073e-01
   3.3441985e-01
   3.3450699e-01
   3.3461536e-01
   3.3482479e-01
   3.3484853e-01
   3.3507681e-01
   3.3530216e-01
   3.3549283e-01
   3.3554185e-01
   3.3572356e-01
   3.3575721e-01
   3.3580678e-01
   3.3584085e-01
   3.3587612e-01
   3.3607566e-01
   3.3618390e-01
   3.3637316e-01
   3.3659815e-01
   3.3679773e-01
   3.3684502e-01
   3.3688492e-01
   3.3707969e-01
   3.3728304e-01
   3.3733679e-01
   3.3748164e-01
   3.3759431e-01
   3.3781571e-01
   3.3784122e-01
   3.3802421e-01
   3.3823141e-01
   3.3827819e-01
   3.3849513e-01
   3.3870465e-01
   3.3873326e-01
   3.3889030e-01
   3.3903968e-01
   3.3922034e-01
   3.3943278e-01
   3.3965916e-01
   3.3974213e-01
   3.3983234e-01
   3.3995243e-01
   3.4016208e-01
   3.4038735e-01
   3.4060528e-01
   3.4073877e-01
   3.4086347e-01
   3.4104660e-01
   3.4108627e-01
   3.4127521e-01
   3.4145728e-01
   3.4165655e-01
   3.4171884e-01
   3.4195391e-01
   3.4210796e-01
   3.4216443e-01
   3.4222541e-01
   3.4244314e-01
   3.4263959e-01
   3.4280611e-01
   3.4302538e-01
   3.4315149e-01
   3.4330319e-01
   3.4342520e-01
   3.4345377e-01
   3.4352201e-01
   3.4368138e-01
   3.4382008e-01
   3.4398979e-01
   3.4412581e-01
   3.4422780e-01
   3.4434687e-01
   3.4445573e-01
   3.4461216e-01
   3.4478903e-01
   3.4494446e-01
   3.4499900e-01
   3.4518550e-01
   3.4525179e-01
   3.4542142e-01
   3.4560469e-01
   3.4577256e-01
   3.4593901e-01
   3.4611918e-01
   3.4615610e-01
   3.4617953e-01
   3.4621815e-01
   3.4626859e-01
   3.4631960e-01
   3.4647496e-01
   3.4653573e-01
   3.4673218e-01
   3.4695795e-01
   3.4706439e-01
   3.4725518e-01
   3.4740632e-01
   3.4754724e-01
   3.4769669e-01
   3.4779691e-01
   3.4788242e-01
   3.4802529e-01
   3.4815796e-01
   3.4830474e-01
   3.4850902e-01
   3.4869863e-01
   3.4876600e-01
   3.4881776e-01
   3.4901784e-01
   3.4914620e-01
   3.4931319e-01
   3.4949314e-01
   3.4968317e-01
   3.4974592e-01
   3.4990674e-01
   3.4998236e-01
   3.5007353e-01
   3.5014733e-01
   3.5023546e-01
   3.5036500e-01
   3.5043555e-01
   3.5054529e-01
   3.5063505e-01
   3.5077715e-01
   3.5083450e-01
   3.5101662e-01
   3.5112429e-01
   3.5125224e-01
   3.5141461e-01
   3.5149897e-01
   3.5153424e-01
   3.5173232e-01
   3.5177782e-01
   3.5194701e-01
   3.5200152e-01
   3.5208445e-01
   3.5226531e-01
   3.5230822e-01
   3.5249745e-01
   3.5270831e-01
   3.5288074e-01
   3.5297806e-01
   3.5313309e-01
   3.5316603e-01
   3.5331850e-01
   3.5344659e-01
   3.5362433e-01
   3.5382230e-01
   3.5385679e-01
   3.5388866e-01
   3.5392779e-01
   3.5412766e-01
   3.5430703e-01
   3.5435368e-01
   3.5442151e-01
   3.5460322e-01
   3.5468172e-01
   3.5489640e-01
   3.5507906e-01
   3.5527031e-01
   3.5545234e-01
   3.5554286e-01
   3.5568508e-01
   3.5573612e-01
   3.5592388e-01
   3.5611547e-01
   3.5616524e-01
   3.5633916e-01
   3.5651465e-01
   3.5656305e-01
   3.5675718e-01
   3.5685582e-01
   3.5703769e-01
   3.5721932e-01
   3.5741478e-01
   3.5765847e-01
   3.5778830e-01
   3.5797717e-01
   3.5814740e-01
   3.5824267e-01
   3.5833805e-01
   3.5852803e-01
   3.5858000e-01
   3.5871166e-01
   3.5886217e-01
   3.5891579e-01
   3.5896519e-01
   3.5915149e-01
   3.5933081e-01
   3.5952011e-01
   3.5958890e-01
   3.5978519e-01
   3.5999949e-01
   3.6021964e-01
   3.6024459e-01
   3.6027413e-01
   3.6029559e-01
   3.6050069e-01
   3.6061221e-01
   3.6070768e-01
   3.6078001e-01
   3.6094534e-01
   3.6113677e-01
   3.6130228e-01
   3.6135998e-01
   3.6141653e-01
   3.6157164e-01
   3.6175201e-01
   3.6178859e-01
   3.6196351e-01
   3.6216017e-01
   3.6220008e-01
   3.6221628e-01
   3.6225291e-01
   3.6228572e-01
   3.6235188e-01
   3.6242188e-01
   3.6256517e-01
   3.6267287e-01
   3.6272870e-01
   3.6279019e-01
   3.6295152e-01
   3.6301377e-01
   3.6312470e-01
   3.6332892e-01
   3.6342344e-01
   3.6353385e-01
   3.6364229e-01
   3.6376012e-01
   3.6392110e-01
   3.6409885e-01
   3.6418569e-01
   3.6422524e-01
   3.6432850e-01
   3.6453409e-01
   3.6455973e-01
   3.6472309e-01
   3.6492173e-01
   3.6515221e-01
   3.6524543e-01
   3.6535170e-01
   3.6542446e-01
   3.6555215e-01
   3.6559276e-01
   3.6578680e-01
   3.6586983e-01
   3.6606527e-01
   3.6612551e-01
   3.6616933e-01
   3.6638122e-01
   3.6641229e-01
   3.6662386e-01
   3.6680026e-01
   3.6685666e-01
   3.6707324e-01
   3.6724715e-01
   3.6740740e-01
   3.6744620e-01
   3.6758276e-01
   3.6769030e-01
   3.6778394e-01
   3.6786520e-01
   3.6792153e-01
   3.6811961e-01
   3.6831985e-01
   3.6844542e-01
   3.6854665e-01
   3.6873483e-01
   3.6875141e-01
   3.6893775e-01
   3.6902892e-01
   3.6922833e-01
   3.6927243e-01
   3.6945600e-01
   3.6957995e-01
   3.6967286e-01
   3.6977250e-01
   3.6996777e-01
   3.7011604e-01
   3.7027591e-01
   3.7031670e-01
   3.7036415e-01
   3.7052256e-01
   3.7060903e-01
   3.7074725e-01
   3.7094736e-01
   3.7106876e-01
   3.7123358e-01
   3.7142766e-01
   3.7162792e-01
   3.7164561e-01
   3.7182558e-01
   3.7190535e-01
   3.7201142e-01
   3.7206335e-01
   3.7226289e-01
   3.7242169e-01
   3.7248691e-01
   3.7261244e-01
   3.7272235e-01
   3.7281118e-01
   3.7290915e-01
   3.7296310e-01
   3.7312786e-01
   3.7316621e-01
   3.7320481e-01
   3.7340119e-01
   3.7357535e-01
   3.7375072e-01
   3.7396910e-01
   3.7414277e-01
   3.7431121e-01
   3.7435860e-01
   3.7455970e-01
   3.7476671e-01
   3.7492087e-01
   3.7498953e-01
   3.7513645e-01
   3.7530903e-01
   3.7539243e-01
   3.7542743e-01
   3.7552250e-01
   3.7573919e-01
   3.7578925e-01
   3.7581914e-01
   3.7600858e-01
   3.7609961e-01
   3.7616124e-01
   3.7623402e-01
   3.7642934e-01
   3.7659460e-01
   3.7666282e-01
   3.7676629e-01
   3.7684675e-01
   3.7700741e-01
   3.7718279e-01
   3.7732012e-01
   3.7736782e-01
   3.7751411e-01
   3.7768432e-01
   3.7778843e-01
   3.7797744e-01
   3.7813125e-01
   3.7829776e-01
   3.7831686e-01
   3.7836286e-01
   3.7839572e-01
   3.7844069e-01
   3.7863091e-01
   3.7870851e-01
   3.7887503e-01
   3.7890234e-01
   3.7893706e-01
   3.7896717e-01
   3.7901858e-01
   3.7915865e-01
   3.7928657e-01
   3.7945296e-01
   3.7950722e-01
   3.7967195e-01
   3.7970556e-01
   3.7981735e-01
   3.7989159e-01
   3.7998714e-01
   3.8009802e-01
   3.8014188e-01
   3.8035506e-01
   3.8055771e-01
   3.8075154e-01
   3.8094757e-01
   3.8112663e-01
   3.8118313e-01
   3.8123829e-01
   3.8128918e-01
   3.8152926e-01
   3.8176650e-01
   3.8181887e-01
   3.8183583e-01
   3.8204660e-01
   3.8211952e-01
   3.8222177e-01
   3.8227108e-01
   3.8237290e-01
   3.8242096e-01
   3.8252496e-01
   3.8266317e-01
   3.8268404e-01
   3.8272455e-01
   3.8276260e-01
   3.8280002e-01
   3.8282818e-01
   3.8285023e-01
   3.8299440e-01
   3.8314528e-01
   3.8317866e-01
   3.8338443e-01
   3.8355992e-01
   3.8368728e-01
   3.8374801e-01
   3.8391675e-01
   3.8407741e-01
   3.8418358e-01
   3.8432299e-01
   3.8444234e-01
   3.8460790e-01
   3.8469832e-01
   3.8484698e-01
   3.8499773e-01
   3.8513249e-01
   3.8517957e-01
   3.8536206e-01
   3.8552464e-01
   3.8557437e-01
   3.8572159e-01
   3.8582121e-01
   3.8593652e-01
   3.8613696e-01
   3.8617623e-01
   3.8637648e-01
   3.8644441e-01
   3.8665672e-01
   3.8684033e-01
   3.8703648e-01
   3.8730516e-01
   3.8741737e-01
   3.8754361e-01
   3.8759692e-01
   3.8776577e-01
   3.8784969e-01
   3.8795050e-01
   3.8814040e-01
   3.8835233e-01
   3.8845611e-01
   3.8863725e-01
   3.8867779e-01
   3.8886155e-01
   3.8891282e-01
   3.8899240e-01
   3.8906631e-01
   3.8922347e-01
   3.8926556e-01
   3.8932969e-01
   3.8952380e-01
   3.8975572e-01
   3.8979672e-01
   3.8984140e-01
   3.8996939e-01
   3.9011282e-01
   3.9025074e-01
   3.9035316e-01
   3.9040599e-01
   3.9048327e-01
   3.9057782e-01
   3.9066875e-01
   3.9085455e-01
   3.9104350e-01
   3.9115274e-01
   3.9126229e-01
   3.9148057e-01
   3.9152130e-01
   3.9154641e-01
   3.9157084e-01
   3.9162456e-01
   3.9184833e-01
   3.9200387e-01
   3.9214806e-01
   3.9234861e-01
   3.9240717e-01
   3.9243984e-01
   3.9262777e-01
   3.9281686e-01
   3.9286093e-01
   3.9291799e-01
   3.9313415e-01
   3.9332271e-01
   3.9349534e-01
   3.9369475e-01
   3.9375347e-01
   3.9393862e-01
   3.9413954e-01
   3.9430327e-01
   3.9447334e-01
   3.9450745e-01
   3.9462491e-01
   3.9470242e-01
   3.9481439e-01
   3.9491498e-01
   3.9504439e-01
   3.9523140e-01
   3.9527301e-01
   3.9532724e-01
   3.9546991e-01
   3.9561380e-01
   3.9563787e-01
   3.9581736e-01
   3.9599472e-01
   3.9604414e-01
   3.9617942e-01
   3.9633208e-01
   3.9637886e-01
   3.9639334e-01
   3.9658358e-01
   3.9671931e-01
   3.9688442e-01
   3.9692627e-01
   3.9711957e-01
   3.9726768e-01
   3.9741102e-01
   3.9761673e-01
   3.9767780e-01
   3.9784912e-01
   3.9803471e-01
   3.9806685e-01
   3.9823136e-01
   3.9826659e-01
   3.9833400e-01
   3.9852457e-01
   3.9856133e-01
   3.9883311e-01
   3.9908597e-01
   3.9925207e-01
   3.9932157e-01
   3.9947379e-01
   3.9966041e-01
   3.9973738e-01
   3.9982663e-01
   3.9991023e-01
   4.0010016e-01
   4.0012253e-01
   4.0014265e-01
   4.0020861e-01
   4.0041225e-01
   4.0050962e-01
   4.0069064e-01
   4.0088710e-01
   4.0098649e-01
   4.0116021e-01
   4.0120015e-01
   4.0124881e-01
   4.0144877e-01
   4.0154601e-01
   4.0161949e-01
   4.0164809e-01
   4.0181086e-01
   4.0186147e-01
   4.0205605e-01
   4.0223505e-01
   4.0228026e-01
   4.0232082e-01
   4.0249477e-01
   4.0261715e-01
   4.0278002e-01
   4.0280989e-01
   4.0282398e-01
   4.0285537e-01
   4.0290730e-01
   4.0294433e-01
   4.0299832e-01
   4.0319141e-01
   4.0339508e-01
   4.0346543e-01
   4.0362129e-01
   4.0369563e-01
   4.0387148e-01
   4.0391269e-01
   4.0395023e-01
   4.0409603e-01
   4.0414154e-01
   4.0423764e-01
   4.0445085e-01
   4.0455893e-01
   4.0463409e-01
   4.0467893e-01
   4.0488344e-01
   4.0511151e-01
   4.0532575e-01
   4.0535956e-01
   4.0538555e-01
   4.0558276e-01
   4.0566646e-01
   4.0587220e-01
   4.0610887e-01
   4.0631933e-01
   4.0637228e-01
   4.0640622e-01
   4.0659173e-01
   4.0666542e-01
   4.0673161e-01
   4.0691806e-01
   4.0711175e-01
   4.0717293e-01
   4.0733960e-01
   4.0756385e-01
   4.0766287e-01
   4.0785858e-01
   4.0790387e-01
   4.0805369e-01
   4.0814581e-01
   4.0827967e-01
   4.0840150e-01
   4.0846800e-01
   4.0864659e-01
   4.0867998e-01
   4.0887248e-01
   4.0907301e-01
   4.0912316e-01
   4.0918492e-01
   4.0935394e-01
   4.0943404e-01
   4.0965544e-01
   4.0969982e-01
   4.0971795e-01
   4.0994585e-01
   4.1014231e-01
   4.1034646e-01
   4.1042810e-01
   4.1051473e-01
   4.1060898e-01
   4.1068351e-01
   4.1075699e-01
   4.1082305e-01
   4.1096600e-01
   4.1099543e-01
   4.1114753e-01
   4.1128959e-01
   4.1150654e-01
   4.1172241e-01
   4.1191419e-01
   4.1210451e-01
   4.1228496e-01
   4.1239269e-01
   4.1258889e-01
   4.1273974e-01
   4.1281615e-01
   4.1295887e-01
   4.1301006e-01
   4.1307180e-01
   4.1312284e-01
   4.1317422e-01
   4.1335041e-01
   4.1353968e-01
   4.1357825e-01
   4.1379477e-01
   4.1387633e-01
   4.1392759e-01
   4.1412865e-01
   4.1417659e-01
   4.1421927e-01
   4.1426700e-01
   4.1430345e-01
   4.1444788e-01
   4.1453783e-01
   4.1465037e-01
   4.1485329e-01
   4.1490557e-01
   4.1493511e-01
   4.1498910e-01
   4.1517111e-01
   4.1534952e-01
   4.1539405e-01
   4.1557939e-01
   4.1574824e-01
   4.1590904e-01
   4.1595899e-01
   4.1610692e-01
   4.1614136e-01
   4.1619461e-01
   4.1642585e-01
   4.1651931e-01
   4.1666149e-01
   4.1678278e-01
   4.1685419e-01
   4.1707874e-01
   4.1710055e-01
   4.1714356e-01
   4.1732176e-01
   4.1739165e-01
   4.1745819e-01
   4.1758637e-01
   4.1782334e-01
   4.1787920e-01
   4.1804543e-01
   4.1814935e-01
   4.1832997e-01
   4.1836195e-01
   4.1859300e-01
   4.1870506e-01
   4.1876405e-01
   4.1882921e-01
   4.1890608e-01
   4.1894549e-01
   4.1914997e-01
   4.1934665e-01
   4.1948398e-01
   4.1959485e-01
   4.1975287e-01
   4.1979848e-01
   4.1997576e-01
   4.2005539e-01
   4.2012238e-01
   4.2020477e-01
   4.2026057e-01
   4.2037944e-01
   4.2055140e-01
   4.2075044e-01
   4.2093087e-01
   4.2110910e-01
   4.2122448e-01
   4.2142649e-01
   4.2145494e-01
   4.2149347e-01
   4.2153272e-01
   4.2171633e-01
   4.2188783e-01
   4.2193866e-01
   4.2212968e-01
   4.2234730e-01
   4.2237167e-01
   4.2260698e-01
   4.2282218e-01
   4.2303017e-01
   4.2312568e-01
   4.2319574e-01
   4.2328788e-01
   4.2334503e-01
   4.2343716e-01
   4.2356344e-01
   4.2368445e-01
   4.2387799e-01
   4.2411075e-01
   4.2416739e-01
   4.2432867e-01
   4.2435625e-01
   4.2439389e-01
   4.2457157e-01
   4.2463206e-01
   4.2479425e-01
   4.2495963e-01
   4.2516344e-01
   4.2537535e-01
   4.2557514e-01
   4.2561009e-01
   4.2566203e-01
   4.2572651e-01
   4.2584758e-01
   4.2593614e-01
   4.2598181e-01
   4.2617864e-01
   4.2621223e-01
   4.2640022e-01
   4.2658475e-01
   4.2662877e-01
   4.2666699e-01
   4.2671380e-01
   4.2674220e-01
   4.2676778e-01
   4.2694405e-01
   4.2716028e-01
   4.2720893e-01
   4.2735177e-01
   4.2749741e-01
   4.2769976e-01
   4.2793092e-01
   4.2808413e-01
   4.2819746e-01
   4.2822469e-01
   4.2841405e-01
   4.2848348e-01
   4.2864331e-01
   4.2867484e-01
   4.2871521e-01
   4.2892178e-01
   4.2903037e-01
   4.2909088e-01
   4.2926325e-01
   4.2929663e-01
   4.2944238e-01
   4.2959159e-01
   4.2976087e-01
   4.2984500e-01
   4.3001384e-01
   4.3007041e-01
   4.3026938e-01
   4.3034111e-01
   4.3042541e-01
   4.3061200e-01
   4.3065802e-01
   4.3068922e-01
   4.3074885e-01
   4.3078788e-01
   4.3085426e-01
   4.3088961e-01
   4.3092646e-01
   4.3108482e-01
   4.3115856e-01
   4.3134575e-01
   4.3148222e-01
   4.3161036e-01
   4.3176375e-01
   4.3195954e-01
   4.3216022e-01
   4.3228298e-01
   4.3240130e-01
   4.3256373e-01
   4.3274431e-01
   4.3284255e-01
   4.3301698e-01
   4.3305739e-01
   4.3326991e-01
   4.3347657e-01
   4.3352334e-01
   4.3356546e-01
   4.3371612e-01
   4.3380892e-01
   4.3387751e-01
   4.3396611e-01
   4.3404891e-01
   4.3422815e-01
   4.3440557e-01
   4.3458287e-01
   4.3465005e-01
   4.3468972e-01
   4.3491671e-01
   4.3506338e-01
   4.3514464e-01
   4.3531407e-01
   4.3536892e-01
   4.3541409e-01
   4.3545070e-01
   4.3549584e-01
   4.3565797e-01
   4.3584292e-01
   4.3588727e-01
   4.3607711e-01
   4.3622830e-01
   4.3627662e-01
   4.3635169e-01
   4.3638265e-01
   4.3640440e-01
   4.3655672e-01
   4.3665129e-01
   4.3685894e-01
   4.3689688e-01
   4.3701243e-01
   4.3716267e-01
   4.3737160e-01
   4.3755926e-01
   4.3758714e-01
   4.3762957e-01
   4.3775850e-01
   4.3790926e-01
   4.3795579e-01
   4.3797340e-01
   4.3819596e-01
   4.3843160e-01
   4.3864488e-01
   4.3884305e-01
   4.3887574e-01
   4.3903629e-01
   4.3918414e-01
   4.3922353e-01
   4.3934950e-01
   4.3946989e-01
   4.3957814e-01
   4.3963358e-01
   4.3972886e-01
   4.3990268e-01
   4.4008871e-01
   4.4014284e-01
   4.4019325e-01
   4.4038013e-01
   4.4058983e-01
   4.4077290e-01
   4.4099931e-01
   4.4110585e-01
   4.4126191e-01
   4.4130584e-01
   4.4134959e-01
   4.4148291e-01
   4.4164231e-01
   4.4170350e-01
   4.4174574e-01
   4.4181016e-01
   4.4200218e-01
   4.4205398e-01
   4.4223902e-01
   4.4228745e-01
   4.4233523e-01
   4.4238144e-01
   4.4252240e-01
   4.4257157e-01
   4.4270133e-01
   4.4277308e-01
   4.4285006e-01
   4.4300870e-01
   4.4322951e-01
   4.4328649e-01
   4.4335424e-01
   4.4356383e-01
   4.4360309e-01
   4.4381124e-01
   4.4387561e-01
   4.4393956e-01
   4.4399405e-01
   4.4409044e-01
   4.4419230e-01
   4.4424920e-01
   4.4448069e-01
   4.4462181e-01
   4.4469551e-01
   4.4489493e-01
   4.4494864e-01
   4.4499972e-01
   4.4504508e-01
   4.4524824e-01
   4.4531813e-01
   4.4551143e-01
   4.4555094e-01
   4.4575179e-01
   4.4593716e-01
   4.4598112e-01
   4.4603980e-01
   4.4608684e-01
   4.4630735e-01
   4.4651331e-01
   4.4653826e-01
   4.4672166e-01
   4.4690234e-01
   4.4695848e-01
   4.4699724e-01
   4.4701562e-01
   4.4718764e-01
   4.4727906e-01
   4.4742348e-01
   4.4747380e-01
   4.4752932e-01
   4.4756321e-01
   4.4759030e-01
   4.4774446e-01
   4.4785711e-01
   4.4794514e-01
   4.4802606e-01
   4.4813594e-01
   4.4828196e-01
   4.4835865e-01
   4.4858637e-01
   4.4871708e-01
   4.4882382e-01
   4.4897490e-01
   4.4914733e-01
   4.4926227e-01
   4.4935415e-01
   4.4954786e-01
   4.4975065e-01
   4.4996995e-01
   4.5001938e-01
   4.5023070e-01
   4.5028831e-01
   4.5039809e-01
   4.5058034e-01
   4.5072109e-01
   4.5082414e-01
   4.5101331e-01
   4.5117140e-01
   4.5130433e-01
   4.5133180e-01
   4.5139013e-01
   4.5154348e-01
   4.5171103e-01
   4.5176739e-01
   4.5183476e-01
   4.5189156e-01
   4.5208814e-01
   4.5216183e-01
   4.5237247e-01
   4.5260236e-01
   4.5283934e-01
   4.5300065e-01
   4.5308792e-01
   4.5314334e-01
   4.5325037e-01
   4.5337817e-01
   4.5355248e-01
   4.5359304e-01
   4.5380494e-01
   4.5382670e-01
   4.5387653e-01
   4.5402814e-01
   4.5414650e-01
   4.5425342e-01
   4.5432649e-01
   4.5443108e-01
   4.5454404e-01
   4.5471749e-01
   4.5476172e-01
   4.5480425e-01
   4.5501926e-01
   4.5522234e-01
   4.5527735e-01
   4.5549439e-01
   4.5556637e-01
   4.5566883e-01
   4.5587292e-01
   4.5600219e-01
   4.5613972e-01
   4.5616232e-01
   4.5619676e-01
   4.5640950e-01
   4.5661417e-01
   4.5665126e-01
   4.5670107e-01
   4.5688725e-01
   4.5710981e-01
   4.5716734e-01
   4.5721964e-01
   4.5726608e-01
   4.5749032e-01
   4.5768925e-01
   4.5772398e-01
   4.5775787e-01
   4.5793383e-01
   4.5801070e-01
   4.5814649e-01
   4.5831146e-01
   4.5837429e-01
   4.5848732e-01
   4.5859864e-01
   4.5880876e-01
   4.5886796e-01
   4.5894137e-01
   4.5912061e-01
   4.5920230e-01
   4.5928763e-01
   4.5943923e-01
   4.5964502e-01
   4.5978747e-01
   4.5989377e-01
   4.6007241e-01
   4.6026053e-01
   4.6045023e-01
   4.6047669e-01
   4.6052357e-01
   4.6068860e-01
   4.6079434e-01
   4.6097367e-01
   4.6102870e-01
   4.6107599e-01
   4.6126737e-01
   4.6132605e-01
   4.6142875e-01
   4.6155168e-01
   4.6159777e-01
   4.6162810e-01
   4.6187166e-01
   4.6197683e-01
   4.6206870e-01
   4.6228575e-01
   4.6233750e-01
   4.6236970e-01
   4.6251779e-01
   4.6267635e-01
   4.6287777e-01
   4.6298011e-01
   4.6317270e-01
   4.6321984e-01
   4.6338866e-01
   4.6353419e-01
   4.6370358e-01
   4.6385388e-01
   4.6398329e-01
   4.6407535e-01
   4.6421350e-01
   4.6437170e-01
   4.6451707e-01
   4.6455936e-01
   4.6460618e-01
   4.6475594e-01
   4.6489886e-01
   4.6509990e-01
   4.6514985e-01
   4.6534543e-01
   4.6554006e-01
   4.6557102e-01
   4.6561389e-01
   4.6565972e-01
   4.6570974e-01
   4.6592886e-01
   4.6598280e-01
   4.6606186e-01
   4.6621687e-01
   4.6643901e-01
   4.6650894e-01
   4.6670529e-01
   4.6688824e-01
   4.6708693e-01
   4.6718091e-01
   4.6729845e-01
   4.6750253e-01
   4.6752816e-01
   4.6774624e-01
   4.6783695e-01
   4.6801689e-01
   4.6815684e-01
   4.6826967e-01
   4.6829504e-01
   4.6842725e-01
   4.6864931e-01
   4.6870230e-01
   4.6872906e-01
   4.6876488e-01
   4.6890802e-01
   4.6897252e-01
   4.6908725e-01
   4.6927404e-01
   4.6948598e-01
   4.6969752e-01
   4.6985973e-01
   4.6994274e-01
   4.7010026e-01
   4.7013812e-01
   4.7029730e-01
   4.7045441e-01
   4.7051877e-01
   4.7056584e-01
   4.7061550e-01
   4.7081079e-01
   4.7090690e-01
   4.7112531e-01
   4.7136773e-01
   4.7160208e-01
   4.7161962e-01
   4.7164460e-01
   4.7183516e-01
   4.7194141e-01
   4.7214744e-01
   4.7218210e-01
   4.7230390e-01
   4.7233844e-01
   4.7239670e-01
   4.7253448e-01
   4.7275961e-01
   4.7297376e-01
   4.7307521e-01
   4.7316650e-01
   4.7325711e-01
   4.7332422e-01
   4.7339913e-01
   4.7347486e-01
   4.7363943e-01
   4.7370076e-01
   4.7376711e-01
   4.7382552e-01
   4.7384846e-01
   4.7408935e-01
   4.7418326e-01
   4.7426089e-01
   4.7448628e-01
   4.7451551e-01
   4.7453163e-01
   4.7460846e-01
   4.7471095e-01
   4.7477829e-01
   4.7491021e-01
   4.7509587e-01
   4.7518731e-01
   4.7527387e-01
   4.7546556e-01
   4.7561493e-01
   4.7569576e-01
   4.7581641e-01
   4.7593934e-01
   4.7603956e-01
   4.7622862e-01
   4.7626331e-01
   4.7631742e-01
   4.7635571e-01
   4.7640113e-01
   4.7657774e-01
   4.7665043e-01
   4.7667432e-01
   4.7675318e-01
   4.7685913e-01
   4.7694681e-01
   4.7714754e-01
   4.7718030e-01
   4.7737364e-01
   4.7742277e-01
   4.7760828e-01
   4.7773527e-01
   4.7786901e-01
   4.7804136e-01
   4.7815445e-01
   4.7824549e-01
   4.7834334e-01
   4.7845762e-01
   4.7858098e-01
   4.7879720e-01
   4.7896215e-01
   4.7911040e-01
   4.7928027e-01
   4.7939839e-01
   4.7963224e-01
   4.7982357e-01
   4.7994075e-01
   4.8002489e-01
   4.8019489e-01
   4.8037441e-01
   4.8056420e-01
   4.8075759e-01
   4.8083232e-01
   4.8092776e-01
   4.8099540e-01
   4.8113523e-01
   4.8132356e-01
   4.8151781e-01
   4.8171117e-01
   4.8190539e-01
   4.8209763e-01
   4.8221219e-01
   4.8227872e-01
   4.8243738e-01
   4.8265839e-01
   4.8288467e-01
   4.8292666e-01
   4.8309471e-01
   4.8315943e-01
   4.8325296e-01
   4.8342667e-01
   4.8359365e-01
   4.8373497e-01
   4.8385201e-01
   4.8394308e-01
   4.8401659e-01
   4.8411950e-01
   4.8431260e-01
   4.8434597e-01
   4.8452232e-01
   4.8456332e-01
   4.8474491e-01
   4.8490553e-01
   4.8508522e-01
   4.8513096e-01
   4.8516318e-01
   4.8537229e-01
   4.8558489e-01
   4.8562240e-01
   4.8579131e-01
   4.8600849e-01
   4.8604500e-01
   4.8621867e-01
   4.8630260e-01
   4.8650361e-01
   4.8657230e-01
   4.8677900e-01
   4.8698934e-01
   4.8702342e-01
   4.8723493e-01
   4.8733267e-01
   4.8744351e-01
   4.8762079e-01
   4.8782943e-01
   4.8789305e-01
   4.8800517e-01
   4.8819892e-01
   4.8822990e-01
   4.8839168e-01
   4.8856470e-01
   4.8875084e-01
   4.8894414e-01
   4.8897093e-01
   4.8906171e-01
   4.8915376e-01
   4.8932931e-01
   4.8948169e-01
   4.8957172e-01
   4.8963428e-01
   4.8979457e-01
   4.8990725e-01
   4.8998480e-01
   4.9008698e-01
   4.9020621e-01
   4.9034809e-01
   4.9057301e-01
   4.9069552e-01
   4.9082847e-01
   4.9103335e-01
   4.9111685e-01
   4.9120672e-01
   4.9137403e-01
   4.9153804e-01
   4.9168695e-01
   4.9173902e-01
   4.9189760e-01
   4.9206780e-01
   4.9213195e-01
   4.9233603e-01
   4.9251178e-01
   4.9257661e-01
   4.9262472e-01
   4.9279664e-01
   4.9295911e-01
   4.9315555e-01
   4.9323294e-01
   4.9331744e-01
   4.9338613e-01
   4.9357990e-01
   4.9374969e-01
   4.9392400e-01
   4.9397339e-01
   4.9401278e-01
   4.9403527e-01
   4.9425262e-01
   4.9436167e-01
   4.9455750e-01
   4.9476869e-01
   4.9482424e-01
   4.9497707e-01
   4.9502254e-01
   4.9521032e-01
   4.9539741e-01
   4.9543514e-01
   4.9563427e-01
   4.9578616e-01
   4.9589272e-01
   4.9601224e-01
   4.9611966e-01
   4.9622728e-01
   4.9627258e-01
   4.9647931e-01
   4.9660779e-01
   4.9680157e-01
   4.9681819e-01
   4.9702806e-01
   4.9721619e-01
   4.9743304e-01
   4.9765915e-01
   4.9783824e-01
   4.9801776e-01
   4.9821888e-01
   4.9841806e-01
   4.9845738e-01
   4.9849467e-01
   4.9854168e-01
   4.9865777e-01
   4.9879935e-01
   4.9886256e-01
   4.9903176e-01
   4.9922230e-01
   4.9934492e-01
   4.9942286e-01
   4.9951885e-01
   4.9971828e-01
   4.9982216e-01
   4.9993282e-01
   5.0013653e-01
   5.0020087e-01
   5.0025827e-01
   5.0045686e-01
   5.0064207e-01
   5.0066787e-01
   5.0070315e-01
   5.0090364e-01
   5.0098291e-01
   5.0110850e-01
   5.0113946e-01
   5.0126311e-01
   5.0134289e-01
   5.0144877e-01
   5.0152161e-01
   5.0172806e-01
   5.0185310e-01
   5.0200517e-01
   5.0218414e-01
   5.0228982e-01
   5.0239295e-01
   5.0260394e-01
   5.0266336e-01
   5.0271222e-01
   5.0273989e-01
   5.0278866e-01
   5.0295763e-01
   5.0311966e-01
   5.0314350e-01
   5.0328417e-01
   5.0344211e-01
   5.0347525e-01
   5.0351681e-01
   5.0354777e-01
   5.0370928e-01
   5.0388445e-01
   5.0401523e-01
   5.0412046e-01
   5.0419618e-01
   5.0429341e-01
   5.0452230e-01
   5.0456914e-01
   5.0476025e-01
   5.0494937e-01
   5.0498143e-01
   5.0508681e-01
   5.0519762e-01
   5.0539706e-01
   5.0541264e-01
   5.0545530e-01
   5.0561657e-01
   5.0568717e-01
   5.0588847e-01
   5.0593931e-01
   5.0599588e-01
   5.0605788e-01
   5.0610406e-01
   5.0625102e-01
   5.0631155e-01
   5.0651395e-01
   5.0673129e-01
   5.0693769e-01
   5.0699619e-01
   5.0714224e-01
   5.0732220e-01
   5.0756005e-01
   5.0777296e-01
   5.0794419e-01
   5.0812201e-01
   5.0815413e-01
   5.0836195e-01
   5.0856230e-01
   5.0875518e-01
   5.0895000e-01
   5.0913731e-01
   5.0930630e-01
   5.0947625e-01
   5.0954596e-01
   5.0962382e-01
   5.0970786e-01
   5.0990225e-01
   5.1007963e-01
   5.1017215e-01
   5.1026397e-01
   5.1031459e-01
   5.1043197e-01
   5.1049656e-01
   5.1054030e-01
   5.1057142e-01
   5.1074155e-01
   5.1091321e-01
   5.1096126e-01
   5.1098889e-01
   5.1104552e-01
   5.1125113e-01
   5.1145651e-01
   5.1149225e-01
   5.1165521e-01
   5.1175759e-01
   5.1197907e-01
   5.1201804e-01
   5.1207752e-01
   5.1213746e-01
   5.1219700e-01
   5.1244966e-01
   5.1253263e-01
   5.1261532e-01
   5.1278709e-01
   5.1282317e-01
   5.1285812e-01
   5.1287794e-01
   5.1291051e-01
   5.1310035e-01
   5.1329364e-01
   5.1332698e-01
   5.1338193e-01
   5.1351778e-01
   5.1363796e-01
   5.1379538e-01
   5.1390040e-01
   5.1407962e-01
   5.1412329e-01
   5.1427514e-01
   5.1442150e-01
   5.1446408e-01
   5.1451191e-01
   5.1456765e-01
   5.1473433e-01
   5.1490616e-01
   5.1505494e-01
   5.1521350e-01
   5.1542190e-01
   5.1550289e-01
   5.1561286e-01
   5.1578479e-01
   5.1581998e-01
   5.1599864e-01
   5.1616475e-01
   5.1619398e-01
   5.1636130e-01
   5.1641186e-01
   5.1659169e-01
   5.1680048e-01
   5.1702349e-01
   5.1722018e-01
   5.1727968e-01
   5.1744216e-01
   5.1747767e-01
   5.1769208e-01
   5.1794408e-01
   5.1815841e-01
   5.1832992e-01
   5.1836770e-01
   5.1839872e-01
   5.1855734e-01
   5.1860646e-01
   5.1869729e-01
   5.1888312e-01
   5.1900476e-01
   5.1912462e-01
   5.1917207e-01
   5.1935498e-01
   5.1950553e-01
   5.1953256e-01
   5.1957283e-01
   5.1974128e-01
   5.1985374e-01
   5.2001116e-01
   5.2023146e-01
   5.2027982e-01
   5.2036039e-01
   5.2060005e-01
   5.2064199e-01
   5.2066215e-01
   5.2087358e-01
   5.2099705e-01
   5.2108113e-01
   5.2125017e-01
   5.2147718e-01
   5.2172475e-01
   5.2190490e-01
   5.2198930e-01
   5.2210886e-01
   5.2230544e-01
   5.2243979e-01
   5.2251153e-01
   5.2262811e-01
   5.2278748e-01
   5.2281919e-01
   5.2286027e-01
   5.2290833e-01
   5.2298789e-01
   5.2311988e-01
   5.2315756e-01
   5.2320754e-01
   5.2323961e-01
   5.2341555e-01
   5.2351988e-01
   5.2363142e-01
   5.2375054e-01
   5.2388389e-01
   5.2393073e-01
   5.2402036e-01
   5.2422631e-01
   5.2424956e-01
   5.2440104e-01
   5.2445619e-01
   5.2454639e-01
   5.2472196e-01
   5.2476569e-01
   5.2496253e-01
   5.2504944e-01
   5.2522359e-01
   5.2540278e-01
   5.2559887e-01
   5.2579317e-01
   5.2586204e-01
   5.2600599e-01
   5.2618021e-01
   5.2630768e-01
   5.2638379e-01
   5.2656564e-01
   5.2661509e-01
   5.2678211e-01
   5.2688538e-01
   5.2699187e-01
   5.2703316e-01
   5.2715400e-01
   5.2734096e-01
   5.2738201e-01
   5.2743220e-01
   5.2764052e-01
   5.2781343e-01
   5.2800008e-01
   5.2821004e-01
   5.2836966e-01
   5.2845898e-01
   5.2863329e-01
   5.2866757e-01
   5.2872822e-01
   5.2878408e-01
   5.2881492e-01
   5.2891139e-01
   5.2901228e-01
   5.2910231e-01
   5.2925801e-01
   5.2941098e-01
   5.2948605e-01
   5.2956875e-01
   5.2974451e-01
   5.2994402e-01
   5.3012318e-01
   5.3033491e-01
   5.3056322e-01
   5.3070588e-01
   5.3079158e-01
   5.3100911e-01
   5.3102667e-01
   5.3107220e-01
   5.3122083e-01
   5.3129504e-01
   5.3134808e-01
   5.3142494e-01
   5.3153589e-01
   5.3163450e-01
   5.3184038e-01
   5.3188870e-01
   5.3195169e-01
   5.3199517e-01
   5.3222283e-01
   5.3243908e-01
   5.3262206e-01
   5.3270833e-01
   5.3278874e-01
   5.3285112e-01
   5.3302555e-01
   5.3308804e-01
   5.3319887e-01
   5.3330596e-01
   5.3335243e-01
   5.3350202e-01
   5.3363053e-01
   5.3368013e-01
   5.3374666e-01
   5.3389942e-01
   5.3403487e-01
   5.3409409e-01
   5.3428071e-01
   5.3439926e-01
   5.3453838e-01
   5.3472527e-01
   5.3491125e-01
   5.3509658e-01
   5.3531738e-01
   5.3541259e-01
   5.3557557e-01
   5.3580356e-01
   5.3594112e-01
   5.3603485e-01
   5.3625071e-01
   5.3628959e-01
   5.3646151e-01
   5.3664724e-01
   5.3669166e-01
   5.3673394e-01
   5.3692756e-01
   5.3710163e-01
   5.3723892e-01
   5.3732523e-01
   5.3749536e-01
   5.3751616e-01
   5.3755637e-01
   5.3759559e-01
   5.3777489e-01
   5.3795964e-01
   5.3800843e-01
   5.3821462e-01
   5.3840399e-01
   5.3861919e-01
   5.3867449e-01
   5.3891356e-01
   5.3914770e-01
   5.3923406e-01
   5.3943150e-01
   5.3963156e-01
   5.3968839e-01
   5.3980021e-01
   5.3987349e-01
   5.3997512e-01
   5.4012793e-01
   5.4031243e-01
   5.4033480e-01
   5.4035529e-01
   5.4039806e-01
   5.4042674e-01
   5.4047010e-01
   5.4052004e-01
   5.4057112e-01
   5.4080652e-01
   5.4101936e-01
   5.4108699e-01
   5.4114045e-01
   5.4118251e-01
   5.4136220e-01
   5.4152588e-01
   5.4154972e-01
   5.4159022e-01
   5.4172390e-01
   5.4188144e-01
   5.4192668e-01
   5.4198208e-01
   5.4205666e-01
   5.4210043e-01
   5.4228478e-01
   5.4250756e-01
   5.4269983e-01
   5.4280589e-01
   5.4289756e-01
   5.4298875e-01
   5.4306306e-01
   5.4323625e-01
   5.4342279e-01
   5.4359522e-01
   5.4374606e-01
   5.4383608e-01
   5.4396122e-01
   5.4414551e-01
   5.4416979e-01
   5.4418851e-01
   5.4432182e-01
   5.4442600e-01
   5.4455558e-01
   5.4466119e-01
   5.4486349e-01
   5.4489516e-01
   5.4513182e-01
   5.4525846e-01
   5.4535620e-01
   5.4543978e-01
   5.4563838e-01
   5.4566550e-01
   5.4587327e-01
   5.4607237e-01
   5.4610130e-01
   5.4614191e-01
   5.4630388e-01
   5.4636953e-01
   5.4652625e-01
   5.4674623e-01
   5.4696874e-01
   5.4702737e-01
   5.4718511e-01
   5.4724280e-01
   5.4734778e-01
   5.4745229e-01
   5.4756325e-01
   5.4764697e-01
   5.4768217e-01
   5.4776703e-01
   5.4787106e-01
   5.4807535e-01
   5.4820336e-01
   5.4833284e-01
   5.4840195e-01
   5.4867786e-01
   5.4887809e-01
   5.4900621e-01
   5.4915103e-01
   5.4937407e-01
   5.4956543e-01
   5.4972238e-01
   5.4992520e-01
   5.5014298e-01
   5.5019756e-01
   5.5041917e-01
   5.5065811e-01
   5.5081528e-01
   5.5090824e-01
   5.5098574e-01
   5.5114631e-01
   5.5117558e-01
   5.5139090e-01
   5.5145397e-01
   5.5167696e-01
   5.5182509e-01
   5.5196312e-01
   5.5199753e-01
   5.5206531e-01
   5.5224425e-01
   5.5231183e-01
   5.5239840e-01
   5.5261175e-01
   5.5280585e-01
   5.5298641e-01
   5.5315889e-01
   5.5322477e-01
   5.5327805e-01
   5.5339351e-01
   5.5349054e-01
   5.5366629e-01
   5.5385972e-01
   5.5406720e-01
   5.5410321e-01
   5.5414512e-01
   5.5416606e-01
   5.5420904e-01
   5.5428328e-01
   5.5433595e-01
   5.5437622e-01
   5.5455463e-01
   5.5476438e-01
   5.5481672e-01
   5.5484426e-01
   5.5489787e-01
   5.5514480e-01
   5.5538465e-01
   5.5554949e-01
   5.5573243e-01
   5.5587991e-01
   5.5599985e-01
   5.5623128e-01
   5.5634247e-01
   5.5650432e-01
   5.5654928e-01
   5.5674613e-01
   5.5692778e-01
   5.5709521e-01
   5.5714696e-01
   5.5733013e-01
   5.5755460e-01
   5.5766871e-01
   5.5785879e-01
   5.5802626e-01
   5.5817073e-01
   5.5820284e-01
   5.5824232e-01
   5.5825649e-01
   5.5849669e-01
   5.5874160e-01
   5.5891702e-01
   5.5907090e-01
   5.5922207e-01
   5.5933915e-01
   5.5952066e-01
   5.5973827e-01
   5.5985398e-01
   5.6002177e-01
   5.6006533e-01
   5.6011286e-01
   5.6025116e-01
   5.6039820e-01
   5.6042823e-01
   5.6060982e-01
   5.6076034e-01
   5.6088709e-01
   5.6104849e-01
   5.6128507e-01
   5.6135715e-01
   5.6142424e-01
   5.6162985e-01
   5.6166386e-01
   5.6185825e-01
   5.6204789e-01
   5.6223344e-01
   5.6228766e-01
   5.6241728e-01
   5.6261106e-01
   5.6264059e-01
   5.6280088e-01
   5.6289685e-01
   5.6300173e-01
   5.6317337e-01
   5.6322975e-01
   5.6328195e-01
   5.6343430e-01
   5.6357359e-01
   5.6378893e-01
   5.6401751e-01
   5.6420158e-01
   5.6428983e-01
   5.6446636e-01
   5.6470659e-01
   5.6481529e-01
   5.6499224e-01
   5.6503961e-01
   5.6508122e-01
   5.6520657e-01
   5.6529422e-01
   5.6546984e-01
   5.6563932e-01
   5.6570255e-01
   5.6577312e-01
   5.6588017e-01
   5.6594397e-01
   5.6601139e-01
   5.6620559e-01
   5.6641388e-01
   5.6647598e-01
   5.6669533e-01
   5.6673397e-01
   5.6676798e-01
   5.6679349e-01
   5.6693421e-01
   5.6700488e-01
   5.6705414e-01
   5.6728768e-01
   5.6746071e-01
   5.6756651e-01
   5.6775008e-01
   5.6785662e-01
   5.6798683e-01
   5.6812056e-01
   5.6823248e-01
   5.6827383e-01
   5.6843261e-01
   5.6856817e-01
   5.6860662e-01
   5.6865551e-01
   5.6879212e-01
   5.6894313e-01
   5.6913659e-01
   5.6922923e-01
   5.6936671e-01
   5.6954776e-01
   5.6967201e-01
   5.6974022e-01
   5.6991810e-01
   5.7009958e-01
   5.7028106e-01
   5.7052738e-01
   5.7081985e-01
   5.7090027e-01
   5.7096298e-01
   5.7112877e-01
   5.7125229e-01
   5.7136037e-01
   5.7144546e-01
   5.7164774e-01
   5.7185655e-01
   5.7204933e-01
   5.7209513e-01
   5.7215675e-01
   5.7233418e-01
   5.7238464e-01
   5.7249231e-01
   5.7268922e-01
   5.7282575e-01
   5.7301436e-01
   5.7324182e-01
   5.7334030e-01
   5.7354948e-01
   5.7360917e-01
   5.7381631e-01
   5.7400947e-01
   5.7415781e-01
   5.7425320e-01
   5.7434695e-01
   5.7457921e-01
   5.7475413e-01
   5.7492316e-01
   5.7496448e-01
   5.7500202e-01
   5.7523173e-01
   5.7531366e-01
   5.7541488e-01
   5.7559584e-01
   5.7564832e-01
   5.7584687e-01
   5.7606296e-01
   5.7610995e-01
   5.7627722e-01
   5.7637480e-01
   5.7645337e-01
   5.7654119e-01
   5.7671102e-01
   5.7688050e-01
   5.7692691e-01
   5.7699126e-01
   5.7717901e-01
   5.7724210e-01
   5.7730423e-01
   5.7751057e-01
   5.7759754e-01
   5.7777855e-01
   5.7782913e-01
   5.7800381e-01
   5.7813858e-01
   5.7816604e-01
   5.7832955e-01
   5.7851577e-01
   5.7873230e-01
   5.7880442e-01
   5.7890339e-01
   5.7903233e-01
   5.7909334e-01
   5.7925291e-01
   5.7928164e-01
   5.7949529e-01
   5.7968163e-01
   5.7989681e-01
   5.8000291e-01
   5.8012706e-01
   5.8017164e-01
   5.8031072e-01
   5.8047548e-01
   5.8052457e-01
   5.8070519e-01
   5.8079089e-01
   5.8098316e-01
   5.8111683e-01
   5.8124244e-01
   5.8128077e-01
   5.8131527e-01
   5.8132991e-01
   5.8136701e-01
   5.8140792e-01
   5.8159780e-01
   5.8165660e-01
   5.8181777e-01
   5.8194694e-01
   5.8205073e-01
   5.8222461e-01
   5.8225138e-01
   5.8229941e-01
   5.8246514e-01
   5.8253018e-01
   5.8274751e-01
   5.8280613e-01
   5.8284256e-01
   5.8287839e-01
   5.8305885e-01
   5.8323283e-01
   5.8336938e-01
   5.8351640e-01
   5.8371886e-01
   5.8390324e-01
   5.8395590e-01
   5.8413827e-01
   5.8432597e-01
   5.8436438e-01
   5.8440241e-01
   5.8444949e-01
   5.8459925e-01
   5.8477248e-01
   5.8496929e-01
   5.8513691e-01
   5.8515950e-01
   5.8521250e-01
   5.8540020e-01
   5.8556557e-01
   5.8560013e-01
   5.8564484e-01
   5.8568309e-01
   5.8572852e-01
   5.8574431e-01
   5.8590147e-01
   5.8594621e-01
   5.8598739e-01
   5.8612813e-01
   5.8616465e-01
   5.8637252e-01
   5.8644432e-01
   5.8651618e-01
   5.8672619e-01
   5.8690711e-01
   5.8701881e-01
   5.8704255e-01
   5.8710685e-01
   5.8715482e-01
   5.8727086e-01
   5.8733160e-01
   5.8752332e-01
   5.8773031e-01
   5.8789669e-01
   5.8797515e-01
   5.8804555e-01
   5.8811260e-01
   5.8818102e-01
   5.8828422e-01
   5.8831947e-01
   5.8851524e-01
   5.8866914e-01
   5.8882705e-01
   5.8902087e-01
   5.8911816e-01
   5.8934182e-01
   5.8939972e-01
   5.8951013e-01
   5.8962402e-01
   5.8980524e-01
   5.8990821e-01
   5.8997019e-01
   5.9003249e-01
   5.9025394e-01
   5.9049293e-01
   5.9062917e-01
   5.9080388e-01
   5.9086189e-01
   5.9090384e-01
   5.9095762e-01
   5.9099655e-01
   5.9104087e-01
   5.9107732e-01
   5.9130652e-01
   5.9153629e-01
   5.9158572e-01
   5.9160165e-01
   5.9182236e-01
   5.9205343e-01
   5.9208100e-01
   5.9224825e-01
   5.9244385e-01
   5.9264334e-01
   5.9283735e-01
   5.9304490e-01
   5.9322484e-01
   5.9332837e-01
   5.9345024e-01
   5.9367474e-01
   5.9385937e-01
   5.9394213e-01
   5.9411012e-01
   5.9425062e-01
   5.9440671e-01
   5.9456747e-01
   5.9473045e-01
   5.9496544e-01
   5.9503836e-01
   5.9524923e-01
   5.9540862e-01
   5.9550010e-01
   5.9566845e-01
   5.9571077e-01
   5.9590833e-01
   5.9610273e-01
   5.9616668e-01
   5.9637366e-01
   5.9646942e-01
   5.9656068e-01
   5.9664448e-01
   5.9672588e-01
   5.9691406e-01
   5.9694584e-01
   5.9698304e-01
   5.9716116e-01
   5.9724977e-01
   5.9736602e-01
   5.9755858e-01
   5.9776850e-01
   5.9794907e-01
   5.9815283e-01
   5.9837537e-01
   5.9855719e-01
   5.9862526e-01
   5.9877597e-01
   5.9894248e-01
   5.9903876e-01
   5.9911465e-01
   5.9925384e-01
   5.9942279e-01
   5.9955037e-01
   5.9962162e-01
   5.9980893e-01
   5.9986257e-01
   6.0005998e-01
   6.0015915e-01
   6.0034365e-01
   6.0053351e-01
   6.0073095e-01
   6.0090728e-01
   6.0099973e-01
   6.0106399e-01
   6.0121983e-01
   6.0137477e-01
   6.0156940e-01
   6.0162718e-01
   6.0180838e-01
   6.0203443e-01
   6.0209340e-01
   6.0224725e-01
   6.0233413e-01
   6.0239870e-01
   6.0248736e-01
   6.0259430e-01
   6.0278761e-01
   6.0282287e-01
   6.0287573e-01
   6.0291875e-01
   6.0315109e-01
   6.0322203e-01
   6.0339983e-01
   6.0356369e-01
   6.0375042e-01
   6.0397903e-01
   6.0418578e-01
   6.0435680e-01
   6.0447814e-01
   6.0451389e-01
   6.0469425e-01
   6.0475449e-01
   6.0481043e-01
   6.0502198e-01
   6.0508266e-01
   6.0518189e-01
   6.0536608e-01
   6.0556381e-01
   6.0568374e-01
   6.0579584e-01
   6.0586443e-01
   6.0593053e-01
   6.0600038e-01
   6.0621521e-01
   6.0624356e-01
   6.0645157e-01
   6.0656533e-01
   6.0671912e-01
   6.0677565e-01
   6.0682910e-01
   6.0686634e-01
   6.0691921e-01
   6.0702348e-01
   6.0707464e-01
   6.0716627e-01
   6.0723297e-01
   6.0735587e-01
   6.0746058e-01
   6.0764606e-01
   6.0769709e-01
   6.0774592e-01
   6.0790887e-01
   6.0802332e-01
   6.0814266e-01
   6.0827418e-01
   6.0850146e-01
   6.0870225e-01
   6.0877114e-01
   6.0883166e-01
   6.0895766e-01
   6.0907579e-01
   6.0920029e-01
   6.0928824e-01
   6.0939727e-01
   6.0944949e-01
   6.0950156e-01
   6.0954856e-01
   6.0960053e-01
   6.0962853e-01
   6.0968853e-01
   6.0973843e-01
   6.0978848e-01
   6.0999709e-01
   6.1013524e-01
   6.1021398e-01
   6.1035196e-01
   6.1039846e-01
   6.1042719e-01
   6.1061337e-01
