   7.0462000e-02
   1.8892300e-01
   2.8353300e-01
   3.7831400e-01
   4.7411800e-01
   5.6886200e-01
   6.6363300e-01
   7.5877400e-01
   8.5476600e-01
   9.5027300e-01
   1.0458010e+00
   1.1409390e+00
   1.2369250e+00
   1.3112280e+00
   1.3822130e+00
   1.4532730e+00
   1.5247020e+00
   1.5953260e+00
   1.6667650e+00
   1.7377060e+00
   1.8083210e+00
   1.8790110e+00
   1.9500900e+00
   2.0220740e+00
   2.0926040e+00
   2.1638020e+00
   2.2347380e+00
   2.3059820e+00
   2.3770810e+00
   2.4487260e+00
   2.5195210e+00
   2.5904560e+00
   2.6614450e+00
   2.7322680e+00
   2.8037500e+00
   2.8750780e+00
   2.9457570e+00
   3.0168110e+00
   3.0879060e+00
   3.1586580e+00
   3.2307910e+00
   3.3019870e+00
   3.3733460e+00
   3.4443670e+00
   3.5152430e+00
   3.5864800e+00
   3.6583080e+00
   3.7294280e+00
   3.8009640e+00
   3.8727180e+00
   3.9442190e+00
   4.0156140e+00
   4.0864960e+00
   4.1575050e+00
   4.2282820e+00
   4.2989410e+00
   4.3698620e+00
   4.4419560e+00
   4.5130950e+00
   4.5844920e+00
   4.6554270e+00
   4.7262530e+00
   4.7972200e+00
   4.8692220e+00
   4.9406040e+00
   5.0114130e+00
   5.0820960e+00
   5.1542050e+00
   5.2255650e+00
   5.2973000e+00
   5.3689650e+00
   5.4399870e+00
   5.5114320e+00
   5.5826140e+00
   5.6544940e+00
   5.7249360e+00
   5.7962660e+00
   5.8671800e+00
   5.9384850e+00
   6.0090110e+00
   6.0807460e+00
   6.1513510e+00
   6.2224720e+00
   6.2932380e+00
   6.3638370e+00
   6.4351020e+00
   6.5070900e+00
   6.5776840e+00
   6.6490110e+00
   6.7202800e+00
   6.7911070e+00
   6.8624650e+00
   6.9338400e+00
   7.0052830e+00
   7.0763360e+00
   7.1471230e+00
   7.2179730e+00
   7.2902820e+00
   7.3613990e+00
   7.4326780e+00
   7.5036180e+00
   7.5744810e+00
   7.6452320e+00
   7.7167230e+00
   7.7875340e+00
   7.8587990e+00
   7.9298000e+00
   8.0010640e+00
   8.0718670e+00
   8.1435860e+00
   8.2145090e+00
   8.2855390e+00
   8.3565310e+00
   8.4272100e+00
   8.4981880e+00
   8.5698500e+00
   8.6408970e+00
   8.7120560e+00
   8.7830990e+00
   8.8542780e+00
   8.9261150e+00
   8.9974830e+00
   9.0685700e+00
   9.1392910e+00
   9.2103330e+00
   9.2811950e+00
   9.3532020e+00
   9.4241490e+00
   9.4956050e+00
   9.5667100e+00
   9.6380610e+00
   9.7094010e+00
   9.7813060e+00
   9.8526270e+00
   9.9236730e+00
   9.9947620e+00
   1.0065899e+01
   1.0137156e+01
   1.0208594e+01
   1.0279429e+01
   1.0349998e+01
   1.0421109e+01
   1.0492115e+01
   1.0564188e+01
   1.0635309e+01
   1.0706255e+01
   1.0776833e+01
   1.0847834e+01
   1.0919086e+01
   1.0991023e+01
   1.1062102e+01
   1.1133100e+01
   1.1204422e+01
   1.1275766e+01
   1.1346565e+01
   1.1418919e+01
   1.1490056e+01
   1.1561481e+01
   1.1632515e+01
   1.1703498e+01
   1.1775438e+01
   1.1846840e+01
   1.1917269e+01
   1.1988033e+01
   1.2059170e+01
   1.2129832e+01
   1.2202005e+01
   1.2273552e+01
   1.2344768e+01
   1.2416329e+01
   1.2487337e+01
   1.2558482e+01
   1.2630025e+01
   1.2701282e+01
   1.2779317e+01
   1.2850537e+01
   1.2921331e+01
   1.2992547e+01
   1.3063674e+01
   1.3135359e+01
   1.3206416e+01
   1.3277264e+01
   1.3348286e+01
   1.3420006e+01
   1.3506818e+01
   1.3593452e+01
   1.3680826e+01
   1.3767914e+01
   1.3855565e+01
   1.3942237e+01
   1.4025097e+01
   1.4103632e+01
   1.4181827e+01
   1.4256950e+01
   1.4328313e+01
   1.4416006e+01
   1.4502806e+01
   1.4590109e+01
   1.4677878e+01
   1.4764758e+01
   1.4852309e+01
   1.4937284e+01
   1.5018210e+01
   1.5097217e+01
   1.5174699e+01
   1.5250159e+01
   1.5325581e+01
   1.5397020e+01
   1.5468558e+01
   1.5538961e+01
   1.5609988e+01
   1.5680676e+01
   1.5751685e+01
   1.5822689e+01
   1.5894201e+01
   1.5964726e+01
   1.6035626e+01
   1.6106426e+01
   1.6177202e+01
   1.6248423e+01
   1.6319419e+01
   1.6390743e+01
   1.6461647e+01
   1.6532882e+01
   1.6603743e+01
   1.6675750e+01
   1.6746609e+01
   1.6817865e+01
   1.6888701e+01
   1.6959329e+01
   1.7030450e+01
   1.7101780e+01
   1.7172799e+01
   1.7243805e+01
   1.7314488e+01
   1.7385324e+01
   1.7456106e+01
   1.7527527e+01
   1.7598626e+01
   1.7669631e+01
   1.7740679e+01
   1.7811976e+01
   1.7882750e+01
   1.7954152e+01
   1.8025212e+01
   1.8096368e+01
   1.8166935e+01
   1.8237645e+01
   1.8309563e+01
   1.8380087e+01
   1.8451098e+01
   1.8521990e+01
   1.8592631e+01
   1.8663293e+01
   1.8735422e+01
   1.8806890e+01
   1.8878156e+01
   1.8949254e+01
   1.9020377e+01
   1.9091752e+01
   1.9163954e+01
   1.9235174e+01
   1.9305692e+01
   1.9376470e+01
   1.9447800e+01
   1.9518551e+01
   1.9590158e+01
   1.9661252e+01
   1.9732160e+01
   1.9802872e+01
   1.9874036e+01
   1.9944658e+01
   2.0015480e+01
   2.0086602e+01
   2.0158053e+01
   2.0228247e+01
   2.0299444e+01
   2.0371270e+01
   2.0442622e+01
   2.0513599e+01
   2.0584641e+01
   2.0655717e+01
   2.0726747e+01
   2.0798765e+01
   2.0869501e+01
   2.0940561e+01
   2.1011291e+01
   2.1082764e+01
   2.1153916e+01
   2.1225687e+01
   2.1296650e+01
   2.1367691e+01
   2.1439018e+01
   2.1509853e+01
   2.1581017e+01
   2.1653042e+01
   2.1724669e+01
   2.1795884e+01
   2.1866827e+01
   2.1937932e+01
   2.2008717e+01
   2.2079579e+01
   2.2150284e+01
   2.2221134e+01
   2.2292535e+01
   2.2363316e+01
   2.2434671e+01
   2.2505961e+01
   2.2577002e+01
   2.2647763e+01
   2.2718753e+01
   2.2789566e+01
   2.2861385e+01
   2.2932311e+01
   2.3003378e+01
   2.3074590e+01
   2.3145492e+01
   2.3216323e+01
   2.3287941e+01
   2.3359022e+01
   2.3430347e+01
   2.3501077e+01
   2.3571837e+01
   2.3642717e+01
   2.3714172e+01
   2.3785234e+01
   2.3856414e+01
   2.3927609e+01
   2.3998492e+01
   2.4070037e+01
   2.4141215e+01
   2.4211931e+01
   2.4282913e+01
   2.4353781e+01
   2.4424720e+01
   2.4496920e+01
   2.4567989e+01
   2.4638856e+01
   2.4709999e+01
   2.4780990e+01
   2.4851853e+01
   2.4924130e+01
   2.4995200e+01
   2.5065909e+01
   2.5136773e+01
   2.5207764e+01
   2.5278627e+01
   2.5349821e+01
   2.5420351e+01
   2.5491394e+01
   2.5562240e+01
   2.5633446e+01
   2.5704281e+01
   2.5775248e+01
   2.5845862e+01
   2.5916566e+01
   2.5987705e+01
   2.6058519e+01
   2.6130238e+01
   2.6201773e+01
   2.6272782e+01
   2.6344182e+01
   2.6415571e+01
   2.6486673e+01
   2.6558794e+01
   2.6629755e+01
   2.6701250e+01
   2.6772077e+01
   2.6843460e+01
   2.6914283e+01
   2.6986082e+01
   2.7056712e+01
   2.7128115e+01
   2.7198500e+01
   2.7269389e+01
   2.7339867e+01
   2.7410776e+01
   2.7481594e+01
   2.7552170e+01
   2.7623463e+01
   2.7694554e+01
   2.7765829e+01
   2.7836570e+01
   2.7907296e+01
   2.7978774e+01
   2.8049531e+01
   2.8120192e+01
   2.8191792e+01
   2.8262410e+01
   2.8332945e+01
   2.8403794e+01
   2.8474832e+01
   2.8545453e+01
   2.8616679e+01
   2.8687881e+01
   2.8758515e+01
   2.8829237e+01
   2.8900489e+01
   2.8971221e+01
   2.9042285e+01
   2.9113084e+01
   2.9184117e+01
   2.9254946e+01
   2.9325830e+01
   2.9397683e+01
   2.9468895e+01
   2.9540074e+01
   2.9611227e+01
   2.9682212e+01
   2.9753139e+01
   2.9825175e+01
   2.9896270e+01
   2.9967381e+01
   3.0038824e+01
   3.0110063e+01
   3.0181468e+01
   3.0251982e+01
   3.0322963e+01
   3.0394292e+01
   3.0465375e+01
   3.0536352e+01
   3.0608287e+01
   3.0679226e+01
   3.0749825e+01
   3.0820847e+01
   3.0891331e+01
   3.0962129e+01
   3.1034230e+01
   3.1105247e+01
   3.1175909e+01
   3.1246830e+01
   3.1317731e+01
   3.1388924e+01
   3.1460470e+01
   3.1531859e+01
   3.1602727e+01
   3.1673634e+01
   3.1744687e+01
   3.1816597e+01
   3.1887109e+01
   3.1958200e+01
   3.2029448e+01
   3.2100101e+01
   3.2171268e+01
   3.2242799e+01
   3.2313536e+01
   3.2384454e+01
   3.2455794e+01
   3.2526841e+01
   3.2598093e+01
   3.2670244e+01
   3.2741585e+01
   3.2812549e+01
   3.2883479e+01
   3.2954212e+01
   3.3025216e+01
   3.3096447e+01
   3.3167465e+01
   3.3238252e+01
   3.3309035e+01
   3.3380479e+01
   3.3452180e+01
   3.3522942e+01
   3.3593790e+01
   3.3664667e+01
   3.3736121e+01
   3.3807357e+01
   3.3879159e+01
   3.3950207e+01
   3.4020781e+01
   3.4092141e+01
   3.4163461e+01
   3.4234589e+01
   3.4306533e+01
   3.4377840e+01
   3.4448950e+01
   3.4520325e+01
   3.4591636e+01
   3.4662876e+01
   3.4734404e+01
   3.4805740e+01
   3.4876699e+01
   3.4949089e+01
   3.5019675e+01
   3.5091537e+01
   3.5162431e+01
   3.5232798e+01
   3.5303761e+01
   3.5374608e+01
   3.5445223e+01
   3.5516382e+01
   3.5587272e+01
   3.5658394e+01
   3.5729408e+01
   3.5800605e+01
   3.5871529e+01
   3.5943499e+01
   3.6014691e+01
   3.6085817e+01
   3.6156839e+01
   3.6227688e+01
   3.6298891e+01
   3.6370511e+01
   3.6441524e+01
   3.6512500e+01
   3.6583328e+01
   3.6654255e+01
   3.6725197e+01
   3.6796221e+01
   3.6867224e+01
   3.6938508e+01
   3.7009770e+01
   3.7081124e+01
   3.7153212e+01
   3.7224082e+01
   3.7295383e+01
   3.7366186e+01
   3.7437799e+01
   3.7509270e+01
   3.7581067e+01
   3.7652196e+01
   3.7723036e+01
   3.7794321e+01
   3.7865568e+01
   3.7936583e+01
   3.8008374e+01
   3.8079497e+01
   3.8149854e+01
   3.8220703e+01
   3.8291715e+01
   3.8362832e+01
   3.8433709e+01
   3.8504885e+01
   3.8576149e+01
   3.8646818e+01
   3.8718832e+01
   3.8790718e+01
   3.8862076e+01
   3.8932606e+01
   3.9003526e+01
   3.9074811e+01
   3.9145594e+01
   3.9217852e+01
   3.9288499e+01
   3.9359970e+01
   3.9431002e+01
   3.9501936e+01
   3.9572636e+01
   3.9643898e+01
   3.9715275e+01
   3.9786146e+01
   3.9856677e+01
   3.9927571e+01
   3.9998824e+01
   4.0070070e+01
   4.0141308e+01
   4.0213086e+01
   4.0284761e+01
   4.0355900e+01
   4.0427878e+01
   4.0498983e+01
   4.0569880e+01
   4.0640655e+01
   4.0711155e+01
   4.0782032e+01
   4.0854337e+01
   4.0925516e+01
   4.0996282e+01
   4.1067169e+01
   4.1138256e+01
   4.1208979e+01
   4.1280995e+01
   4.1352400e+01
   4.1423408e+01
   4.1494049e+01
   4.1565191e+01
   4.1636444e+01
   4.1707422e+01
   4.1778713e+01
   4.1849832e+01
   4.1920552e+01
   4.1991342e+01
   4.2063454e+01
   4.2134767e+01
   4.2205831e+01
   4.2276606e+01
   4.2347536e+01
   4.2418309e+01
   4.2490300e+01
   4.2561201e+01
   4.2632260e+01
   4.2702789e+01
   4.2773986e+01
   4.2845211e+01
   4.2916495e+01
   4.2988465e+01
   4.3059464e+01
   4.3130351e+01
   4.3201772e+01
   4.3273864e+01
   4.3345305e+01
   4.3416712e+01
   4.3487975e+01
   4.3559086e+01
   4.3630879e+01
   4.3702883e+01
   4.3773654e+01
   4.3844344e+01
   4.3915577e+01
   4.3987034e+01
   4.4057692e+01
   4.4129206e+01
   4.4200382e+01
   4.4271102e+01
   4.4342175e+01
   4.4413078e+01
   4.4484167e+01
   4.4555816e+01
   4.4627070e+01
   4.4697803e+01
   4.4768810e+01
   4.4839295e+01
   4.4911401e+01
   4.4982212e+01
   4.5052852e+01
   4.5123708e+01
   4.5194758e+01
   4.5265806e+01
   4.5337222e+01
   4.5408234e+01
   4.5479164e+01
   4.5550329e+01
   4.5621064e+01
   4.5691652e+01
   4.5763093e+01
   4.5834716e+01
   4.5905827e+01
   4.5977092e+01
   4.6048004e+01
   4.6118768e+01
   4.6191073e+01
   4.6262628e+01
   4.6334354e+01
   4.6405738e+01
   4.6477102e+01
   4.6548261e+01
   4.6619973e+01
   4.6690843e+01
   4.6761912e+01
   4.6832663e+01
   4.6903951e+01
   4.6974543e+01
   4.7045575e+01
   4.7116719e+01
   4.7188184e+01
   4.7259203e+01
   4.7330036e+01
   4.7401897e+01
   4.7473083e+01
   4.7543712e+01
   4.7614724e+01
   4.7685700e+01
   4.7757174e+01
   4.7829297e+01
   4.7900272e+01
   4.7971331e+01
   4.8042579e+01
   4.8113645e+01
   4.8184777e+01
   4.8256757e+01
   4.8327808e+01
   4.8398820e+01
   4.8470361e+01
   4.8541411e+01
   4.8613069e+01
   4.8684419e+01
   4.8755612e+01
   4.8826375e+01
   4.8897409e+01
   4.8967519e+01
   4.9038997e+01
   4.9109957e+01
   4.9180949e+01
   4.9251639e+01
   4.9322206e+01
   4.9393430e+01
   4.9464947e+01
   4.9535858e+01
   4.9606863e+01
   4.9677999e+01
   4.9749381e+01
   4.9820700e+01
   4.9892882e+01
   4.9964067e+01
   5.0035104e+01
   5.0106445e+01
   5.0177615e+01
   5.0248347e+01
   5.0319755e+01
   5.0390518e+01
   5.0462030e+01
   5.0534553e+01
   5.0606193e+01
   5.0677249e+01
   5.0748373e+01
   5.0819969e+01
   5.0891276e+01
   5.0962274e+01
   5.1033693e+01
   5.1105420e+01
   5.1176881e+01
   5.1247557e+01
   5.1318867e+01
   5.1390233e+01
   5.1461345e+01
   5.1533226e+01
   5.1604537e+01
   5.1675193e+01
   5.1746445e+01
   5.1817386e+01
   5.1888636e+01
   5.1960379e+01
   5.2031360e+01
   5.2102698e+01
   5.2173985e+01
   5.2244736e+01
   5.2315553e+01
   5.2387239e+01
   5.2458424e+01
   5.2528990e+01
   5.2599960e+01
   5.2671147e+01
   5.2742385e+01
   5.2813598e+01
   5.2884939e+01
   5.2956226e+01
   5.3027031e+01
   5.3098262e+01
   5.3170405e+01
   5.3241214e+01
   5.3312730e+01
   5.3383745e+01
   5.3454455e+01
   5.3526001e+01
   5.3597885e+01
   5.3669130e+01
   5.3740260e+01
   5.3811127e+01
   5.3882612e+01
   5.3954897e+01
   5.4025867e+01
   5.4096921e+01
   5.4168566e+01
   5.4239788e+01
   5.4310936e+01
   5.4383126e+01
   5.4454292e+01
   5.4525849e+01
   5.4596841e+01
   5.4667894e+01
   5.4738281e+01
   5.4810153e+01
   5.4881497e+01
   5.4952912e+01
   5.5024178e+01
   5.5095252e+01
   5.5166512e+01
   5.5238388e+01
   5.5310093e+01
   5.5380978e+01
   5.5451952e+01
   5.5522382e+01
   5.5593000e+01
   5.5664388e+01
   5.5735913e+01
   5.5807183e+01
   5.5878312e+01
   5.5949237e+01
   5.6021475e+01
   5.6092272e+01
   5.6163547e+01
   5.6235115e+01
   5.6306371e+01
   5.6377340e+01
   5.6449564e+01
   5.6520673e+01
   5.6591361e+01
   5.6662814e+01
   5.6733952e+01
   5.6805209e+01
   5.6877242e+01
   5.6948220e+01
   5.7019364e+01
   5.7090882e+01
   5.7161949e+01
   5.7233134e+01
   5.7304264e+01
   5.7375673e+01
   5.7446487e+01
   5.7518253e+01
   5.7589790e+01
   5.7661413e+01
   5.7732212e+01
   5.7803111e+01
   5.7874456e+01
   5.7945910e+01
   5.8016978e+01
   5.8088748e+01
   5.8160101e+01
   5.8231019e+01
   5.8302009e+01
   5.8372826e+01
   5.8443783e+01
   5.8515626e+01
   5.8588405e+01
   5.8668005e+01
   5.8739306e+01
   5.8810436e+01
   5.8881349e+01
   5.8953663e+01
   5.9024621e+01
   5.9095750e+01
   5.9166550e+01
   5.9237505e+01
   5.9309403e+01
   5.9380393e+01
   5.9451569e+01
   5.9522519e+01
   5.9594252e+01
   5.9665727e+01
   5.9737138e+01
   5.9809076e+01
   5.9880213e+01
   5.9951365e+01
   6.0022495e+01
   6.0093577e+01
   6.0165216e+01
   6.0237003e+01
   6.0308478e+01
   6.0379550e+01
   6.0449980e+01
   6.0520966e+01
   6.0592285e+01
   6.0663262e+01
   6.0734313e+01
   6.0805828e+01
   6.0877106e+01
   6.0948966e+01
   6.1020033e+01
   6.1090718e+01
   6.1161469e+01
   6.1232623e+01
   6.1303371e+01
   6.1374949e+01
   6.1446040e+01
   6.1517280e+01
   6.1588189e+01
   6.1659049e+01
   6.1730385e+01
   6.1802290e+01
   6.1873337e+01
   6.1944712e+01
   6.2015864e+01
   6.2086987e+01
   6.2158415e+01
   6.2230349e+01
   6.2301541e+01
   6.2372026e+01
   6.2443060e+01
   6.2514320e+01
   6.2586464e+01
   6.2657867e+01
   6.2728733e+01
   6.2799402e+01
   6.2870119e+01
   6.2940937e+01
   6.3012787e+01
   6.3083722e+01
   6.3154915e+01
   6.3226292e+01
   6.3297180e+01
   6.3368220e+01
   6.3440070e+01
   6.3511219e+01
   6.3581819e+01
   6.3653442e+01
   6.3724445e+01
   6.3795580e+01
   6.3867210e+01
   6.3938292e+01
   6.4009339e+01
   6.4080161e+01
   6.4150927e+01
   6.4222663e+01
   6.4293735e+01
   6.4365051e+01
   6.4435817e+01
   6.4507219e+01
   6.4578567e+01
   6.4650352e+01
   6.4721671e+01
   6.4792897e+01
   6.4863605e+01
   6.4934627e+01
   6.5005546e+01
   6.5077355e+01
   6.5147769e+01
   6.5218909e+01
   6.5289633e+01
   6.5360595e+01
   6.5431659e+01
   6.5503981e+01
   6.5575516e+01
   6.5646552e+01
   6.5718006e+01
   6.5788959e+01
   6.5861407e+01
   6.5932887e+01
   6.6003761e+01
   6.6074970e+01
   6.6145967e+01
   6.6217472e+01
   6.6289218e+01
   6.6359752e+01
   6.6430619e+01
   6.6501833e+01
   6.6572823e+01
   6.6644071e+01
   6.6715859e+01
   6.6786578e+01
   6.6857317e+01
   6.6929166e+01
   6.7016264e+01
   6.7103672e+01
   6.7190815e+01
   6.7277932e+01
   6.7364702e+01
   6.7452092e+01
   6.7540332e+01
   6.7625905e+01
   6.7709870e+01
   6.7791892e+01
   6.7873688e+01
   6.7952252e+01
   6.8027400e+01
   6.8103384e+01
   6.8179248e+01
   6.8255162e+01
   6.8326714e+01
   6.8397368e+01
   6.8468561e+01
   6.8539400e+01
   6.8610730e+01
   6.8681370e+01
   6.8753376e+01
   6.8824784e+01
   6.8895604e+01
   6.8966868e+01
   6.9037552e+01
   6.9108890e+01
   6.9180538e+01
   6.9251885e+01
   6.9322705e+01
   6.9393542e+01
   6.9464657e+01
   6.9536430e+01
   6.9608490e+01
   6.9679394e+01
   6.9750804e+01
   6.9821599e+01
   6.9892984e+01
   6.9964236e+01
   7.0035129e+01
   7.0106044e+01
   7.0176977e+01
   7.0247762e+01
   7.0318339e+01
   7.0389843e+01
   7.0460696e+01
   7.0531696e+01
   7.0602611e+01
   7.0673533e+01
   7.0744236e+01
   7.0815636e+01
   7.0886365e+01
   7.0956930e+01
   7.1028042e+01
   7.1099184e+01
   7.1170051e+01
   7.1242145e+01
   7.1313105e+01
   7.1384427e+01
   7.1455726e+01
   7.1526987e+01
   7.1597838e+01
   7.1669739e+01
   7.1741202e+01
   7.1812560e+01
   7.1883372e+01
   7.1954908e+01
   7.2026651e+01
   7.2098112e+01
   7.2168862e+01
   7.2240013e+01
   7.2311142e+01
   7.2382506e+01
   7.2454675e+01
   7.2526341e+01
   7.2597606e+01
   7.2668928e+01
   7.2740098e+01
   7.2811468e+01
   7.2883560e+01
   7.2955012e+01
   7.3025629e+01
   7.3096573e+01
   7.3167997e+01
   7.3240300e+01
   7.3311670e+01
   7.3382954e+01
   7.3453994e+01
   7.3525158e+01
   7.3595917e+01
   7.3667783e+01
   7.3738567e+01
   7.3809745e+01
   7.3880923e+01
   7.3951683e+01
   7.4022645e+01
   7.4094022e+01
   7.4165052e+01
   7.4236009e+01
   7.4307089e+01
   7.4378584e+01
   7.4449446e+01
   7.4521562e+01
   7.4592492e+01
   7.4663811e+01
   7.4734999e+01
   7.4806194e+01
   7.4877031e+01
   7.4947797e+01
   7.5018850e+01
   7.5090217e+01
   7.5160938e+01
   7.5231848e+01
   7.5303600e+01
   7.5374865e+01
   7.5445560e+01
   7.5516528e+01
   7.5587297e+01
   7.5658358e+01
   7.5729733e+01
   7.5800603e+01
   7.5871711e+01
   7.5942663e+01
   7.6013183e+01
   7.6083830e+01
   7.6155707e+01
   7.6226541e+01
   7.6297154e+01
   7.6367900e+01
   7.6439076e+01
   7.6509960e+01
   7.6580891e+01
   7.6651355e+01
   7.6721961e+01
   7.6793108e+01
   7.6864339e+01
   7.6936010e+01
   7.7006858e+01
   7.7077845e+01
   7.7148760e+01
   7.7219820e+01
   7.7291282e+01
   7.7362573e+01
   7.7433382e+01
   7.7504718e+01
   7.7575249e+01
   7.7646056e+01
   7.7717364e+01
   7.7788946e+01
   7.7860006e+01
   7.7931463e+01
   7.8001823e+01
   7.8075640e+01
   7.8146856e+01
   7.8218688e+01
   7.8290182e+01
   7.8361212e+01
   7.8431996e+01
   7.8503019e+01
   7.8573703e+01
   7.8645062e+01
   7.8716010e+01
   7.8787161e+01
   7.8858152e+01
   7.8929276e+01
   7.9000704e+01
   7.9071475e+01
   7.9143135e+01
   7.9214324e+01
   7.9285438e+01
   7.9356313e+01
   7.9431142e+01
   7.9502479e+01
   7.9573021e+01
   7.9643692e+01
   7.9714729e+01
   7.9786008e+01
   7.9857937e+01
   7.9928887e+01
   8.0000280e+01
   8.0071268e+01
   8.0142255e+01
   8.0213432e+01
   8.0285281e+01
   8.0356375e+01
   8.0427795e+01
   8.0499245e+01
   8.0570374e+01
   8.0641503e+01
   8.0714496e+01
   8.0785736e+01
   8.0856718e+01
   8.0928276e+01
   8.0999579e+01
   8.1071358e+01
   8.1142384e+01
   8.1212909e+01
   8.1284039e+01
   8.1355353e+01
   8.1426564e+01
   8.1498515e+01
   8.1570016e+01
   8.1640923e+01
   8.1711610e+01
   8.1783192e+01
   8.1854364e+01
   8.1926386e+01
   8.1997686e+01
   8.2068784e+01
   8.2139596e+01
   8.2210932e+01
   8.2281851e+01
   8.2353140e+01
   8.2424438e+01
   8.2495400e+01
   8.2566726e+01
   8.2637946e+01
   8.2710079e+01
   8.2781215e+01
   8.2851752e+01
   8.2922697e+01
   8.2993822e+01
   8.3065201e+01
   8.3137320e+01
   8.3208912e+01
   8.3280192e+01
   8.3351500e+01
   8.3422898e+01
   8.3494072e+01
   8.3566453e+01
   8.3637460e+01
   8.3708637e+01
   8.3779476e+01
   8.3850050e+01
   8.3921578e+01
   8.3992421e+01
   8.4063457e+01
   8.4134971e+01
   8.4205866e+01
   8.4276755e+01
   8.4348112e+01
   8.4419446e+01
   8.4491002e+01
   8.4561721e+01
   8.4632883e+01
   8.4704119e+01
   8.4776134e+01
   8.4847432e+01
   8.4918558e+01
   8.4989741e+01
   8.5060938e+01
   8.5131940e+01
   8.5203538e+01
   8.5275008e+01
   8.5346027e+01
   8.5416707e+01
   8.5488090e+01
   8.5560129e+01
   8.5631246e+01
   8.5702075e+01
   8.5775572e+01
   8.5846908e+01
   8.5917863e+01
   8.5989348e+01
   8.6060262e+01
   8.6131664e+01
   8.6202294e+01
   8.6273578e+01
   8.6344267e+01
   8.6416152e+01
   8.6487627e+01
   8.6558816e+01
   8.6629997e+01
   8.6700855e+01
   8.6772393e+01
   8.6843728e+01
   8.6914841e+01
   8.6985492e+01
   8.7056554e+01
   8.7127376e+01
   8.7199148e+01
   8.7270316e+01
   8.7341518e+01
   8.7412136e+01
   8.7483585e+01
   8.7554943e+01
   8.7626994e+01
   8.7698023e+01
   8.7769248e+01
   8.7840668e+01
   8.7911614e+01
   8.7982445e+01
   8.8053210e+01
   8.8124565e+01
   8.8195628e+01
   8.8266204e+01
   8.8336815e+01
   8.8408758e+01
   8.8479954e+01
   8.8551545e+01
   8.8622662e+01
   8.8693816e+01
   8.8764240e+01
   8.8836170e+01
   8.8906809e+01
   8.8978108e+01
   8.9048741e+01
   8.9120228e+01
   8.9191669e+01
   8.9263418e+01
   8.9335265e+01
   8.9406327e+01
   8.9477054e+01
   8.9548039e+01
   8.9619187e+01
   8.9690896e+01
   8.9761617e+01
   8.9832266e+01
   8.9910260e+01
   8.9981079e+01
   9.0052860e+01
   9.0123995e+01
   9.0194464e+01
   9.0265649e+01
   9.0336683e+01
   9.0407906e+01
   9.0479609e+01
   9.0550076e+01
   9.0620908e+01
   9.0691654e+01
   9.0762335e+01
   9.0833516e+01
   9.0905005e+01
   9.0975463e+01
   9.1046431e+01
   9.1116983e+01
   9.1187992e+01
   9.1258984e+01
   9.1330678e+01
   9.1401390e+01
   9.1472869e+01
   9.1543570e+01
   9.1614828e+01
   9.1686466e+01
   9.1758383e+01
   9.1829715e+01
   9.1901123e+01
   9.1972132e+01
   9.2043372e+01
   9.2115070e+01
   9.2185534e+01
   9.2256770e+01
   9.2327905e+01
   9.2399137e+01
   9.2470516e+01
   9.2542532e+01
   9.2613690e+01
   9.2684388e+01
   9.2755462e+01
   9.2826499e+01
   9.2897420e+01
   9.2968102e+01
   9.3039036e+01
   9.3110233e+01
   9.3181601e+01
   9.3252970e+01
   9.3324514e+01
   9.3395694e+01
   9.3466324e+01
   9.3537425e+01
   9.3608715e+01
   9.3679433e+01
   9.3751258e+01
   9.3822493e+01
   9.3893213e+01
   9.3964030e+01
   9.4034603e+01
   9.4105644e+01
   9.4177487e+01
   9.4248772e+01
   9.4319990e+01
   9.4391130e+01
   9.4462582e+01
   9.4533563e+01
   9.4605838e+01
   9.4677173e+01
   9.4747962e+01
   9.4819283e+01
   9.4890226e+01
   9.4962086e+01
   9.5032590e+01
   9.5103275e+01
   9.5174246e+01
   9.5245181e+01
   9.5316552e+01
   9.5388377e+01
   9.5459764e+01
   9.5530983e+01
   9.5601887e+01
   9.5672382e+01
   9.5743216e+01
   9.5815108e+01
   9.5885806e+01
   9.5956571e+01
   9.6027992e+01
   9.6099084e+01
   9.6170243e+01
   9.6241197e+01
   9.6312524e+01
   9.6384118e+01
   9.6455280e+01
   9.6525665e+01
   9.6598051e+01
   9.6669215e+01
   9.6740292e+01
   9.6811542e+01
   9.6882340e+01
   9.6953087e+01
   9.7024918e+01
   9.7095952e+01
   9.7167124e+01
   9.7238301e+01
   9.7309447e+01
   9.7380145e+01
   9.7452072e+01
   9.7522882e+01
   9.7593862e+01
   9.7665318e+01
   9.7736524e+01
   9.7807398e+01
   9.7878311e+01
   9.7949248e+01
   9.8020416e+01
   9.8092152e+01
   9.8163521e+01
   9.8234785e+01
   9.8305645e+01
   9.8376803e+01
   9.8448046e+01
   9.8519526e+01
   9.8590688e+01
   9.8662461e+01
   9.8733754e+01
   9.8805328e+01
   9.8876343e+01
   9.8947675e+01
   9.9018969e+01
   9.9090397e+01
   9.9161390e+01
   9.9231958e+01
   9.9303007e+01
   9.9373922e+01
   9.9444611e+01
   9.9516178e+01
   9.9587156e+01
   9.9658328e+01
   9.9729081e+01
   9.9800381e+01
   9.9871720e+01
   9.9942517e+01
   1.0001386e+02
   1.0008500e+02
   1.0015556e+02
   1.0022613e+02
   1.0029799e+02
   1.0036884e+02
   1.0043940e+02
   1.0051073e+02
   1.0058157e+02
   1.0065328e+02
   1.0072542e+02
   1.0079650e+02
   1.0086778e+02
   1.0093889e+02
   1.0101011e+02
   1.0108066e+02
   1.0115261e+02
   1.0122386e+02
   1.0129480e+02
   1.0136499e+02
   1.0143582e+02
   1.0150701e+02
   1.0157794e+02
   1.0164881e+02
   1.0172020e+02
   1.0179132e+02
   1.0186238e+02
   1.0193481e+02
   1.0200605e+02
   1.0207668e+02
   1.0214809e+02
   1.0221886e+02
   1.0228971e+02
   1.0236158e+02
   1.0243229e+02
   1.0250379e+02
   1.0257430e+02
   1.0264518e+02
   1.0271638e+02
   1.0278796e+02
   1.0285934e+02
   1.0293026e+02
   1.0300143e+02
   1.0307263e+02
   1.0314371e+02
   1.0321544e+02
   1.0328632e+02
   1.0335699e+02
   1.0342773e+02
   1.0349861e+02
   1.0356957e+02
   1.0364063e+02
   1.0371201e+02
   1.0378325e+02
   1.0385383e+02
   1.0392439e+02
   1.0399580e+02
   1.0406635e+02
   1.0413708e+02
   1.0420857e+02
   1.0427950e+02
   1.0435020e+02
   1.0442204e+02
   1.0449292e+02
   1.0456433e+02
   1.0463550e+02
   1.0470710e+02
   1.0477787e+02
   1.0484979e+02
   1.0492080e+02
   1.0499213e+02
   1.0506283e+02
   1.0513389e+02
   1.0520457e+02
   1.0527645e+02
   1.0534722e+02
   1.0541866e+02
   1.0548978e+02
   1.0556087e+02
   1.0563206e+02
   1.0570328e+02
   1.0577483e+02
   1.0584614e+02
   1.0591713e+02
   1.0598802e+02
   1.0605975e+02
   1.0613076e+02
   1.0620182e+02
   1.0627277e+02
   1.0634398e+02
   1.0641504e+02
   1.0648702e+02
   1.0655828e+02
   1.0662948e+02
   1.0670065e+02
   1.0677177e+02
   1.0684269e+02
   1.0691475e+02
   1.0698568e+02
   1.0705674e+02
   1.0712780e+02
   1.0719942e+02
   1.0727049e+02
   1.0734148e+02
   1.0741250e+02
   1.0748382e+02
   1.0755480e+02
   1.0762595e+02
   1.0769791e+02
   1.0776890e+02
   1.0784021e+02
   1.0791120e+02
   1.0798243e+02
   1.0805376e+02
   1.0812534e+02
   1.0819661e+02
   1.0826807e+02
   1.0833861e+02
   1.0841019e+02
   1.0848138e+02
   1.0855338e+02
   1.0862427e+02
   1.0869501e+02
   1.0876584e+02
   1.0883704e+02
   1.0890904e+02
   1.0898017e+02
   1.0905115e+02
   1.0912215e+02
   1.0919359e+02
   1.0926502e+02
   1.0933643e+02
   1.0940749e+02
   1.0947876e+02
   1.0955025e+02
   1.0962173e+02
   1.0969275e+02
   1.0976493e+02
   1.0983575e+02
   1.0990646e+02
   1.0997821e+02
   1.1004880e+02
   1.1011977e+02
   1.1019104e+02
   1.1026242e+02
   1.1033361e+02
   1.1040462e+02
   1.1047581e+02
   1.1054756e+02
   1.1061876e+02
   1.1068996e+02
   1.1076124e+02
   1.1083275e+02
   1.1090406e+02
   1.1097629e+02
   1.1104709e+02
   1.1111861e+02
   1.1118997e+02
   1.1126126e+02
   1.1133208e+02
   1.1140427e+02
   1.1147545e+02
   1.1154632e+02
   1.1161771e+02
   1.1168894e+02
   1.1176065e+02
   1.1183218e+02
   1.1190309e+02
   1.1197470e+02
   1.1204584e+02
   1.1211680e+02
   1.1218820e+02
   1.1225932e+02
   1.1233057e+02
   1.1240166e+02
   1.1247269e+02
   1.1254406e+02
   1.1261612e+02
   1.1268737e+02
   1.1275846e+02
   1.1283026e+02
   1.1290200e+02
   1.1297278e+02
   1.1304479e+02
   1.1311598e+02
   1.1318678e+02
   1.1325799e+02
   1.1332886e+02
   1.1340027e+02
   1.1347119e+02
   1.1354234e+02
   1.1361402e+02
   1.1368527e+02
   1.1375640e+02
   1.1382853e+02
   1.1389994e+02
   1.1397100e+02
   1.1404191e+02
   1.1411255e+02
   1.1418384e+02
   1.1425624e+02
   1.1432729e+02
   1.1439860e+02
   1.1446935e+02
   1.1454095e+02
   1.1461182e+02
   1.1468392e+02
   1.1475521e+02
   1.1482716e+02
   1.1489845e+02
   1.1496960e+02
   1.1504065e+02
   1.1511142e+02
   1.1518291e+02
   1.1525383e+02
   1.1532469e+02
   1.1539596e+02
   1.1546783e+02
   1.1553870e+02
   1.1561007e+02
   1.1568099e+02
   1.1575248e+02
   1.1582406e+02
   1.1589584e+02
   1.1596676e+02
   1.1603785e+02
   1.1610922e+02
   1.1618047e+02
   1.1625176e+02
   1.1632335e+02
   1.1639463e+02
   1.1646555e+02
   1.1653669e+02
   1.1660748e+02
   1.1667861e+02
   1.1675006e+02
   1.1682129e+02
   1.1689300e+02
   1.1696413e+02
   1.1703589e+02
   1.1710774e+02
   1.1717926e+02
   1.1725041e+02
   1.1732118e+02
   1.1739190e+02
   1.1746280e+02
   1.1753405e+02
   1.1760516e+02
   1.1767653e+02
   1.1774802e+02
   1.1781968e+02
   1.1789078e+02
   1.1796257e+02
   1.1803375e+02
   1.1810454e+02
   1.1817614e+02
   1.1824700e+02
   1.1831880e+02
   1.1839003e+02
   1.1846150e+02
   1.1853276e+02
   1.1860395e+02
   1.1867522e+02
   1.1874730e+02
   1.1881814e+02
   1.1888948e+02
   1.1896022e+02
   1.1903149e+02
   1.1910206e+02
   1.1917391e+02
   1.1924538e+02
   1.1931669e+02
   1.1938776e+02
   1.1945926e+02
   1.1953042e+02
   1.1960192e+02
   1.1967314e+02
   1.1974440e+02
   1.1981552e+02
   1.1988581e+02
   1.1995662e+02
   1.2002793e+02
   1.2011530e+02
   1.2020218e+02
   1.2028961e+02
   1.2037793e+02
   1.2046478e+02
   1.2055166e+02
   1.2063858e+02
   1.2072578e+02
   1.2081414e+02
   1.2089789e+02
   1.2097607e+02
   1.2105423e+02
   1.2113281e+02
   1.2120761e+02
   1.2127863e+02
   1.2134994e+02
   1.2142146e+02
   1.2149241e+02
   1.2156367e+02
   1.2163584e+02
   1.2170688e+02
   1.2177839e+02
   1.2184941e+02
   1.2192028e+02
   1.2199112e+02
   1.2206204e+02
   1.2213298e+02
   1.2220424e+02
   1.2227555e+02
   1.2234651e+02
   1.2241854e+02
   1.2249006e+02
   1.2256157e+02
   1.2263258e+02
   1.2270381e+02
   1.2277483e+02
   1.2284680e+02
   1.2291785e+02
   1.2298880e+02
   1.2305994e+02
   1.2313133e+02
   1.2320205e+02
   1.2327429e+02
   1.2334568e+02
   1.2341713e+02
   1.2348789e+02
   1.2355889e+02
   1.2363028e+02
   1.2370256e+02
   1.2377407e+02
   1.2384519e+02
   1.2391587e+02
   1.2398722e+02
   1.2405895e+02
   1.2412951e+02
   1.2420069e+02
   1.2427205e+02
   1.2434281e+02
   1.2441374e+02
   1.2448537e+02
   1.2455633e+02
   1.2462721e+02
   1.2469862e+02
   1.2476949e+02
   1.2484081e+02
   1.2491280e+02
   1.2498415e+02
   1.2505529e+02
   1.2512598e+02
   1.2519706e+02
   1.2526860e+02
   1.2533953e+02
   1.2541071e+02
   1.2548175e+02
   1.2555245e+02
   1.2562313e+02
   1.2569507e+02
   1.2576635e+02
   1.2583767e+02
   1.2590921e+02
   1.2598006e+02
   1.2605166e+02
   1.2612377e+02
   1.2619491e+02
   1.2626619e+02
   1.2633763e+02
   1.2640911e+02
   1.2648003e+02
   1.2655231e+02
   1.2662332e+02
   1.2669467e+02
   1.2676555e+02
   1.2683696e+02
   1.2690832e+02
   1.2697934e+02
   1.2705065e+02
   1.2712233e+02
   1.2719355e+02
   1.2726482e+02
   1.2733681e+02
   1.2740793e+02
   1.2747843e+02
   1.2755061e+02
   1.2762187e+02
   1.2769306e+02
   1.2776497e+02
   1.2783641e+02
   1.2790788e+02
   1.2797889e+02
   1.2805020e+02
   1.2812097e+02
   1.2819241e+02
   1.2826349e+02
   1.2833469e+02
   1.2840577e+02
   1.2847646e+02
   1.2854764e+02
   1.2861982e+02
   1.2869119e+02
   1.2876211e+02
   1.2883299e+02
   1.2890413e+02
   1.2897506e+02
   1.2904664e+02
   1.2911839e+02
   1.2918973e+02
   1.2926164e+02
   1.2933291e+02
   1.2940455e+02
   1.2947554e+02
   1.2954652e+02
   1.2961767e+02
   1.2968869e+02
   1.2976013e+02
   1.2983164e+02
   1.2990294e+02
   1.2997457e+02
   1.3004546e+02
   1.3011709e+02
   1.3018853e+02
   1.3026000e+02
   1.3033081e+02
   1.3040178e+02
   1.3047270e+02
   1.3054398e+02
   1.3061579e+02
   1.3068672e+02
   1.3075815e+02
   1.3082954e+02
   1.3090031e+02
   1.3097155e+02
   1.3104380e+02
   1.3111501e+02
   1.3118587e+02
   1.3125763e+02
   1.3132856e+02
   1.3139989e+02
   1.3147213e+02
   1.3154329e+02
   1.3161436e+02
   1.3168530e+02
   1.3175600e+02
   1.3182737e+02
   1.3189917e+02
   1.3197081e+02
   1.3204206e+02
   1.3211338e+02
   1.3218463e+02
   1.3225659e+02
   1.3232816e+02
   1.3239979e+02
   1.3247107e+02
   1.3254225e+02
   1.3261367e+02
   1.3268622e+02
   1.3275777e+02
   1.3282893e+02
   1.3290004e+02
   1.3297120e+02
   1.3304241e+02
   1.3311473e+02
   1.3318548e+02
   1.3325681e+02
   1.3332828e+02
   1.3339951e+02
   1.3347066e+02
   1.3354278e+02
   1.3361425e+02
   1.3368523e+02
   1.3375671e+02
   1.3382822e+02
   1.3389936e+02
   1.3397037e+02
   1.3404142e+02
   1.3411292e+02
   1.3418472e+02
   1.3425594e+02
   1.3432783e+02
   1.3439911e+02
   1.3446995e+02
   1.3454160e+02
   1.3461244e+02
   1.3468349e+02
   1.3475539e+02
   1.3482663e+02
   1.3489783e+02
   1.3496967e+02
   1.3504097e+02
   1.3511222e+02
   1.3518378e+02
   1.3525514e+02
   1.3532665e+02
   1.3539761e+02
   1.3546907e+02
   1.3553981e+02
   1.3561073e+02
   1.3568238e+02
   1.3575314e+02
   1.3582446e+02
   1.3589542e+02
   1.3596702e+02
   1.3603806e+02
   1.3610943e+02
   1.3618018e+02
   1.3625111e+02
   1.3632165e+02
   1.3639366e+02
   1.3646495e+02
   1.3653656e+02
   1.3660756e+02
   1.3667865e+02
   1.3675005e+02
   1.3682169e+02
   1.3689271e+02
   1.3696426e+02
   1.3703565e+02
   1.3710648e+02
   1.3717727e+02
   1.3724898e+02
   1.3731992e+02
   1.3739112e+02
   1.3746237e+02
   1.3753376e+02
   1.3760466e+02
   1.3767550e+02
   1.3774628e+02
   1.3781747e+02
   1.3788893e+02
   1.3795953e+02
   1.3803101e+02
   1.3810241e+02
   1.3817318e+02
   1.3824429e+02
   1.3831503e+02
   1.3838630e+02
   1.3845816e+02
   1.3852967e+02
   1.3860081e+02
   1.3867162e+02
   1.3874315e+02
   1.3881431e+02
   1.3888663e+02
   1.3895804e+02
   1.3902975e+02
   1.3910068e+02
   1.3917200e+02
   1.3924334e+02
   1.3931449e+02
   1.3938549e+02
   1.3945649e+02
   1.3952757e+02
   1.3959900e+02
   1.3967116e+02
   1.3974217e+02
   1.3981369e+02
   1.3988460e+02
   1.3995596e+02
   1.4002682e+02
   1.4009923e+02
   1.4017095e+02
   1.4024249e+02
   1.4031349e+02
   1.4038504e+02
   1.4045583e+02
   1.4052747e+02
   1.4059884e+02
   1.4067015e+02
   1.4074141e+02
   1.4081278e+02
   1.4088421e+02
   1.4095589e+02
   1.4102761e+02
   1.4109846e+02
   1.4116979e+02
   1.4124082e+02
   1.4131282e+02
   1.4138388e+02
   1.4145519e+02
   1.4152657e+02
   1.4159794e+02
   1.4166894e+02
   1.4174085e+02
   1.4181132e+02
   1.4188262e+02
   1.4195406e+02
   1.4202516e+02
   1.4209638e+02
   1.4216865e+02
   1.4223995e+02
   1.4231064e+02
   1.4238203e+02
   1.4245276e+02
   1.4252381e+02
   1.4259550e+02
   1.4266631e+02
   1.4273715e+02
   1.4280841e+02
   1.4287901e+02
   1.4295064e+02
   1.4302168e+02
   1.4309325e+02
   1.4316402e+02
   1.4323485e+02
   1.4330539e+02
   1.4337745e+02
   1.4344846e+02
   1.4351984e+02
   1.4359054e+02
   1.4366157e+02
   1.4373320e+02
   1.4380480e+02
   1.4387598e+02
   1.4394755e+02
   1.4401854e+02
   1.4408929e+02
   1.4416051e+02
   1.4423253e+02
   1.4430349e+02
   1.4437475e+02
   1.4444616e+02
   1.4451738e+02
   1.4458885e+02
   1.4466038e+02
   1.4473495e+02
   1.4480857e+02
   1.4488096e+02
   1.4495169e+02
   1.4502343e+02
   1.4509481e+02
   1.4516601e+02
   1.4523711e+02
   1.4530905e+02
   1.4538013e+02
   1.4545216e+02
   1.4552327e+02
   1.4559486e+02
   1.4566615e+02
   1.4573704e+02
   1.4580845e+02
   1.4587942e+02
   1.4595033e+02
   1.4602110e+02
   1.4609212e+02
   1.4616314e+02
   1.4623490e+02
   1.4630600e+02
   1.4637720e+02
   1.4644856e+02
   1.4652024e+02
   1.4659110e+02
   1.4666261e+02
   1.4673372e+02
   1.4680506e+02
   1.4687582e+02
   1.4694646e+02
   1.4701752e+02
   1.4708845e+02
   1.4715908e+02
   1.4723019e+02
   1.4730113e+02
   1.4737218e+02
   1.4744397e+02
   1.4751477e+02
   1.4758573e+02
   1.4765682e+02
   1.4772792e+02
   1.4779901e+02
   1.4787119e+02
   1.4794258e+02
   1.4801381e+02
   1.4808479e+02
   1.4815543e+02
   1.4822714e+02
   1.4829897e+02
   1.4836999e+02
   1.4844105e+02
   1.4851211e+02
   1.4858316e+02
   1.4865429e+02
   1.4872638e+02
   1.4879730e+02
   1.4886832e+02
   1.4893902e+02
   1.4901020e+02
   1.4908164e+02
   1.4915295e+02
   1.4922406e+02
   1.4929516e+02
   1.4936652e+02
   1.4943705e+02
   1.4950883e+02
   1.4958027e+02
   1.4965185e+02
   1.4972352e+02
   1.4979442e+02
   1.4986559e+02
   1.4993739e+02
   1.5000866e+02
   1.5008005e+02
   1.5015134e+02
   1.5022275e+02
   1.5029352e+02
   1.5036539e+02
   1.5043610e+02
   1.5050751e+02
   1.5057855e+02
   1.5064969e+02
   1.5072072e+02
   1.5079184e+02
   1.5086274e+02
   1.5093378e+02
   1.5100470e+02
   1.5107571e+02
   1.5114696e+02
   1.5121810e+02
   1.5128878e+02
   1.5136054e+02
   1.5143157e+02
   1.5150272e+02
   1.5157459e+02
   1.5164539e+02
   1.5171616e+02
   1.5178731e+02
   1.5185841e+02
   1.5192975e+02
   1.5200248e+02
   1.5207309e+02
   1.5214413e+02
   1.5221546e+02
   1.5228675e+02
   1.5235810e+02
   1.5242881e+02
   1.5249969e+02
   1.5257037e+02
   1.5264176e+02
   1.5271326e+02
   1.5278512e+02
   1.5285581e+02
   1.5292700e+02
   1.5299792e+02
   1.5306862e+02
   1.5313955e+02
   1.5321104e+02
   1.5328255e+02
   1.5335380e+02
   1.5342490e+02
   1.5349648e+02
   1.5356735e+02
   1.5363972e+02
   1.5371036e+02
   1.5378176e+02
   1.5385283e+02
   1.5392342e+02
   1.5399430e+02
   1.5406628e+02
   1.5413751e+02
   1.5420861e+02
   1.5427984e+02
   1.5435050e+02
   1.5442175e+02
   1.5449349e+02
   1.5456487e+02
   1.5463609e+02
   1.5470704e+02
   1.5477832e+02
   1.5484963e+02
   1.5492108e+02
   1.5499248e+02
   1.5506344e+02
   1.5513510e+02
   1.5520620e+02
   1.5527835e+02
   1.5534961e+02
   1.5542062e+02
   1.5549205e+02
   1.5556318e+02
   1.5563446e+02
   1.5570652e+02
   1.5577728e+02
   1.5584821e+02
   1.5591958e+02
   1.5599042e+02
   1.5606282e+02
   1.5613415e+02
   1.5620566e+02
   1.5627680e+02
   1.5634785e+02
   1.5641916e+02
   1.5649119e+02
   1.5656197e+02
   1.5663352e+02
   1.5670453e+02
   1.5677635e+02
   1.5684728e+02
   1.5691917e+02
   1.5699034e+02
   1.5706136e+02
   1.5713204e+02
   1.5720305e+02
   1.5727493e+02
   1.5734631e+02
   1.5741762e+02
   1.5748891e+02
   1.5756028e+02
   1.5763180e+02
   1.5770287e+02
   1.5777370e+02
   1.5784460e+02
   1.5791559e+02
   1.5798668e+02
   1.5805749e+02
   1.5812956e+02
   1.5820083e+02
   1.5827176e+02
   1.5834282e+02
   1.5841363e+02
   1.5848583e+02
   1.5855703e+02
   1.5862770e+02
   1.5869857e+02
   1.5876987e+02
   1.5884105e+02
   1.5891266e+02
   1.5898379e+02
   1.5905475e+02
   1.5912583e+02
   1.5919659e+02
   1.5926782e+02
   1.5933954e+02
   1.5941141e+02
   1.5948238e+02
   1.5955319e+02
   1.5962479e+02
   1.5969694e+02
   1.5976740e+02
   1.5983906e+02
   1.5991046e+02
   1.5998140e+02
   1.6005252e+02
   1.6012417e+02
   1.6019532e+02
   1.6026677e+02
   1.6033841e+02
   1.6040985e+02
   1.6048043e+02
   1.6055205e+02
   1.6062337e+02
   1.6069485e+02
   1.6076579e+02
   1.6083658e+02
   1.6090767e+02
   1.6097988e+02
   1.6105152e+02
   1.6112263e+02
   1.6119342e+02
   1.6126454e+02
   1.6133503e+02
   1.6140644e+02
   1.6147728e+02
   1.6154883e+02
   1.6162012e+02
   1.6169080e+02
   1.6176200e+02
   1.6183328e+02
   1.6190446e+02
   1.6197514e+02
   1.6204632e+02
   1.6211723e+02
   1.6218870e+02
   1.6225968e+02
   1.6233087e+02
   1.6240232e+02
   1.6247366e+02
   1.6254525e+02
   1.6261724e+02
   1.6268845e+02
   1.6275978e+02
   1.6283100e+02
   1.6290183e+02
   1.6297290e+02
   1.6304500e+02
   1.6311566e+02
   1.6318631e+02
   1.6325733e+02
   1.6332886e+02
   1.6340001e+02
   1.6347120e+02
   1.6354249e+02
   1.6361343e+02
   1.6368455e+02
   1.6375569e+02
   1.6382759e+02
   1.6389829e+02
   1.6396893e+02
   1.6403975e+02
   1.6411071e+02
   1.6418159e+02
   1.6425313e+02
   1.6432454e+02
   1.6439565e+02
   1.6446681e+02
   1.6453758e+02
   1.6460910e+02
   1.6468121e+02
   1.6475248e+02
   1.6482361e+02
   1.6489500e+02
   1.6496609e+02
   1.6503676e+02
   1.6510770e+02
   1.6517847e+02
   1.6524962e+02
   1.6532071e+02
   1.6539191e+02
   1.6546376e+02
   1.6553519e+02
   1.6560595e+02
   1.6567687e+02
   1.6574798e+02
   1.6581876e+02
   1.6589042e+02
   1.6596151e+02
   1.6603326e+02
   1.6610442e+02
   1.6617563e+02
   1.6624601e+02
   1.6631750e+02
   1.6638789e+02
   1.6645909e+02
   1.6653013e+02
   1.6660123e+02
   1.6667232e+02
   1.6674447e+02
   1.6681482e+02
   1.6688632e+02
   1.6695785e+02
   1.6702867e+02
   1.6709958e+02
   1.6717074e+02
   1.6724137e+02
   1.6731221e+02
   1.6738295e+02
   1.6745395e+02
   1.6752577e+02
   1.6759646e+02
   1.6766735e+02
   1.6773823e+02
   1.6780952e+02
   1.6788034e+02
   1.6795199e+02
   1.6802280e+02
   1.6809357e+02
   1.6816482e+02
   1.6823555e+02
   1.6830669e+02
   1.6837830e+02
   1.6844969e+02
   1.6852080e+02
   1.6859219e+02
   1.6866336e+02
   1.6873512e+02
   1.6880695e+02
   1.6887843e+02
   1.6894931e+02
   1.6902050e+02
   1.6909152e+02
   1.6916251e+02
   1.6923349e+02
   1.6930501e+02
   1.6937596e+02
   1.6944659e+02
   1.6951783e+02
   1.6958986e+02
   1.6966083e+02
   1.6973201e+02
   1.6980331e+02
   1.6987464e+02
   1.6994593e+02
   1.7001761e+02
   1.7008887e+02
   1.7015994e+02
   1.7023120e+02
   1.7030217e+02
   1.7037351e+02
   1.7044542e+02
   1.7051644e+02
   1.7058749e+02
   1.7065841e+02
   1.7073030e+02
   1.7080102e+02
   1.7087307e+02
   1.7094463e+02
   1.7101595e+02
   1.7108668e+02
   1.7115768e+02
   1.7122939e+02
   1.7130062e+02
   1.7137158e+02
   1.7144269e+02
   1.7151391e+02
   1.7158499e+02
   1.7165683e+02
   1.7172812e+02
   1.7179915e+02
   1.7187017e+02
   1.7194095e+02
   1.7201187e+02
   1.7208435e+02
   1.7215555e+02
   1.7222683e+02
   1.7229834e+02
   1.7236955e+02
   1.7244085e+02
   1.7251279e+02
   1.7258443e+02
   1.7265560e+02
   1.7272695e+02
   1.7279805e+02
   1.7287612e+02
   1.7296305e+02
   1.7305019e+02
   1.7313739e+02
   1.7322420e+02
   1.7331009e+02
   1.7339225e+02
   1.7347343e+02
   1.7355396e+02
   1.7363281e+02
   1.7370733e+02
   1.7377795e+02
   1.7384874e+02
   1.7392021e+02
   1.7399111e+02
   1.7407210e+02
   1.7415948e+02
   1.7424616e+02
   1.7433027e+02
   1.7441136e+02
   1.7449280e+02
   1.7457338e+02
   1.7465498e+02
   1.7473596e+02
   1.7481719e+02
   1.7489842e+02
   1.7497064e+02
   1.7504184e+02
   1.7511305e+02
   1.7518459e+02
   1.7525623e+02
   1.7532848e+02
   1.7539959e+02
   1.7547048e+02
   1.7554148e+02
   1.7561288e+02
   1.7568388e+02
   1.7575593e+02
   1.7582685e+02
   1.7589810e+02
   1.7596960e+02
   1.7604059e+02
   1.7611152e+02
   1.7618341e+02
   1.7625480e+02
   1.7632603e+02
   1.7639652e+02
   1.7646720e+02
   1.7653893e+02
   1.7661051e+02
   1.7668139e+02
   1.7675248e+02
   1.7682395e+02
   1.7689497e+02
   1.7696635e+02
   1.7703685e+02
   1.7710835e+02
   1.7717958e+02
   1.7725077e+02
   1.7732183e+02
   1.7739362e+02
   1.7746466e+02
   1.7753575e+02
   1.7760663e+02
   1.7767711e+02
   1.7774831e+02
   1.7782013e+02
   1.7789044e+02
   1.7796164e+02
   1.7803272e+02
   1.7810331e+02
   1.7817469e+02
   1.7824643e+02
   1.7831722e+02
   1.7838875e+02
   1.7845948e+02
   1.7853079e+02
   1.7860131e+02
   1.7867262e+02
   1.7874346e+02
   1.7881468e+02
   1.7888514e+02
   1.7895633e+02
   1.7902697e+02
   1.7909786e+02
   1.7916854e+02
   1.7923958e+02
   1.7931046e+02
   1.7938398e+02
   1.7945624e+02
   1.7952738e+02
   1.7959823e+02
   1.7966901e+02
   1.7973980e+02
   1.7981053e+02
   1.7988239e+02
   1.7995295e+02
   1.8002410e+02
   1.8009475e+02
   1.8016583e+02
   1.8023655e+02
   1.8030925e+02
   1.8038073e+02
   1.8045206e+02
   1.8052280e+02
   1.8059369e+02
   1.8066510e+02
   1.8073605e+02
   1.8080780e+02
   1.8087888e+02
   1.8094948e+02
   1.8102078e+02
   1.8109290e+02
   1.8116464e+02
   1.8123582e+02
   1.8130718e+02
   1.8137869e+02
   1.8144927e+02
   1.8152091e+02
   1.8159197e+02
   1.8166299e+02
   1.8173390e+02
   1.8180501e+02
   1.8187582e+02
   1.8194753e+02
   1.8201891e+02
   1.8208990e+02
   1.8216119e+02
   1.8223199e+02
   1.8230274e+02
   1.8237461e+02
   1.8244584e+02
   1.8251668e+02
   1.8258822e+02
   1.8265931e+02
   1.8272981e+02
   1.8280063e+02
   1.8287190e+02
   1.8294290e+02
   1.8301387e+02
   1.8308538e+02
   1.8315724e+02
   1.8322829e+02
   1.8329957e+02
   1.8337102e+02
   1.8344227e+02
   1.8351330e+02
   1.8358505e+02
   1.8365562e+02
   1.8372703e+02
   1.8379817e+02
   1.8386896e+02
   1.8393983e+02
   1.8401173e+02
   1.8408260e+02
   1.8415420e+02
   1.8422524e+02
   1.8429619e+02
   1.8436725e+02
   1.8443877e+02
   1.8450962e+02
   1.8458098e+02
   1.8465200e+02
   1.8472313e+02
   1.8479493e+02
   1.8486646e+02
   1.8493787e+02
   1.8500870e+02
   1.8508002e+02
   1.8515141e+02
   1.8522350e+02
   1.8529422e+02
   1.8536537e+02
   1.8543639e+02
   1.8550776e+02
   1.8557938e+02
   1.8565127e+02
   1.8572271e+02
   1.8579380e+02
   1.8586492e+02
   1.8593578e+02
   1.8600725e+02
   1.8607775e+02
   1.8614874e+02
   1.8621987e+02
   1.8629038e+02
   1.8636131e+02
   1.8643298e+02
   1.8650398e+02
   1.8657435e+02
   1.8664505e+02
   1.8671558e+02
   1.8678656e+02
   1.8685841e+02
   1.8692963e+02
   1.8700100e+02
   1.8707189e+02
   1.8714336e+02
   1.8721421e+02
   1.8728569e+02
   1.8735696e+02
   1.8742805e+02
   1.8749909e+02
   1.8756956e+02
   1.8764137e+02
   1.8771206e+02
   1.8778310e+02
   1.8785423e+02
   1.8792501e+02
   1.8799648e+02
   1.8806792e+02
   1.8813903e+02
   1.8821109e+02
   1.8828229e+02
   1.8835321e+02
   1.8842395e+02
   1.8849554e+02
   1.8856632e+02
   1.8863694e+02
   1.8870812e+02
   1.8877904e+02
   1.8885000e+02
   1.8892201e+02
   1.8899340e+02
   1.8906469e+02
   1.8913628e+02
   1.8920752e+02
   1.8927861e+02
   1.8934998e+02
   1.8942119e+02
   1.8949212e+02
   1.8956303e+02
   1.8963410e+02
   1.8970568e+02
   1.8977645e+02
   1.8984782e+02
   1.8991912e+02
   1.8999014e+02
   1.9006155e+02
   1.9013365e+02
   1.9020477e+02
   1.9027593e+02
   1.9034701e+02
   1.9041771e+02
   1.9048912e+02
   1.9056027e+02
   1.9063158e+02
   1.9070233e+02
   1.9077352e+02
   1.9084436e+02
   1.9091639e+02
   1.9098720e+02
   1.9105842e+02
   1.9112960e+02
   1.9120075e+02
   1.9127165e+02
   1.9134347e+02
   1.9141430e+02
   1.9148584e+02
   1.9155657e+02
   1.9162764e+02
   1.9169904e+02
   1.9177053e+02
   1.9184196e+02
   1.9191309e+02
   1.9198403e+02
   1.9205556e+02
   1.9212655e+02
   1.9219800e+02
   1.9226903e+02
   1.9234122e+02
   1.9241238e+02
   1.9248343e+02
   1.9255543e+02
   1.9262691e+02
   1.9269810e+02
   1.9276957e+02
   1.9284061e+02
   1.9291141e+02
   1.9298276e+02
   1.9305366e+02
   1.9312503e+02
   1.9319622e+02
   1.9326745e+02
   1.9333860e+02
   1.9341046e+02
   1.9348139e+02
   1.9355282e+02
   1.9362408e+02
   1.9369532e+02
   1.9376723e+02
   1.9383796e+02
   1.9390925e+02
   1.9397981e+02
   1.9405112e+02
   1.9412218e+02
   1.9419406e+02
   1.9426517e+02
   1.9433713e+02
   1.9440810e+02
   1.9447906e+02
   1.9454994e+02
   1.9462184e+02
   1.9469319e+02
   1.9476436e+02
   1.9483549e+02
   1.9490679e+02
   1.9497883e+02
   1.9504961e+02
   1.9512092e+02
   1.9519193e+02
   1.9526316e+02
   1.9533411e+02
   1.9540536e+02
   1.9547681e+02
   1.9554771e+02
   1.9561864e+02
   1.9568965e+02
   1.9576122e+02
   1.9583313e+02
   1.9590388e+02
   1.9597515e+02
   1.9604651e+02
   1.9611704e+02
   1.9618930e+02
   1.9626036e+02
   1.9633164e+02
   1.9640258e+02
   1.9647359e+02
   1.9654484e+02
   1.9661679e+02
   1.9668769e+02
   1.9675901e+02
   1.9682999e+02
   1.9690065e+02
   1.9697135e+02
   1.9704347e+02
   1.9711410e+02
   1.9718622e+02
   1.9725707e+02
   1.9732827e+02
   1.9739902e+02
   1.9747079e+02
   1.9754241e+02
   1.9761367e+02
   1.9768522e+02
   1.9775659e+02
   1.9782768e+02
   1.9789896e+02
   1.9797052e+02
   1.9804186e+02
   1.9811244e+02
   1.9818350e+02
   1.9825511e+02
   1.9832629e+02
   1.9839739e+02
   1.9846867e+02
   1.9853970e+02
   1.9861125e+02
   1.9868332e+02
   1.9875468e+02
   1.9882561e+02
   1.9889662e+02
   1.9896749e+02
   1.9903878e+02
   1.9911044e+02
   1.9918164e+02
   1.9925285e+02
   1.9932411e+02
   1.9939513e+02
   1.9946632e+02
   1.9953729e+02
   1.9960833e+02
   1.9967881e+02
   1.9975012e+02
   1.9982117e+02
   1.9989309e+02
   1.9996414e+02
   2.0003513e+02
   2.0010620e+02
   2.0017707e+02
   2.0024859e+02
   2.0032034e+02
   2.0039132e+02
   2.0046253e+02
   2.0053371e+02
   2.0060548e+02
   2.0067604e+02
   2.0074777e+02
   2.0081903e+02
   2.0088991e+02
   2.0096069e+02
   2.0103151e+02
   2.0110274e+02
   2.0117381e+02
   2.0124441e+02
   2.0131544e+02
   2.0138638e+02
   2.0145754e+02
   2.0152933e+02
   2.0160040e+02
   2.0167147e+02
   2.0174277e+02
   2.0181388e+02
   2.0188470e+02
   2.0195662e+02
   2.0202735e+02
   2.0209802e+02
   2.0216908e+02
   2.0224040e+02
   2.0231177e+02
   2.0238282e+02
   2.0245373e+02
   2.0252486e+02
   2.0259614e+02
   2.0266721e+02
   2.0273866e+02
   2.0280945e+02
   2.0288078e+02
   2.0295165e+02
   2.0302235e+02
   2.0309347e+02
   2.0316512e+02
   2.0323611e+02
   2.0330741e+02
   2.0337873e+02
   2.0344999e+02
   2.0352116e+02
   2.0359303e+02
   2.0366455e+02
   2.0373538e+02
   2.0380654e+02
   2.0387754e+02
   2.0394836e+02
   2.0401987e+02
   2.0409042e+02
   2.0416140e+02
   2.0423208e+02
   2.0430348e+02
   2.0437485e+02
   2.0444538e+02
   2.0451655e+02
   2.0458743e+02
   2.0465844e+02
   2.0472979e+02
   2.0480193e+02
   2.0487284e+02
   2.0494389e+02
   2.0501476e+02
   2.0508597e+02
   2.0515690e+02
   2.0522844e+02
   2.0529964e+02
   2.0537118e+02
   2.0544225e+02
   2.0551352e+02
   2.0558517e+02
   2.0565668e+02
   2.0572745e+02
   2.0579875e+02
   2.0586969e+02
   2.0594058e+02
   2.0601131e+02
   2.0608253e+02
   2.0615397e+02
   2.0622536e+02
   2.0629658e+02
   2.0636774e+02
   2.0644011e+02
   2.0651107e+02
   2.0658218e+02
   2.0665327e+02
   2.0672438e+02
   2.0679564e+02
   2.0686724e+02
   2.0693808e+02
   2.0700916e+02
   2.0707989e+02
   2.0715109e+02
   2.0722180e+02
   2.0729365e+02
   2.0736511e+02
   2.0743652e+02
   2.0750782e+02
   2.0757927e+02
   2.0765077e+02
   2.0772221e+02
   2.0779390e+02
   2.0786524e+02
   2.0793635e+02
   2.0800745e+02
   2.0807965e+02
   2.0815109e+02
   2.0822256e+02
   2.0829471e+02
   2.0836626e+02
   2.0843772e+02
   2.0850964e+02
   2.0858115e+02
   2.0865209e+02
   2.0872347e+02
   2.0879502e+02
   2.0886594e+02
   2.0893814e+02
   2.0900965e+02
   2.0908101e+02
   2.0915211e+02
   2.0922327e+02
   2.0929444e+02
   2.0936557e+02
   2.0943709e+02
   2.0950790e+02
   2.0957934e+02
   2.0965020e+02
   2.0972197e+02
   2.0979272e+02
   2.0986359e+02
   2.0993502e+02
   2.1000641e+02
   2.1007734e+02
   2.1014910e+02
   2.1022029e+02
   2.1029147e+02
   2.1036230e+02
   2.1043358e+02
   2.1050503e+02
   2.1057723e+02
   2.1064880e+02
   2.1072017e+02
   2.1079180e+02
   2.1086302e+02
   2.1093440e+02
   2.1100568e+02
   2.1107717e+02
   2.1114841e+02
   2.1121899e+02
   2.1129009e+02
   2.1136181e+02
   2.1143296e+02
   2.1150361e+02
   2.1157473e+02
   2.1164586e+02
   2.1171660e+02
   2.1178828e+02
   2.1185969e+02
   2.1193088e+02
   2.1200179e+02
   2.1207298e+02
   2.1214408e+02
   2.1221579e+02
   2.1228658e+02
   2.1235787e+02
   2.1242928e+02
   2.1250073e+02
   2.1257268e+02
   2.1264405e+02
   2.1271512e+02
   2.1278665e+02
   2.1285776e+02
   2.1292879e+02
   2.1300099e+02
   2.1307183e+02
   2.1314298e+02
   2.1321395e+02
   2.1328486e+02
   2.1335611e+02
   2.1342781e+02
   2.1349899e+02
   2.1357093e+02
   2.1364185e+02
   2.1371236e+02
   2.1378394e+02
   2.1385517e+02
   2.1392602e+02
   2.1399710e+02
   2.1406826e+02
   2.1413898e+02
   2.1421411e+02
   2.1428537e+02
   2.1436031e+02
   2.1443515e+02
   2.1451214e+02
   2.1458368e+02
   2.1465523e+02
   2.1472645e+02
   2.1479774e+02
   2.1486932e+02
   2.1494021e+02
   2.1501229e+02
   2.1508357e+02
   2.1515564e+02
   2.1522641e+02
   2.1529782e+02
   2.1536838e+02
   2.1543991e+02
   2.1551079e+02
   2.1558195e+02
   2.1565316e+02
   2.1572399e+02
   2.1579519e+02
   2.1586679e+02
   2.1593786e+02
   2.1600858e+02
   2.1607938e+02
   2.1615035e+02
   2.1622153e+02
   2.1629244e+02
   2.1636327e+02
   2.1643461e+02
   2.1650534e+02
   2.1657613e+02
   2.1664839e+02
   2.1671916e+02
   2.1679000e+02
   2.1686077e+02
   2.1693208e+02
   2.1700303e+02
   2.1707499e+02
   2.1714615e+02
   2.1721707e+02
   2.1728828e+02
   2.1735944e+02
   2.1743028e+02
   2.1750232e+02
   2.1757365e+02
   2.1764519e+02
   2.1771638e+02
   2.1778762e+02
   2.1785892e+02
   2.1793080e+02
   2.1800238e+02
   2.1807327e+02
   2.1814457e+02
   2.1821613e+02
   2.1828682e+02
   2.1835812e+02
   2.1842886e+02
   2.1850025e+02
   2.1857155e+02
   2.1864275e+02
   2.1871484e+02
   2.1878597e+02
   2.1885694e+02
   2.1892807e+02
   2.1899950e+02
   2.1907053e+02
   2.1914288e+02
   2.1921412e+02
   2.1928529e+02
   2.1935622e+02
   2.1942777e+02
   2.1949927e+02
   2.1957139e+02
   2.1964251e+02
   2.1971462e+02
   2.1978554e+02
   2.1985651e+02
   2.1992766e+02
   2.1999863e+02
   2.2006989e+02
   2.2014132e+02
   2.2021263e+02
   2.2028344e+02
   2.2035557e+02
   2.2042658e+02
   2.2049827e+02
   2.2056936e+02
   2.2063975e+02
   2.2071121e+02
   2.2078270e+02
   2.2085362e+02
   2.2092430e+02
   2.2099523e+02
   2.2106650e+02
   2.2113724e+02
   2.2120896e+02
   2.2128042e+02
   2.2135157e+02
   2.2142282e+02
   2.2149417e+02
   2.2156494e+02
   2.2163696e+02
   2.2170843e+02
   2.2177931e+02
   2.2185060e+02
   2.2192183e+02
   2.2199322e+02
   2.2206442e+02
   2.2213619e+02
   2.2220713e+02
   2.2227900e+02
   2.2234976e+02
   2.2242202e+02
   2.2249362e+02
   2.2256482e+02
   2.2263580e+02
   2.2270690e+02
   2.2277756e+02
   2.2284943e+02
   2.2292093e+02
   2.2299214e+02
   2.2306357e+02
   2.2313464e+02
   2.2320566e+02
   2.2327741e+02
   2.2334840e+02
   2.2341968e+02
   2.2349136e+02
   2.2356234e+02
   2.2363352e+02
   2.2370465e+02
   2.2377612e+02
   2.2384695e+02
   2.2391778e+02
   2.2398874e+02
   2.2406102e+02
   2.2413298e+02
   2.2420497e+02
   2.2427614e+02
   2.2434747e+02
   2.2441858e+02
   2.2449052e+02
   2.2456143e+02
   2.2463288e+02
   2.2470452e+02
   2.2477542e+02
   2.2484629e+02
   2.2491779e+02
   2.2498918e+02
   2.2506055e+02
   2.2513191e+02
   2.2520288e+02
   2.2527358e+02
   2.2534481e+02
   2.2541615e+02
   2.2548758e+02
   2.2555840e+02
   2.2562928e+02
   2.2570119e+02
   2.2577459e+02
   2.2586087e+02
   2.2594781e+02
   2.2603460e+02
   2.2612199e+02
   2.2620322e+02
   2.2628274e+02
   2.2636834e+02
   2.2645475e+02
   2.2654257e+02
   2.2662733e+02
   2.2671387e+02
   2.2680090e+02
   2.2688836e+02
   2.2697617e+02
   2.2706284e+02
   2.2715056e+02
   2.2723441e+02
   2.2731881e+02
   2.2739671e+02
   2.2747298e+02
   2.2754413e+02
   2.2761552e+02
   2.2768659e+02
   2.2775859e+02
   2.2782977e+02
   2.2790092e+02
   2.2797253e+02
   2.2804376e+02
   2.2811466e+02
   2.2818630e+02
   2.2825706e+02
   2.2832766e+02
   2.2839867e+02
   2.2847019e+02
   2.2854089e+02
   2.2861266e+02
   2.2868356e+02
   2.2875486e+02
   2.2882606e+02
   2.2889727e+02
   2.2896832e+02
   2.2904056e+02
   2.2911193e+02
   2.2918279e+02
   2.2925328e+02
   2.2932451e+02
   2.2939673e+02
   2.2946743e+02
   2.2953842e+02
   2.2960885e+02
   2.2968005e+02
   2.2975119e+02
   2.2982332e+02
   2.2989487e+02
   2.2996641e+02
   2.3003758e+02
   2.3010852e+02
   2.3017994e+02
   2.3025151e+02
   2.3032276e+02
   2.3039356e+02
   2.3046508e+02
   2.3053604e+02
   2.3060702e+02
   2.3067901e+02
   2.3075052e+02
   2.3082168e+02
   2.3089247e+02
   2.3096334e+02
   2.3103556e+02
   2.3110680e+02
   2.3117784e+02
   2.3124923e+02
   2.3131980e+02
   2.3139116e+02
   2.3146290e+02
   2.3153376e+02
   2.3160468e+02
   2.3167562e+02
   2.3174688e+02
   2.3181839e+02
   2.3189026e+02
   2.3196169e+02
   2.3203274e+02
   2.3210388e+02
   2.3217511e+02
   2.3224700e+02
   2.3231847e+02
   2.3238958e+02
   2.3246035e+02
   2.3253171e+02
   2.3260267e+02
   2.3267476e+02
   2.3274590e+02
   2.3281716e+02
   2.3288853e+02
   2.3296023e+02
   2.3303142e+02
   2.3310360e+02
   2.3317448e+02
   2.3324586e+02
   2.3331710e+02
   2.3338902e+02
   2.3345963e+02
   2.3353167e+02
   2.3360305e+02
   2.3367400e+02
   2.3374534e+02
   2.3381605e+02
   2.3388745e+02
   2.3395875e+02
   2.3403030e+02
   2.3410129e+02
   2.3417247e+02
   2.3424315e+02
   2.3431461e+02
   2.3438627e+02
   2.3445722e+02
   2.3452804e+02
   2.3459904e+02
   2.3467058e+02
   2.3474259e+02
   2.3481374e+02
   2.3488511e+02
   2.3495626e+02
   2.3502775e+02
   2.3509873e+02
   2.3517082e+02
   2.3524182e+02
   2.3531309e+02
   2.3538420e+02
   2.3545513e+02
   2.3552703e+02
   2.3559794e+02
   2.3566934e+02
   2.3574061e+02
   2.3581208e+02
   2.3588349e+02
   2.3595594e+02
   2.3602704e+02
   2.3609831e+02
   2.3616910e+02
   2.3623981e+02
   2.3631112e+02
   2.3638269e+02
   2.3645335e+02
   2.3652514e+02
   2.3659615e+02
   2.3666767e+02
   2.3673853e+02
   2.3681032e+02
   2.3688134e+02
   2.3695268e+02
   2.3702392e+02
   2.3709471e+02
   2.3716578e+02
   2.3723691e+02
   2.3730778e+02
   2.3737842e+02
   2.3744963e+02
   2.3752092e+02
   2.3759271e+02
   2.3766375e+02
   2.3773480e+02
   2.3780632e+02
   2.3787778e+02
   2.3794883e+02
   2.3802105e+02
   2.3809207e+02
   2.3816330e+02
   2.3823457e+02
   2.3830580e+02
   2.3837692e+02
   2.3844889e+02
   2.3852017e+02
   2.3859136e+02
   2.3866228e+02
   2.3873328e+02
   2.3880461e+02
   2.3887580e+02
   2.3894712e+02
   2.3901826e+02
   2.3908923e+02
   2.3915997e+02
   2.3923155e+02
   2.3930257e+02
   2.3937419e+02
   2.3944485e+02
   2.3951610e+02
   2.3958737e+02
   2.3965963e+02
   2.3973084e+02
   2.3980194e+02
   2.3987297e+02
   2.3994410e+02
   2.4001472e+02
   2.4008686e+02
   2.4015775e+02
   2.4022919e+02
   2.4029971e+02
   2.4037153e+02
   2.4044283e+02
   2.4051441e+02
   2.4058512e+02
   2.4065634e+02
   2.4072754e+02
   2.4079930e+02
   2.4087123e+02
   2.4094251e+02
   2.4101350e+02
   2.4108506e+02
   2.4115592e+02
   2.4122721e+02
   2.4129929e+02
   2.4137004e+02
   2.4144067e+02
   2.4151176e+02
   2.4158328e+02
   2.4165439e+02
   2.4172590e+02
   2.4179698e+02
   2.4186826e+02
   2.4193957e+02
   2.4201017e+02
   2.4208100e+02
   2.4215248e+02
   2.4222371e+02
   2.4229474e+02
   2.4236602e+02
   2.4243754e+02
   2.4250906e+02
   2.4258010e+02
   2.4265151e+02
   2.4272275e+02
   2.4279388e+02
   2.4286489e+02
   2.4293660e+02
   2.4300797e+02
   2.4307964e+02
   2.4315112e+02
   2.4322215e+02
   2.4329333e+02
   2.4336555e+02
   2.4343688e+02
   2.4350838e+02
   2.4357959e+02
   2.4365110e+02
   2.4372257e+02
   2.4379455e+02
   2.4386592e+02
   2.4393691e+02
   2.4400758e+02
   2.4407824e+02
   2.4414923e+02
   2.4422087e+02
   2.4429217e+02
   2.4436344e+02
   2.4443443e+02
   2.4450558e+02
   2.4457692e+02
   2.4464830e+02
   2.4471958e+02
   2.4479086e+02
   2.4486163e+02
   2.4493286e+02
   2.4500395e+02
   2.4507534e+02
   2.4514686e+02
   2.4521769e+02
   2.4528857e+02
   2.4535996e+02
   2.4543185e+02
   2.4550316e+02
   2.4557406e+02
   2.4564427e+02
   2.4571526e+02
   2.4578687e+02
   2.4585801e+02
   2.4592895e+02
   2.4599971e+02
   2.4607092e+02
   2.4614199e+02
   2.4621440e+02
   2.4628618e+02
   2.4635694e+02
   2.4642830e+02
   2.4649914e+02
   2.4657018e+02
   2.4664176e+02
   2.4671301e+02
   2.4678390e+02
   2.4685542e+02
   2.4692635e+02
   2.4699754e+02
   2.4706886e+02
   2.4713964e+02
   2.4721037e+02
   2.4728171e+02
   2.4735227e+02
   2.4742387e+02
   2.4749522e+02
   2.4756594e+02
   2.4763714e+02
   2.4770849e+02
   2.4777963e+02
   2.4785150e+02
   2.4792265e+02
   2.4799413e+02
   2.4806567e+02
   2.4813700e+02
   2.4820833e+02
   2.4828073e+02
   2.4835187e+02
   2.4842318e+02
   2.4849454e+02
   2.4856599e+02
   2.4863675e+02
   2.4870832e+02
   2.4877969e+02
   2.4885070e+02
   2.4892225e+02
   2.4899391e+02
   2.4906585e+02
   2.4913718e+02
   2.4920863e+02
   2.4927970e+02
   2.4935085e+02
   2.4942160e+02
   2.4949351e+02
   2.4956463e+02
   2.4963624e+02
   2.4970704e+02
   2.4977818e+02
   2.4984909e+02
   2.4992139e+02
   2.4999245e+02
   2.5006392e+02
   2.5013543e+02
   2.5020646e+02
   2.5027757e+02
   2.5034896e+02
   2.5041971e+02
   2.5049122e+02
   2.5056206e+02
   2.5063335e+02
   2.5070486e+02
   2.5077607e+02
   2.5084716e+02
   2.5091780e+02
   2.5098909e+02
   2.5105964e+02
   2.5113163e+02
   2.5120263e+02
   2.5127340e+02
   2.5134433e+02
   2.5141586e+02
   2.5148685e+02
   2.5155869e+02
   2.5162952e+02
   2.5170090e+02
   2.5177213e+02
   2.5184367e+02
   2.5191470e+02
   2.5198686e+02
   2.5205827e+02
   2.5212979e+02
   2.5220123e+02
   2.5227234e+02
   2.5234425e+02
   2.5241566e+02
   2.5248642e+02
   2.5255752e+02
   2.5262804e+02
   2.5269928e+02
   2.5277165e+02
   2.5284262e+02
   2.5291409e+02
   2.5298527e+02
   2.5305659e+02
   2.5312753e+02
   2.5319933e+02
   2.5327081e+02
   2.5334143e+02
   2.5341232e+02
   2.5348351e+02
   2.5355448e+02
   2.5362573e+02
   2.5369678e+02
   2.5376817e+02
   2.5383854e+02
   2.5390976e+02
   2.5398074e+02
   2.5405231e+02
   2.5412308e+02
   2.5419416e+02
   2.5426498e+02
   2.5433656e+02
   2.5440794e+02
   2.5447899e+02
   2.5454992e+02
   2.5462123e+02
   2.5469212e+02
   2.5476350e+02
   2.5483533e+02
   2.5490635e+02
   2.5497748e+02
   2.5504876e+02
   2.5511938e+02
   2.5519050e+02
   2.5526238e+02
   2.5533371e+02
   2.5540467e+02
   2.5547555e+02
   2.5554631e+02
   2.5561750e+02
   2.5568910e+02
   2.5576006e+02
   2.5583091e+02
   2.5590180e+02
   2.5597281e+02
   2.5604415e+02
   2.5611506e+02
   2.5618612e+02
   2.5625757e+02
   2.5632883e+02
   2.5640019e+02
   2.5647203e+02
   2.5654313e+02
   2.5661435e+02
   2.5668517e+02
   2.5675633e+02
   2.5682727e+02
   2.5689955e+02
   2.5697065e+02
   2.5704188e+02
   2.5711311e+02
   2.5718391e+02
   2.5725483e+02
   2.5732661e+02
   2.5739750e+02
   2.5746801e+02
   2.5753956e+02
   2.5761100e+02
   2.5768216e+02
   2.5775355e+02
   2.5782492e+02
   2.5789596e+02
   2.5796744e+02
   2.5803872e+02
   2.5811074e+02
   2.5818238e+02
   2.5825286e+02
   2.5832390e+02
   2.5839480e+02
   2.5846576e+02
   2.5853749e+02
   2.5860811e+02
   2.5867938e+02
   2.5874986e+02
   2.5882103e+02
   2.5889211e+02
   2.5896383e+02
   2.5903516e+02
   2.5910593e+02
   2.5917696e+02
   2.5924755e+02
   2.5931858e+02
   2.5938997e+02
   2.5946076e+02
   2.5953205e+02
   2.5960349e+02
   2.5967466e+02
   2.5974661e+02
   2.5981749e+02
   2.5988824e+02
   2.5995906e+02
   2.6003025e+02
   2.6010108e+02
   2.6017296e+02
   2.6024374e+02
   2.6031472e+02
   2.6038588e+02
   2.6045697e+02
   2.6052803e+02
   2.6060001e+02
   2.6067133e+02
   2.6074262e+02
   2.6081390e+02
   2.6088537e+02
   2.6095626e+02
   2.6102720e+02
   2.6109835e+02
   2.6116932e+02
   2.6124018e+02
   2.6131166e+02
   2.6138320e+02
   2.6145396e+02
   2.6152492e+02
   2.6159611e+02
   2.6166761e+02
   2.6173899e+02
   2.6181134e+02
   2.6188261e+02
   2.6195374e+02
   2.6202515e+02
   2.6209674e+02
   2.6216785e+02
   2.6223962e+02
   2.6231111e+02
   2.6238248e+02
   2.6245352e+02
   2.6252451e+02
   2.6259560e+02
   2.6266674e+02
   2.6273782e+02
   2.6280905e+02
   2.6288058e+02
   2.6295233e+02
   2.6302469e+02
   2.6309576e+02
   2.6316725e+02
   2.6323876e+02
   2.6330940e+02
   2.6338035e+02
   2.6345203e+02
   2.6352302e+02
   2.6359405e+02
   2.6366435e+02
   2.6373541e+02
   2.6380657e+02
   2.6387882e+02
   2.6395022e+02
   2.6402085e+02
   2.6409182e+02
   2.6416274e+02
   2.6423512e+02
   2.6430611e+02
   2.6437742e+02
   2.6444843e+02
   2.6451955e+02
   2.6459054e+02
   2.6466194e+02
   2.6473288e+02
   2.6480355e+02
   2.6487471e+02
   2.6494555e+02
   2.6501657e+02
   2.6508850e+02
   2.6515996e+02
   2.6523123e+02
   2.6530248e+02
   2.6537297e+02
   2.6544448e+02
   2.6551611e+02
   2.6558734e+02
   2.6565849e+02
   2.6572992e+02
   2.6580056e+02
   2.6587275e+02
   2.6594402e+02
   2.6601498e+02
   2.6608593e+02
   2.6615735e+02
   2.6622887e+02
   2.6630053e+02
   2.6637161e+02
   2.6644225e+02
   2.6651361e+02
   2.6658453e+02
   2.6665553e+02
   2.6672731e+02
   2.6679806e+02
   2.6686883e+02
   2.6694033e+02
   2.6701144e+02
   2.6708261e+02
   2.6715405e+02
   2.6722481e+02
   2.6729605e+02
   2.6736709e+02
   2.6743829e+02
   2.6750972e+02
   2.6758108e+02
   2.6765317e+02
   2.6772944e+02
   2.6780101e+02
   2.6787219e+02
   2.6794391e+02
   2.6801473e+02
   2.6808529e+02
   2.6815622e+02
   2.6822689e+02
   2.6829829e+02
   2.6837078e+02
   2.6844192e+02
   2.6852021e+02
   2.6859181e+02
   2.6866312e+02
   2.6873431e+02
   2.6880470e+02
   2.6887563e+02
   2.6894672e+02
   2.6901793e+02
   2.6908921e+02
   2.6916107e+02
   2.6923187e+02
   2.6930281e+02
   2.6937388e+02
   2.6944507e+02
   2.6951597e+02
   2.6958781e+02
   2.6965889e+02
   2.6973020e+02
   2.6980131e+02
   2.6987201e+02
   2.6994301e+02
   2.7001480e+02
   2.7008596e+02
   2.7015665e+02
   2.7022728e+02
   2.7029854e+02
   2.7036970e+02
   2.7044149e+02
   2.7051284e+02
   2.7058420e+02
   2.7065551e+02
   2.7072631e+02
   2.7079722e+02
   2.7086805e+02
   2.7093906e+02
   2.7100994e+02
   2.7108089e+02
   2.7115199e+02
   2.7122364e+02
   2.7129463e+02
   2.7136606e+02
   2.7143712e+02
   2.7150759e+02
   2.7157804e+02
   2.7165028e+02
   2.7172131e+02
   2.7179252e+02
   2.7186400e+02
   2.7193507e+02
   2.7200600e+02
   2.7207796e+02
   2.7214946e+02
   2.7222074e+02
   2.7229191e+02
   2.7236290e+02
   2.7243450e+02
   2.7250581e+02
   2.7257668e+02
   2.7264800e+02
   2.7271892e+02
   2.7279022e+02
   2.7286189e+02
   2.7293272e+02
   2.7300375e+02
   2.7307436e+02
   2.7314556e+02
   2.7321613e+02
   2.7328839e+02
   2.7335919e+02
   2.7343050e+02
   2.7350206e+02
   2.7357307e+02
   2.7364437e+02
   2.7371512e+02
   2.7378600e+02
   2.7385724e+02
   2.7392868e+02
   2.7399961e+02
   2.7407143e+02
   2.7414267e+02
   2.7421345e+02
   2.7428508e+02
   2.7435604e+02
   2.7442691e+02
   2.7449887e+02
   2.7457018e+02
   2.7464113e+02
   2.7471232e+02
   2.7478347e+02
   2.7485427e+02
   2.7492676e+02
   2.7499808e+02
   2.7506888e+02
   2.7513995e+02
   2.7521078e+02
   2.7528217e+02
   2.7535340e+02
   2.7542461e+02
   2.7549580e+02
   2.7556700e+02
   2.7563796e+02
   2.7570992e+02
   2.7578125e+02
   2.7585281e+02
   2.7592339e+02
   2.7599424e+02
   2.7606569e+02
   2.7613732e+02
   2.7620833e+02
   2.7627987e+02
   2.7635106e+02
   2.7642187e+02
   2.7649388e+02
   2.7656441e+02
   2.7663558e+02
   2.7670671e+02
   2.7677785e+02
   2.7684874e+02
   2.7692020e+02
   2.7699112e+02
   2.7706175e+02
   2.7713314e+02
   2.7720427e+02
   2.7727493e+02
   2.7734698e+02
   2.7741812e+02
   2.7748936e+02
   2.7756069e+02
   2.7763130e+02
   2.7770203e+02
   2.7777325e+02
   2.7784431e+02
   2.7791547e+02
   2.7798699e+02
   2.7805816e+02
   2.7812929e+02
   2.7820049e+02
   2.7827139e+02
   2.7834277e+02
   2.7841416e+02
   2.7848514e+02
   2.7855711e+02
   2.7862825e+02
   2.7869937e+02
   2.7877612e+02
   2.7886305e+02
   2.7895046e+02
   2.7903708e+02
   2.7912045e+02
   2.7920187e+02
   2.7928187e+02
   2.7936040e+02
   2.7943695e+02
   2.7951283e+02
   2.7958857e+02
   2.7967264e+02
   2.7975971e+02
   2.7984720e+02
   2.7993055e+02
   2.8001172e+02
   2.8009303e+02
   2.8017401e+02
   2.8025158e+02
   2.8032750e+02
   2.8040313e+02
   2.8047909e+02
   2.8055471e+02
   2.8062929e+02
   2.8070013e+02
   2.8077111e+02
   2.8084216e+02
   2.8091299e+02
   2.8098381e+02
   2.8105599e+02
   2.8112716e+02
   2.8119862e+02
   2.8127028e+02
   2.8134135e+02
   2.8141239e+02
   2.8148380e+02
   2.8155439e+02
   2.8162556e+02
   2.8169665e+02
   2.8176797e+02
   2.8183992e+02
   2.8191055e+02
   2.8198125e+02
   2.8205231e+02
   2.8212370e+02
   2.8219527e+02
   2.8226726e+02
   2.8233836e+02
   2.8240912e+02
   2.8248018e+02
   2.8255097e+02
   2.8262203e+02
   2.8269321e+02
   2.8276426e+02
   2.8283552e+02
   2.8290644e+02
   2.8297753e+02
   2.8304880e+02
   2.8311983e+02
   2.8319098e+02
   2.8326209e+02
   2.8333297e+02
   2.8340407e+02
   2.8347614e+02
   2.8354733e+02
   2.8361857e+02
   2.8368946e+02
   2.8376013e+02
   2.8383116e+02
   2.8390297e+02
   2.8397429e+02
   2.8404544e+02
   2.8411662e+02
   2.8418765e+02
   2.8425873e+02
   2.8433075e+02
   2.8440156e+02
   2.8447316e+02
   2.8454462e+02
   2.8461596e+02
   2.8468674e+02
   2.8475780e+02
   2.8482830e+02
   2.8489972e+02
   2.8497104e+02
   2.8504203e+02
   2.8511393e+02
   2.8518515e+02
   2.8525639e+02
   2.8532736e+02
   2.8539870e+02
   2.8547017e+02
   2.8554214e+02
   2.8561351e+02
   2.8568506e+02
   2.8575635e+02
   2.8582741e+02
   2.8589902e+02
   2.8597087e+02
   2.8604208e+02
   2.8611278e+02
   2.8618320e+02
   2.8625429e+02
   2.8632581e+02
   2.8639756e+02
   2.8646852e+02
   2.8653921e+02
   2.8661041e+02
   2.8668145e+02
   2.8675284e+02
   2.8682402e+02
   2.8689541e+02
   2.8696651e+02
   2.8703794e+02
   2.8710904e+02
   2.8718087e+02
   2.8725171e+02
   2.8732286e+02
   2.8739392e+02
   2.8746503e+02
   2.8753601e+02
   2.8760794e+02
   2.8767916e+02
   2.8775039e+02
   2.8782114e+02
   2.8789151e+02
   2.8796281e+02
   2.8803554e+02
   2.8810645e+02
   2.8817767e+02
   2.8824892e+02
   2.8831953e+02
   2.8839045e+02
   2.8846240e+02
   2.8853351e+02
   2.8860463e+02
   2.8867586e+02
   2.8874711e+02
   2.8881906e+02
   2.8889043e+02
   2.8896140e+02
   2.8903262e+02
   2.8910336e+02
   2.8917462e+02
   2.8924640e+02
   2.8931765e+02
   2.8938906e+02
   2.8946040e+02
   2.8953182e+02
   2.8960343e+02
   2.8967559e+02
   2.8974666e+02
   2.8981823e+02
   2.8988933e+02
   2.8996002e+02
   2.9003155e+02
   2.9010346e+02
   2.9017463e+02
   2.9024561e+02
   2.9031698e+02
   2.9038795e+02
   2.9045955e+02
   2.9053070e+02
   2.9060206e+02
   2.9067380e+02
   2.9074489e+02
   2.9081591e+02
   2.9088789e+02
   2.9095928e+02
   2.9103111e+02
   2.9110258e+02
   2.9117408e+02
   2.9124530e+02
   2.9131711e+02
   2.9138819e+02
   2.9145979e+02
   2.9153088e+02
   2.9160188e+02
   2.9167317e+02
   2.9174478e+02
   2.9181554e+02
   2.9188658e+02
   2.9195770e+02
   2.9202868e+02
   2.9210014e+02
   2.9217105e+02
   2.9224168e+02
   2.9231292e+02
   2.9238433e+02
   2.9245585e+02
   2.9252766e+02
   2.9259866e+02
   2.9266970e+02
   2.9274054e+02
   2.9281183e+02
   2.9288281e+02
   2.9295465e+02
   2.9302617e+02
   2.9309750e+02
   2.9316863e+02
   2.9323989e+02
   2.9331054e+02
   2.9338180e+02
   2.9345380e+02
   2.9352478e+02
   2.9359628e+02
   2.9366758e+02
   2.9373995e+02
   2.9381053e+02
   2.9388267e+02
   2.9395378e+02
   2.9402517e+02
   2.9409674e+02
   2.9416887e+02
   2.9423994e+02
   2.9431110e+02
   2.9438237e+02
   2.9445362e+02
   2.9452447e+02
   2.9459625e+02
   2.9466812e+02
   2.9473986e+02
   2.9481122e+02
   2.9488256e+02
   2.9495426e+02
   2.9502559e+02
   2.9509689e+02
   2.9516814e+02
   2.9523929e+02
   2.9531039e+02
   2.9538276e+02
   2.9545395e+02
   2.9552478e+02
   2.9559624e+02
   2.9566725e+02
   2.9573840e+02
   2.9580977e+02
   2.9588082e+02
   2.9595196e+02
   2.9602327e+02
   2.9609476e+02
   2.9616625e+02
   2.9623832e+02
   2.9630959e+02
   2.9638081e+02
   2.9645194e+02
   2.9652331e+02
   2.9659442e+02
   2.9666594e+02
   2.9673738e+02
   2.9680864e+02
   2.9688014e+02
   2.9695112e+02
   2.9702334e+02
   2.9709450e+02
   2.9716595e+02
   2.9723727e+02
   2.9730866e+02
   2.9737965e+02
   2.9745120e+02
   2.9752270e+02
   2.9759444e+02
   2.9766579e+02
   2.9773721e+02
   2.9780818e+02
   2.9788015e+02
   2.9795120e+02
   2.9802239e+02
   2.9809372e+02
   2.9816523e+02
   2.9823627e+02
   2.9830857e+02
   2.9838041e+02
   2.9845222e+02
   2.9852380e+02
   2.9859469e+02
   2.9866583e+02
   2.9873676e+02
   2.9880773e+02
   2.9887879e+02
   2.9895011e+02
   2.9902169e+02
   2.9909385e+02
   2.9916545e+02
   2.9923659e+02
   2.9930847e+02
   2.9937955e+02
   2.9945049e+02
   2.9952284e+02
   2.9959422e+02
   2.9966567e+02
   2.9973736e+02
   2.9980867e+02
   2.9987986e+02
   2.9995147e+02
   3.0002281e+02
   3.0009407e+02
   3.0016533e+02
   3.0023639e+02
   3.0030762e+02
   3.0037919e+02
   3.0045015e+02
   3.0052151e+02
   3.0059221e+02
   3.0066291e+02
   3.0073473e+02
   3.0080574e+02
   3.0087657e+02
   3.0094744e+02
   3.0101858e+02
   3.0108955e+02
   3.0116089e+02
   3.0123176e+02
   3.0130296e+02
   3.0137425e+02
   3.0144532e+02
   3.0151646e+02
   3.0158734e+02
   3.0165790e+02
   3.0172867e+02
   3.0179915e+02
   3.0187017e+02
   3.0194226e+02
   3.0201330e+02
   3.0208435e+02
   3.0215593e+02
   3.0222707e+02
   3.0229851e+02
   3.0237040e+02
   3.0244119e+02
   3.0251244e+02
   3.0258311e+02
   3.0265389e+02
   3.0272477e+02
   3.0279661e+02
   3.0286780e+02
   3.0293938e+02
   3.0301069e+02
   3.0308143e+02
   3.0315280e+02
   3.0322475e+02
   3.0329624e+02
   3.0336753e+02
   3.0343858e+02
   3.0350940e+02
   3.0358017e+02
   3.0365141e+02
   3.0372209e+02
   3.0379257e+02
   3.0386355e+02
   3.0393468e+02
   3.0400676e+02
   3.0407797e+02
   3.0414887e+02
   3.0421979e+02
   3.0429075e+02
   3.0436148e+02
   3.0443337e+02
   3.0450412e+02
   3.0457564e+02
   3.0464663e+02
   3.0471732e+02
   3.0478810e+02
   3.0485985e+02
   3.0493059e+02
   3.0500175e+02
   3.0507267e+02
   3.0514342e+02
   3.0521477e+02
   3.0528643e+02
   3.0535763e+02
   3.0542869e+02
   3.0550030e+02
   3.0557161e+02
   3.0564322e+02
   3.0571452e+02
   3.0578597e+02
   3.0585661e+02
   3.0592747e+02
   3.0599857e+02
   3.0607038e+02
   3.0614156e+02
   3.0621260e+02
   3.0628388e+02
   3.0635456e+02
   3.0642598e+02
   3.0649812e+02
   3.0656906e+02
   3.0663994e+02
   3.0671055e+02
   3.0678182e+02
   3.0685243e+02
   3.0692399e+02
   3.0699546e+02
   3.0706610e+02
   3.0713698e+02
   3.0720771e+02
   3.0727871e+02
   3.0735003e+02
   3.0742159e+02
   3.0749287e+02
   3.0756406e+02
   3.0763515e+02
   3.0770729e+02
   3.0777835e+02
   3.0784953e+02
   3.0792096e+02
   3.0799218e+02
   3.0806325e+02
   3.0813534e+02
   3.0820660e+02
   3.0827777e+02
   3.0834841e+02
   3.0841937e+02
   3.0849078e+02
   3.0856260e+02
   3.0863314e+02
   3.0870404e+02
   3.0877519e+02
   3.0884605e+02
   3.0891717e+02
   3.0898813e+02
   3.0905922e+02
   3.0913056e+02
   3.0920177e+02
   3.0927247e+02
   3.0934416e+02
   3.0941521e+02
   3.0948658e+02
   3.0955728e+02
   3.0962818e+02
   3.0969966e+02
   3.0977191e+02
   3.0984289e+02
   3.0991376e+02
   3.0998462e+02
   3.1005610e+02
   3.1012719e+02
   3.1019890e+02
   3.1027017e+02
   3.1034140e+02
   3.1041288e+02
   3.1048406e+02
   3.1055499e+02
   3.1062597e+02
   3.1069655e+02
   3.1076732e+02
   3.1083867e+02
   3.1091019e+02
   3.1098192e+02
   3.1105318e+02
   3.1112462e+02
   3.1119587e+02
   3.1126687e+02
   3.1133756e+02
   3.1140983e+02
   3.1148077e+02
   3.1155188e+02
   3.1162296e+02
   3.1169416e+02
   3.1176502e+02
   3.1183689e+02
   3.1190849e+02
   3.1197908e+02
   3.1204967e+02
   3.1212070e+02
   3.1219197e+02
   3.1226369e+02
   3.1233419e+02
   3.1240558e+02
   3.1247705e+02
   3.1254801e+02
   3.1261921e+02
   3.1269035e+02
   3.1276179e+02
   3.1283291e+02
   3.1290394e+02
   3.1297500e+02
   3.1304692e+02
   3.1311776e+02
   3.1318916e+02
   3.1326019e+02
   3.1333178e+02
   3.1340237e+02
   3.1347480e+02
   3.1354537e+02
   3.1361627e+02
   3.1368717e+02
   3.1375767e+02
   3.1382893e+02
   3.1390049e+02
   3.1397173e+02
   3.1404319e+02
   3.1411415e+02
   3.1418473e+02
   3.1425582e+02
   3.1432718e+02
   3.1439810e+02
   3.1446893e+02
   3.1454033e+02
   3.1461175e+02
   3.1468372e+02
   3.1475492e+02
   3.1482645e+02
   3.1489761e+02
   3.1496841e+02
   3.1503930e+02
   3.1511102e+02
   3.1518238e+02
   3.1525370e+02
   3.1532523e+02
   3.1539575e+02
   3.1546709e+02
   3.1553904e+02
   3.1561072e+02
   3.1568228e+02
   3.1575353e+02
   3.1582446e+02
   3.1589553e+02
   3.1596743e+02
   3.1603815e+02
   3.1610950e+02
   3.1618016e+02
   3.1625114e+02
   3.1632224e+02
   3.1639308e+02
   3.1646482e+02
   3.1653580e+02
   3.1660642e+02
   3.1667734e+02
   3.1674961e+02
   3.1682058e+02
   3.1689192e+02
   3.1696326e+02
   3.1703468e+02
   3.1710575e+02
   3.1717803e+02
   3.1724925e+02
   3.1732057e+02
   3.1739135e+02
   3.1746284e+02
   3.1753386e+02
   3.1760600e+02
   3.1767756e+02
   3.1774865e+02
   3.1781922e+02
   3.1789069e+02
   3.1796121e+02
   3.1803307e+02
   3.1810402e+02
   3.1817447e+02
   3.1824536e+02
   3.1831610e+02
   3.1838735e+02
   3.1845860e+02
   3.1852955e+02
   3.1860083e+02
   3.1867187e+02
   3.1874316e+02
   3.1881479e+02
   3.1888594e+02
   3.1895651e+02
   3.1902736e+02
   3.1909856e+02
   3.1917014e+02
   3.1924231e+02
   3.1931359e+02
   3.1938469e+02
   3.1945581e+02
   3.1952662e+02
   3.1959791e+02
   3.1966991e+02
   3.1974091e+02
   3.1981147e+02
   3.1988241e+02
   3.1995293e+02
   3.2002399e+02
   3.2009582e+02
   3.2016695e+02
   3.2023801e+02
   3.2030867e+02
   3.2037972e+02
   3.2045171e+02
   3.2052264e+02
   3.2059312e+02
   3.2066448e+02
   3.2073596e+02
   3.2080685e+02
   3.2087899e+02
   3.2094991e+02
   3.2102040e+02
   3.2109127e+02
   3.2116201e+02
   3.2123368e+02
   3.2130542e+02
   3.2137679e+02
   3.2144777e+02
   3.2151828e+02
   3.2158936e+02
   3.2166049e+02
   3.2173250e+02
   3.2180415e+02
   3.2187544e+02
   3.2194712e+02
   3.2201814e+02
   3.2208920e+02
   3.2216037e+02
   3.2223098e+02
   3.2230210e+02
   3.2237305e+02
   3.2244412e+02
   3.2251598e+02
   3.2258679e+02
   3.2265791e+02
   3.2272873e+02
   3.2279950e+02
   3.2287033e+02
   3.2294221e+02
   3.2301285e+02
   3.2308362e+02
   3.2315399e+02
   3.2322510e+02
   3.2329651e+02
   3.2336867e+02
   3.2343929e+02
   3.2350997e+02
   3.2358120e+02
   3.2365240e+02
   3.2372384e+02
   3.2379573e+02
   3.2386663e+02
   3.2393717e+02
   3.2400816e+02
   3.2407914e+02
   3.2415089e+02
   3.2422207e+02
   3.2429329e+02
   3.2436443e+02
   3.2443547e+02
   3.2450671e+02
   3.2457897e+02
   3.2464963e+02
   3.2472066e+02
   3.2479141e+02
   3.2486245e+02
   3.2493378e+02
   3.2500573e+02
   3.2507651e+02
   3.2514789e+02
   3.2521906e+02
   3.2529042e+02
   3.2536174e+02
   3.2543254e+02
   3.2550405e+02
   3.2557504e+02
   3.2564595e+02
   3.2571722e+02
   3.2578851e+02
   3.2586008e+02
   3.2593148e+02
   3.2600233e+02
   3.2607306e+02
   3.2614411e+02
   3.2621629e+02
   3.2628708e+02
   3.2635776e+02
   3.2642906e+02
   3.2650003e+02
   3.2657065e+02
   3.2664256e+02
   3.2671325e+02
   3.2678416e+02
   3.2685537e+02
   3.2692648e+02
   3.2699783e+02
   3.2706902e+02
   3.2713985e+02
   3.2721064e+02
   3.2728183e+02
   3.2735280e+02
   3.2742420e+02
   3.2749466e+02
   3.2756595e+02
   3.2763673e+02
   3.2770779e+02
   3.2777886e+02
   3.2785129e+02
   3.2792248e+02
   3.2799324e+02
   3.2806430e+02
   3.2813503e+02
   3.2820573e+02
   3.2827747e+02
   3.2834885e+02
   3.2842002e+02
   3.2849110e+02
   3.2856229e+02
   3.2863309e+02
   3.2870425e+02
   3.2877487e+02
   3.2884603e+02
   3.2891743e+02
   3.2898898e+02
   3.2906010e+02
   3.2913124e+02
   3.2920239e+02
   3.2927353e+02
   3.2934477e+02
   3.2941596e+02
   3.2948806e+02
   3.2955932e+02
   3.2963060e+02
   3.2970175e+02
   3.2977287e+02
   3.2984427e+02
   3.2991610e+02
   3.2998747e+02
   3.3005861e+02
   3.3012950e+02
   3.3020052e+02
   3.3027216e+02
   3.3034317e+02
   3.3041406e+02
   3.3048502e+02
   3.3055612e+02
   3.3062678e+02
   3.3069862e+02
   3.3076944e+02
   3.3084073e+02
   3.3091147e+02
   3.3098249e+02
   3.3105322e+02
   3.3112547e+02
   3.3119650e+02
   3.3126784e+02
   3.3133883e+02
   3.3140942e+02
   3.3148021e+02
   3.3155213e+02
   3.3162329e+02
   3.3169409e+02
   3.3176683e+02
   3.3185388e+02
   3.3194155e+02
   3.3202871e+02
   3.3211569e+02
   3.3220298e+02
   3.3229021e+02
   3.3236855e+02
   3.3245406e+02
   3.3254092e+02
   3.3262808e+02
   3.3271387e+02
   3.3279014e+02
   3.3286656e+02
   3.3294228e+02
   3.3301855e+02
   3.3309431e+02
   3.3316780e+02
   3.3323935e+02
   3.3331035e+02
   3.3338223e+02
   3.3345360e+02
   3.3352522e+02
   3.3359644e+02
   3.3366786e+02
   3.3373886e+02
   3.3380968e+02
   3.3388034e+02
   3.3395155e+02
   3.3402322e+02
   3.3409403e+02
   3.3416502e+02
   3.3423600e+02
   3.3430738e+02
   3.3437952e+02
   3.3445085e+02
   3.3452192e+02
   3.3459270e+02
   3.3466377e+02
   3.3473531e+02
   3.3480723e+02
   3.3487844e+02
   3.3494979e+02
   3.3502082e+02
   3.3509180e+02
   3.3516300e+02
   3.3523379e+02
   3.3530498e+02
   3.3537660e+02
   3.3544804e+02
   3.3551974e+02
   3.3559164e+02
   3.3566245e+02
   3.3573346e+02
   3.3580455e+02
   3.3587549e+02
   3.3594669e+02
   3.3601921e+02
   3.3609011e+02
   3.3616137e+02
   3.3623299e+02
   3.3630407e+02
   3.3637483e+02
   3.3644665e+02
   3.3651744e+02
   3.3658863e+02
   3.3665997e+02
   3.3673114e+02
   3.3680190e+02
   3.3687436e+02
   3.3694549e+02
   3.3701665e+02
   3.3708715e+02
   3.3715836e+02
   3.3722950e+02
   3.3730020e+02
   3.3737095e+02
   3.3744186e+02
   3.3751304e+02
   3.3758415e+02
   3.3765607e+02
   3.3772754e+02
   3.3779900e+02
   3.3787011e+02
   3.3794134e+02
   3.3801262e+02
   3.3808420e+02
   3.3815540e+02
   3.3822686e+02
   3.3829791e+02
   3.3836912e+02
   3.3844031e+02
   3.3851219e+02
   3.3858331e+02
   3.3865440e+02
   3.3872527e+02
   3.3879607e+02
   3.3886705e+02
   3.3893761e+02
   3.3900866e+02
   3.3907988e+02
   3.3915118e+02
   3.3922211e+02
   3.3929430e+02
   3.3936525e+02
   3.3943651e+02
   3.3950787e+02
   3.3957896e+02
   3.3965030e+02
   3.3972221e+02
   3.3979315e+02
   3.3986456e+02
   3.3993554e+02
   3.4000651e+02
   3.4007770e+02
   3.4015038e+02
   3.4022145e+02
   3.4029273e+02
   3.4036361e+02
   3.4043485e+02
   3.4050633e+02
   3.4057810e+02
   3.4064894e+02
   3.4072008e+02
   3.4079124e+02
   3.4086229e+02
   3.4093350e+02
   3.4100543e+02
   3.4107649e+02
   3.4114774e+02
   3.4121908e+02
   3.4129044e+02
   3.4136196e+02
   3.4143363e+02
   3.4150449e+02
   3.4157577e+02
   3.4164717e+02
   3.4171864e+02
   3.4179008e+02
   3.4186142e+02
   3.4193277e+02
   3.4200411e+02
   3.4207559e+02
   3.4214684e+02
   3.4221886e+02
   3.4228962e+02
   3.4236041e+02
   3.4243117e+02
   3.4250225e+02
   3.4257718e+02
   3.4264902e+02
   3.4272035e+02
   3.4279158e+02
   3.4286280e+02
   3.4293407e+02
   3.4300494e+02
   3.4307625e+02
   3.4314740e+02
   3.4321838e+02
   3.4328939e+02
   3.4336045e+02
   3.4343255e+02
   3.4350378e+02
   3.4357434e+02
   3.4364556e+02
   3.4371625e+02
   3.4378727e+02
   3.4385920e+02
   3.4393072e+02
   3.4400213e+02
   3.4407347e+02
   3.4414438e+02
   3.4421556e+02
   3.4428720e+02
   3.4435848e+02
   3.4442940e+02
   3.4450012e+02
   3.4457110e+02
   3.4464306e+02
   3.4471413e+02
   3.4478528e+02
   3.4485613e+02
   3.4492733e+02
   3.4499798e+02
   3.4506991e+02
   3.4514062e+02
   3.4521127e+02
   3.4528261e+02
   3.4535381e+02
   3.4542467e+02
   3.4549640e+02
   3.4556764e+02
   3.4563943e+02
   3.4571024e+02
   3.4578121e+02
   3.4585196e+02
   3.4592300e+02
   3.4599477e+02
   3.4606581e+02
   3.4614035e+02
   3.4621174e+02
   3.4628372e+02
   3.4635509e+02
   3.4642560e+02
   3.4649696e+02
   3.4656780e+02
   3.4663856e+02
   3.4671039e+02
   3.4678130e+02
   3.4685265e+02
   3.4692349e+02
   3.4699442e+02
   3.4706532e+02
   3.4713735e+02
   3.4720855e+02
   3.4727943e+02
   3.4735074e+02
   3.4742210e+02
   3.4749276e+02
   3.4756431e+02
   3.4763480e+02
   3.4770610e+02
   3.4777737e+02
   3.4784846e+02
   3.4792039e+02
   3.4799136e+02
   3.4806238e+02
   3.4813353e+02
   3.4820430e+02
   3.4827522e+02
   3.4834721e+02
   3.4841829e+02
   3.4848973e+02
   3.4856052e+02
   3.4863153e+02
   3.4870307e+02
   3.4877489e+02
   3.4884603e+02
   3.4891727e+02
   3.4898857e+02
   3.4905962e+02
   3.4913092e+02
   3.4920200e+02
   3.4927295e+02
   3.4934387e+02
   3.4941431e+02
   3.4948483e+02
   3.4955650e+02
   3.4962770e+02
   3.4969859e+02
   3.4976952e+02
   3.4984047e+02
   3.4991259e+02
   3.4998426e+02
   3.5005543e+02
   3.5012640e+02
   3.5019758e+02
   3.5026865e+02
   3.5033940e+02
   3.5041086e+02
   3.5048178e+02
   3.5055290e+02
   3.5062414e+02
   3.5069544e+02
   3.5076677e+02
   3.5083869e+02
   3.5090946e+02
   3.5098025e+02
   3.5105172e+02
   3.5112233e+02
   3.5119414e+02
   3.5126529e+02
   3.5133612e+02
   3.5140721e+02
   3.5147874e+02
   3.5154975e+02
   3.5162147e+02
   3.5169240e+02
   3.5176371e+02
   3.5183449e+02
   3.5190522e+02
   3.5197617e+02
   3.5204805e+02
   3.5211891e+02
   3.5219019e+02
   3.5226137e+02
   3.5233205e+02
   3.5240269e+02
   3.5247486e+02
   3.5254617e+02
   3.5261671e+02
   3.5268805e+02
   3.5275910e+02
   3.5283048e+02
   3.5290141e+02
   3.5297261e+02
   3.5304368e+02
   3.5311491e+02
   3.5318652e+02
   3.5325871e+02
   3.5332963e+02
   3.5340044e+02
   3.5347148e+02
   3.5354249e+02
   3.5361336e+02
   3.5368576e+02
   3.5375691e+02
   3.5382791e+02
   3.5389879e+02
   3.5397020e+02
   3.5404171e+02
   3.5411380e+02
   3.5418464e+02
   3.5425527e+02
   3.5432620e+02
   3.5439748e+02
   3.5446902e+02
   3.5454043e+02
   3.5461180e+02
   3.5468293e+02
   3.5475388e+02
   3.5482478e+02
   3.5489634e+02
   3.5496771e+02
   3.5503898e+02
   3.5511050e+02
   3.5518161e+02
   3.5525272e+02
   3.5532431e+02
   3.5539583e+02
   3.5546708e+02
   3.5553799e+02
   3.5560887e+02
   3.5568001e+02
   3.5575166e+02
   3.5582319e+02
   3.5589451e+02
   3.5596572e+02
   3.5603658e+02
   3.5611049e+02
   3.5618147e+02
   3.5625199e+02
   3.5632294e+02
   3.5639419e+02
   3.5646542e+02
   3.5653700e+02
   3.5660796e+02
   3.5667885e+02
   3.5675061e+02
   3.5682193e+02
   3.5689318e+02
   3.5696512e+02
   3.5703574e+02
   3.5710687e+02
   3.5717738e+02
   3.5724873e+02
   3.5731975e+02
   3.5739199e+02
   3.5746343e+02
   3.5753432e+02
   3.5760555e+02
   3.5767695e+02
   3.5774871e+02
   3.5781940e+02
   3.5789061e+02
   3.5796192e+02
   3.5803293e+02
   3.5810415e+02
   3.5817644e+02
   3.5824748e+02
   3.5831860e+02
   3.5839013e+02
   3.5846122e+02
   3.5853247e+02
   3.5860469e+02
   3.5867584e+02
   3.5874736e+02
   3.5881827e+02
   3.5888965e+02
   3.5896053e+02
   3.5903272e+02
   3.5910374e+02
   3.5917446e+02
   3.5924501e+02
   3.5931595e+02
   3.5938790e+02
   3.5945887e+02
   3.5952961e+02
   3.5960053e+02
   3.5967190e+02
   3.5974308e+02
   3.5981488e+02
   3.5988578e+02
   3.5995706e+02
   3.6002814e+02
   3.6009894e+02
   3.6016996e+02
   3.6024169e+02
   3.6031287e+02
   3.6038419e+02
   3.6045533e+02
   3.6052675e+02
   3.6059761e+02
   3.6066977e+02
   3.6074075e+02
   3.6081206e+02
   3.6088314e+02
   3.6095380e+02
   3.6102554e+02
   3.6109644e+02
   3.6116726e+02
   3.6123830e+02
   3.6130932e+02
   3.6138055e+02
   3.6145265e+02
   3.6152376e+02
   3.6159458e+02
   3.6166522e+02
   3.6173662e+02
   3.6180816e+02
   3.6187971e+02
   3.6195096e+02
   3.6202180e+02
   3.6209239e+02
   3.6216348e+02
   3.6223447e+02
   3.6230610e+02
   3.6237728e+02
   3.6244824e+02
   3.6251927e+02
   3.6259018e+02
   3.6266095e+02
   3.6273188e+02
   3.6280353e+02
   3.6287445e+02
   3.6294497e+02
   3.6301628e+02
   3.6308837e+02
   3.6315907e+02
   3.6323022e+02
   3.6330174e+02
   3.6337316e+02
   3.6344442e+02
   3.6351619e+02
   3.6358773e+02
   3.6365884e+02
   3.6372989e+02
   3.6380147e+02
   3.6387229e+02
   3.6394421e+02
   3.6401532e+02
   3.6408620e+02
   3.6415704e+02
   3.6422812e+02
   3.6429947e+02
   3.6437127e+02
   3.6444229e+02
   3.6451297e+02
   3.6458392e+02
   3.6465452e+02
   3.6472531e+02
   3.6479733e+02
   3.6486834e+02
   3.6493904e+02
   3.6501008e+02
   3.6508095e+02
   3.6515244e+02
   3.6522323e+02
   3.6529457e+02
   3.6536551e+02
   3.6543669e+02
   3.6550755e+02
   3.6557933e+02
   3.6565045e+02
   3.6572186e+02
   3.6579241e+02
   3.6586356e+02
   3.6593457e+02
   3.6600684e+02
   3.6607793e+02
   3.6614949e+02
   3.6622069e+02
   3.6629471e+02
   3.6636582e+02
   3.6643806e+02
   3.6650883e+02
   3.6657985e+02
   3.6665096e+02
   3.6672209e+02
   3.6679333e+02
   3.6686429e+02
   3.6693542e+02
   3.6700585e+02
   3.6707717e+02
   3.6714827e+02
   3.6722000e+02
   3.6729107e+02
   3.6736211e+02
   3.6743301e+02
   3.6750434e+02
   3.6757521e+02
   3.6764711e+02
   3.6771793e+02
   3.6778888e+02
   3.6785949e+02
   3.6793063e+02
   3.6800168e+02
   3.6807329e+02
   3.6814377e+02
   3.6821472e+02
   3.6828606e+02
   3.6835662e+02
   3.6842796e+02
   3.6849866e+02
   3.6856935e+02
   3.6864025e+02
   3.6871116e+02
   3.6878236e+02
   3.6885422e+02
   3.6892524e+02
   3.6899608e+02
   3.6906721e+02
   3.6913802e+02
   3.6920886e+02
   3.6928016e+02
   3.6935083e+02
   3.6942231e+02
   3.6949310e+02
   3.6956407e+02
   3.6963539e+02
   3.6970640e+02
   3.6977779e+02
   3.6984869e+02
   3.6991975e+02
   3.6999103e+02
   3.7006320e+02
   3.7013428e+02
   3.7020522e+02
   3.7027616e+02
   3.7034668e+02
   3.7041746e+02
   3.7048930e+02
   3.7056013e+02
   3.7063074e+02
   3.7070219e+02
   3.7077305e+02
   3.7084452e+02
   3.7091633e+02
   3.7098712e+02
   3.7105795e+02
   3.7112896e+02
   3.7119996e+02
   3.7127075e+02
   3.7134284e+02
   3.7141385e+02
   3.7148477e+02
   3.7155576e+02
   3.7162733e+02
   3.7169870e+02
   3.7177067e+02
   3.7184160e+02
   3.7191268e+02
   3.7198393e+02
   3.7205469e+02
   3.7212604e+02
   3.7219710e+02
   3.7226831e+02
   3.7233928e+02
   3.7241013e+02
   3.7248137e+02
   3.7255386e+02
   3.7262480e+02
   3.7269600e+02
   3.7276737e+02
   3.7283863e+02
   3.7290968e+02
   3.7298199e+02
   3.7305325e+02
   3.7312405e+02
   3.7319466e+02
   3.7326519e+02
   3.7333619e+02
   3.7340739e+02
   3.7347810e+02
   3.7354911e+02
   3.7362035e+02
   3.7369148e+02
   3.7376260e+02
   3.7383415e+02
   3.7390591e+02
   3.7397696e+02
   3.7404797e+02
   3.7411909e+02
   3.7419126e+02
   3.7426225e+02
   3.7433338e+02
   3.7440401e+02
   3.7447490e+02
   3.7454558e+02
   3.7461740e+02
   3.7468818e+02
   3.7475929e+02
   3.7483079e+02
   3.7490155e+02
   3.7497256e+02
   3.7504421e+02
   3.7511507e+02
   3.7518631e+02
   3.7525711e+02
   3.7532863e+02
   3.7539984e+02
   3.7547181e+02
   3.7554329e+02
   3.7561454e+02
   3.7568536e+02
   3.7575650e+02
   3.7582731e+02
   3.7589890e+02
   3.7596933e+02
   3.7604031e+02
   3.7611132e+02
   3.7618263e+02
   3.7625430e+02
   3.7632570e+02
   3.7639684e+02
   3.7646911e+02
   3.7654026e+02
   3.7661195e+02
   3.7668343e+02
   3.7675410e+02
   3.7682514e+02
   3.7689660e+02
   3.7696798e+02
   3.7703908e+02
   3.7711116e+02
   3.7718214e+02
   3.7725334e+02
   3.7732498e+02
   3.7739600e+02
   3.7746716e+02
   3.7753811e+02
   3.7760913e+02
   3.7768034e+02
   3.7775128e+02
   3.7782173e+02
   3.7789319e+02
   3.7796394e+02
   3.7803509e+02
   3.7810605e+02
   3.7817707e+02
   3.7824840e+02
   3.7831987e+02
   3.7839044e+02
   3.7846149e+02
   3.7853251e+02
   3.7860339e+02
   3.7867410e+02
   3.7874619e+02
   3.7881686e+02
   3.7888800e+02
   3.7895931e+02
   3.7903016e+02
   3.7910185e+02
   3.7917312e+02
   3.7924370e+02
   3.7931495e+02
   3.7938599e+02
   3.7945712e+02
   3.7952928e+02
   3.7960079e+02
   3.7967205e+02
   3.7974313e+02
   3.7981410e+02
   3.7988543e+02
   3.7995756e+02
   3.8002846e+02
   3.8009985e+02
   3.8017093e+02
   3.8024210e+02
   3.8031285e+02
   3.8038356e+02
   3.8045429e+02
   3.8052504e+02
   3.8059637e+02
   3.8066739e+02
   3.8073943e+02
   3.8081058e+02
   3.8088122e+02
   3.8095225e+02
   3.8102341e+02
   3.8109493e+02
   3.8116653e+02
   3.8123720e+02
   3.8130873e+02
   3.8137983e+02
   3.8145134e+02
   3.8152259e+02
   3.8159445e+02
   3.8166537e+02
   3.8173687e+02
   3.8180797e+02
   3.8187891e+02
   3.8195047e+02
   3.8202149e+02
   3.8209248e+02
   3.8216348e+02
   3.8223442e+02
   3.8230513e+02
   3.8237724e+02
   3.8244860e+02
   3.8252005e+02
   3.8259103e+02
   3.8266219e+02
   3.8273355e+02
   3.8280535e+02
   3.8287662e+02
   3.8294794e+02
   3.8301923e+02
   3.8309062e+02
   3.8316157e+02
   3.8323332e+02
   3.8330502e+02
   3.8337569e+02
   3.8344662e+02
   3.8351788e+02
   3.8358895e+02
   3.8365997e+02
   3.8373097e+02
   3.8380225e+02
   3.8387298e+02
   3.8394363e+02
   3.8401565e+02
   3.8408638e+02
   3.8415745e+02
   3.8422814e+02
   3.8429939e+02
   3.8437058e+02
   3.8444265e+02
   3.8451375e+02
   3.8459492e+02
   3.8468180e+02
   3.8476876e+02
   3.8485708e+02
   3.8494400e+02
   3.8503123e+02
   3.8511862e+02
   3.8520546e+02
   3.8529308e+02
   3.8537894e+02
   3.8546273e+02
   3.8554300e+02
   3.8562156e+02
   3.8569712e+02
   3.8577344e+02
   3.8584954e+02
   3.8592576e+02
   3.8600153e+02
   3.8607569e+02
   3.8614675e+02
   3.8621794e+02
   3.8628927e+02
   3.8636035e+02
   3.8643152e+02
   3.8650285e+02
   3.8657361e+02
   3.8664508e+02
   3.8671615e+02
   3.8678719e+02
   3.8685936e+02
   3.8693040e+02
   3.8700170e+02
   3.8707311e+02
   3.8714386e+02
   3.8721478e+02
   3.8728667e+02
   3.8735740e+02
   3.8742824e+02
   3.8749951e+02
   3.8757047e+02
   3.8764142e+02
   3.8771323e+02
   3.8778415e+02
   3.8785509e+02
   3.8792575e+02
   3.8799659e+02
   3.8806774e+02
   3.8813949e+02
   3.8821058e+02
   3.8828165e+02
   3.8835257e+02
   3.8842379e+02
   3.8849560e+02
   3.8856663e+02
   3.8863799e+02
   3.8870882e+02
   3.8878010e+02
   3.8885177e+02
   3.8892394e+02
   3.8899529e+02
   3.8906614e+02
   3.8913717e+02
   3.8920853e+02
   3.8927944e+02
   3.8935179e+02
   3.8942278e+02
   3.8949348e+02
   3.8956430e+02
   3.8963484e+02
   3.8970639e+02
   3.8977829e+02
   3.8984905e+02
   3.8992017e+02
   3.8999107e+02
   3.9006217e+02
   3.9013274e+02
   3.9020359e+02
   3.9027424e+02
   3.9034533e+02
   3.9041688e+02
   3.9048850e+02
   3.9056000e+02
   3.9063077e+02
   3.9070195e+02
   3.9077317e+02
   3.9084379e+02
   3.9091519e+02
   3.9098718e+02
   3.9105830e+02
   3.9112880e+02
   3.9119997e+02
   3.9127115e+02
   3.9134227e+02
   3.9141388e+02
   3.9148519e+02
   3.9155620e+02
   3.9162735e+02
   3.9169861e+02
   3.9176977e+02
   3.9184045e+02
   3.9191154e+02
   3.9198244e+02
   3.9205417e+02
   3.9212522e+02
   3.9219742e+02
   3.9226819e+02
   3.9233918e+02
   3.9241004e+02
   3.9248080e+02
   3.9255204e+02
   3.9262364e+02
   3.9269459e+02
   3.9276607e+02
   3.9283711e+02
   3.9290855e+02
   3.9297953e+02
   3.9305121e+02
   3.9312236e+02
   3.9319289e+02
   3.9326359e+02
   3.9333440e+02
   3.9340547e+02
   3.9347732e+02
   3.9354851e+02
   3.9361960e+02
   3.9369054e+02
   3.9376115e+02
   3.9383197e+02
   3.9390289e+02
   3.9397448e+02
   3.9404599e+02
   3.9411727e+02
   3.9418839e+02
   3.9425982e+02
   3.9433085e+02
   3.9440214e+02
   3.9447313e+02
   3.9454422e+02
   3.9461561e+02
   3.9468744e+02
   3.9475858e+02
   3.9482980e+02
   3.9490128e+02
   3.9497197e+02
   3.9504315e+02
   3.9511499e+02
   3.9518578e+02
   3.9525705e+02
   3.9532829e+02
   3.9540013e+02
   3.9547107e+02
   3.9554176e+02
   3.9561234e+02
   3.9568335e+02
   3.9575463e+02
   3.9582607e+02
   3.9589836e+02
   3.9596942e+02
   3.9604060e+02
   3.9611186e+02
   3.9618259e+02
   3.9625421e+02
   3.9632590e+02
   3.9639676e+02
   3.9646788e+02
   3.9653924e+02
   3.9661070e+02
   3.9668193e+02
   3.9675367e+02
   3.9682504e+02
   3.9689603e+02
   3.9696752e+02
   3.9703893e+02
   3.9710993e+02
   3.9718179e+02
   3.9725296e+02
   3.9732412e+02
   3.9739486e+02
   3.9746585e+02
   3.9753713e+02
   3.9760816e+02
   3.9767929e+02
   3.9775050e+02
   3.9782151e+02
   3.9789232e+02
   3.9796387e+02
   3.9803527e+02
   3.9810606e+02
   3.9817702e+02
   3.9824818e+02
   3.9831942e+02
   3.9839141e+02
   3.9846238e+02
   3.9853344e+02
   3.9860479e+02
   3.9867599e+02
   3.9874716e+02
   3.9881939e+02
   3.9889059e+02
   3.9896188e+02
   3.9903306e+02
   3.9910394e+02
   3.9917509e+02
   3.9924626e+02
   3.9931714e+02
   3.9938842e+02
   3.9945952e+02
   3.9953078e+02
   3.9960248e+02
   3.9967385e+02
   3.9974533e+02
   3.9981632e+02
   3.9988780e+02
   3.9995890e+02
   4.0003030e+02
   4.0010088e+02
   4.0017208e+02
   4.0024352e+02
   4.0031494e+02
   4.0038667e+02
   4.0045845e+02
   4.0052964e+02
   4.0060088e+02
   4.0067214e+02
   4.0074329e+02
   4.0081510e+02
   4.0088670e+02
   4.0095740e+02
   4.0102786e+02
