   3.5439334e-02
   1.8550610e-01
   7.5341460e-01
   1.9836685e+00
   3.6591043e+00
   6.4015438e+00
   1.0578144e+01
   1.5538829e+01
   2.1365420e+01
   2.8071096e+01
   3.6740509e+01
   4.6644844e+01
   5.7766823e+01
   7.1496461e+01
   8.6373910e+01
   1.0276091e+02
   1.2048750e+02
   1.4168095e+02
   1.6614342e+02
   1.9446225e+02
   2.2706719e+02
   2.6166549e+02
   2.9857941e+02
   3.4033868e+02
   3.8463207e+02
   4.3496096e+02
   4.9042234e+02
   5.4909724e+02
   6.1214992e+02
   6.7830651e+02
   7.4752310e+02
   8.2276567e+02
   9.0099577e+02
   9.8589565e+02
   1.0745226e+03
   1.1690753e+03
   1.2670375e+03
   1.3687719e+03
   1.4789796e+03
   1.5935529e+03
   1.7122498e+03
   1.8397994e+03
   1.9760045e+03
   2.1201162e+03
   2.2735553e+03
   2.4368646e+03
   2.6108772e+03
   2.7892832e+03
   2.9765509e+03
   3.1686569e+03
   3.3698984e+03
   3.5827188e+03
   3.8004957e+03
   4.0231181e+03
   4.2559505e+03
   4.5001938e+03
   4.7564762e+03
   5.0236355e+03
   5.3030363e+03
   5.5884243e+03
   5.8802028e+03
   6.1844268e+03
   6.5004594e+03
   6.8230508e+03
   7.1523042e+03
   7.4952189e+03
   7.8510606e+03
   8.2136293e+03
   8.5896421e+03
   8.9801020e+03
   9.3772003e+03
   9.7888912e+03
   1.0215672e+04
   1.0650617e+04
   1.1094692e+04
   1.1555970e+04
   1.2025112e+04
   1.2509297e+04
   1.3002083e+04
   1.3503086e+04
   1.4011535e+04
   1.4536488e+04
   1.5078507e+04
   1.5629486e+04
   1.6189861e+04
   1.6767856e+04
   1.7361680e+04
   1.7973402e+04
   1.8604274e+04
   1.9255929e+04
   1.9923875e+04
   2.0612426e+04
   2.1320186e+04
   2.2037698e+04
   2.2765872e+04
   2.3513717e+04
   2.4272497e+04
   2.5052391e+04
   2.5847438e+04
   2.6661201e+04
   2.7496236e+04
   2.8352873e+04
   2.9230468e+04
   3.0127731e+04
   3.1037685e+04
   3.1959703e+04
   3.2902229e+04
   3.3865686e+04
   3.4853393e+04
   3.5860634e+04
   3.6890986e+04
   3.7944516e+04
   3.9023829e+04
   4.0125276e+04
   4.1237376e+04
   4.2362913e+04
   4.3500257e+04
   4.4661621e+04
   4.5848396e+04
   4.7048585e+04
   4.8274061e+04
   4.9525816e+04
   5.0790091e+04
   5.2068547e+04
   5.3372747e+04
   5.4706690e+04
   5.6054099e+04
   5.7428284e+04
   5.8814144e+04
   6.0213936e+04
   6.1637962e+04
   6.3089008e+04
   6.4568746e+04
   6.6062717e+04
   6.7580444e+04
   6.9128511e+04
   7.0702612e+04
   7.2303371e+04
   7.3931622e+04
   7.5590137e+04
   7.7261871e+04
   7.8950311e+04
   8.0670081e+04
   8.2419276e+04
   8.4184452e+04
   8.5977247e+04
   8.7785692e+04
   8.9627671e+04
   9.1500829e+04
   9.3407683e+04
   9.5342159e+04
   9.7308740e+04
   9.9291365e+04
   1.0130662e+05
   1.0333845e+05
   1.0538623e+05
   1.0746426e+05
   1.0957416e+05
   1.1171427e+05
   1.1387079e+05
   1.1604390e+05
   1.1823575e+05
   1.2045870e+05
   1.2270800e+05
   1.2497391e+05
   1.2727208e+05
   1.2960644e+05
   1.3198028e+05
   1.3437214e+05
   1.3680448e+05
   1.3927373e+05
   1.4177498e+05
   1.4431150e+05
   1.4688038e+05
   1.4948299e+05
   1.5210170e+05
   1.5473845e+05
   1.5739239e+05
   1.6006595e+05
   1.6277170e+05
   1.6550935e+05
   1.6826690e+05
   1.7106617e+05
   1.7390355e+05
   1.7677484e+05
   1.7966753e+05
   1.8257882e+05
   1.8551054e+05
   1.8846179e+05
   1.9145103e+05
   1.9447430e+05
   1.9751536e+05
   2.0057621e+05
   2.0367050e+05
   2.0678457e+05
   2.0993454e+05
   2.1310224e+05
   2.1628705e+05
   2.1951258e+05
   2.2276096e+05
   2.2604794e+05
   2.2937561e+05
   2.3272111e+05
   2.3608848e+05
   2.3947666e+05
   2.4288793e+05
   2.4633772e+05
   2.4980737e+05
   2.5331693e+05
   2.5684784e+05
   2.6039793e+05
   2.6396975e+05
   2.6758350e+05
   2.7121872e+05
   2.7489289e+05
   2.7860922e+05
   2.8236166e+05
   2.8615814e+05
   2.8997702e+05
   2.9381675e+05
   2.9769601e+05
   3.0161957e+05
   3.0558097e+05
   3.0958335e+05
   3.1360952e+05
   3.1767926e+05
   3.2177344e+05
   3.2590759e+05
   3.3008691e+05
   3.3428865e+05
   3.3853051e+05
   3.4279358e+05
   3.4708116e+05
   3.5140566e+05
   3.5577150e+05
   3.6018047e+05
   3.6463314e+05
   3.6911157e+05
   3.7363581e+05
   3.7820842e+05
   3.8282167e+05
   3.8748274e+05
   3.9216765e+05
   3.9687578e+05
   4.0160955e+05
   4.0636746e+05
   4.1116388e+05
   4.1600855e+05
   4.2087788e+05
   4.2579162e+05
   4.3072910e+05
   4.3569112e+05
   4.4069757e+05
   4.4573019e+05
   4.5081107e+05
   4.5592048e+05
   4.6105231e+05
   4.6623440e+05
   4.7143872e+05
   4.7669030e+05
   4.8196588e+05
   4.8729398e+05
   4.9264828e+05
   4.9804745e+05
   5.0349357e+05
   5.0898629e+05
   5.1450289e+05
   5.2007500e+05
   5.2569185e+05
   5.3133481e+05
   5.3700531e+05
   5.4270276e+05
   5.4845505e+05
   5.5425986e+05
   5.6010869e+05
   5.6598737e+05
   5.7191059e+05
   5.7786267e+05
   5.8386828e+05
   5.8990079e+05
   5.9598589e+05
   6.0212033e+05
   6.0830754e+05
   6.1454926e+05
   6.2084436e+05
   6.2716543e+05
   6.3354476e+05
   6.3997570e+05
   6.4645141e+05
   6.5295668e+05
   6.5949228e+05
   6.6605642e+05
   6.7266949e+05
   6.7934235e+05
   6.8603945e+05
   6.9276398e+05
   6.9951435e+05
   7.0632098e+05
   7.1316185e+05
   7.2003510e+05
   7.2693448e+05
   7.3386315e+05
   7.4084735e+05
   7.4788784e+05
   7.5498212e+05
   7.6210543e+05
   7.6926042e+05
   7.7647052e+05
   7.8373276e+05
   7.9104649e+05
   7.9838797e+05
   8.0578034e+05
   8.1320536e+05
   8.2068062e+05
   8.2820711e+05
   8.3579223e+05
   8.4340743e+05
   8.5107832e+05
   8.5877624e+05
   8.6652971e+05
   8.7431707e+05
   8.8213271e+05
   8.8997471e+05
   8.9787327e+05
   9.0582677e+05
   9.1380895e+05
   9.2182142e+05
   9.2986225e+05
   9.3795467e+05
   9.4608247e+05
   9.5424819e+05
   9.6247244e+05
   9.7076503e+05
   9.7909272e+05
   9.8747390e+05
   9.9588715e+05
   1.0043325e+06
   1.0128129e+06
   1.0213256e+06
   1.0299018e+06
   1.0385131e+06
   1.0471808e+06
   1.0559077e+06
   1.0646940e+06
   1.0735153e+06
   1.0823685e+06
   1.0912845e+06
   1.1002658e+06
   1.1092803e+06
   1.1183300e+06
   1.1274448e+06
   1.1365924e+06
   1.1458020e+06
   1.1550450e+06
   1.1643550e+06
   1.1737180e+06
   1.1831180e+06
   1.1925567e+06
   1.2020600e+06
   1.2116002e+06
   1.2211756e+06
   1.2308183e+06
   1.2404973e+06
   1.2502261e+06
   1.2600151e+06
   1.2698377e+06
   1.2797253e+06
   1.2896657e+06
   1.2996430e+06
   1.3096547e+06
   1.3196976e+06
   1.3297786e+06
   1.3398971e+06
   1.3500825e+06
   1.3602990e+06
   1.3705498e+06
   1.3808372e+06
   1.3911593e+06
   1.4015206e+06
   1.4119473e+06
   1.4224075e+06
   1.4329418e+06
   1.4435099e+06
   1.4541360e+06
   1.4648272e+06
   1.4755568e+06
   1.4863516e+06
   1.4971840e+06
   1.5080857e+06
   1.5190193e+06
   1.5299903e+06
   1.5410000e+06
   1.5520490e+06
   1.5631328e+06
   1.5742519e+06
   1.5854422e+06
   1.5966689e+06
   1.6079544e+06
   1.6193067e+06
   1.6307299e+06
   1.6421895e+06
   1.6536843e+06
   1.6652563e+06
   1.6768973e+06
   1.6885690e+06
   1.7003016e+06
   1.7120722e+06
   1.7239166e+06
   1.7357967e+06
   1.7477359e+06
   1.7597164e+06
   1.7717271e+06
   1.7838016e+06
   1.7959093e+06
   1.8080640e+06
   1.8202547e+06
   1.8324891e+06
   1.8447561e+06
   1.8570566e+06
   1.8693908e+06
   1.8817912e+06
   1.8942666e+06
   1.9067830e+06
   1.9193652e+06
   1.9319829e+06
   1.9446594e+06
   1.9573729e+06
   1.9701243e+06
   1.9829494e+06
   1.9958140e+06
   2.0087513e+06
   2.0217536e+06
   2.0347945e+06
   2.0478773e+06
   2.0610348e+06
   2.0742286e+06
   2.0874896e+06
   2.1007947e+06
   2.1141377e+06
   2.1275550e+06
   2.1410137e+06
   2.1545138e+06
   2.1680540e+06
   2.1816371e+06
   2.1952873e+06
   2.2090103e+06
   2.2228057e+06
   2.2366782e+06
   2.2505886e+06
   2.2645425e+06
   2.2785379e+06
   2.2926082e+06
   2.3067519e+06
   2.3209379e+06
   2.3351678e+06
   2.3494398e+06
   2.3637879e+06
   2.3781803e+06
   2.3926132e+06
   2.4071296e+06
   2.4216855e+06
   2.4362858e+06
   2.4509556e+06
   2.4656951e+06
   2.4804733e+06
   2.4952921e+06
   2.5101905e+06
   2.5251733e+06
   2.5401986e+06
   2.5552983e+06
   2.5704759e+06
   2.5856957e+06
   2.6009909e+06
   2.6163312e+06
   2.6317495e+06
   2.6472341e+06
   2.6627607e+06
   2.6783242e+06
   2.6939598e+06
   2.7096387e+06
   2.7253609e+06
   2.7411647e+06
   2.7570481e+06
   2.7729721e+06
   2.7889338e+06
   2.8049377e+06
   2.8210175e+06
   2.8371739e+06
   2.8534085e+06
   2.8697262e+06
   2.8860902e+06
   2.9025252e+06
   2.9190001e+06
   2.9355492e+06
   2.9521696e+06
   2.9688383e+06
   2.9855807e+06
   3.0023668e+06
   3.0192314e+06
   3.0361780e+06
   3.0531635e+06
   3.0701971e+06
   3.0872760e+06
   3.1044063e+06
   3.1216081e+06
   3.1388892e+06
   3.1562198e+06
   3.1736360e+06
   3.1911038e+06
   3.2086523e+06
   3.2262830e+06
   3.2439607e+06
   3.2616820e+06
   3.2794891e+06
   3.2973438e+06
   3.3152392e+06
   3.3332094e+06
   3.3512253e+06
   3.3693297e+06
   3.3874821e+06
   3.4057098e+06
   3.4240250e+06
   3.4424164e+06
   3.4608862e+06
   3.4794390e+06
   3.4980342e+06
   3.5167123e+06
   3.5354373e+06
   3.5542068e+06
   3.5730572e+06
   3.5919929e+06
   3.6109732e+06
   3.6299969e+06
   3.6491065e+06
   3.6682591e+06
   3.6874618e+06
   3.7067413e+06
   3.7261047e+06
   3.7455164e+06
   3.7650198e+06
   3.7846001e+06
   3.8042274e+06
   3.8239001e+06
   3.8436475e+06
   3.8634702e+06
   3.8833402e+06
   3.9032576e+06
   3.9232535e+06
   3.9433348e+06
   3.9634631e+06
   3.9836367e+06
   4.0038552e+06
   4.0241618e+06
   4.0445195e+06
   4.0649237e+06
   4.0854129e+06
   4.1059792e+06
   4.1265936e+06
   4.1472806e+06
   4.1680561e+06
   4.1888821e+06
   4.2097950e+06
   4.2307809e+06
   4.2518153e+06
   4.2728999e+06
   4.2940337e+06
   4.3152456e+06
   4.3365087e+06
   4.3578132e+06
   4.3791663e+06
   4.4006086e+06
   4.4221295e+06
   4.4437035e+06
   4.4653316e+06
   4.4870376e+06
   4.5087894e+06
   4.5305968e+06
   4.5524547e+06
   4.5744038e+06
   4.5963970e+06
   4.6184338e+06
   4.6405281e+06
   4.6626742e+06
   4.6849031e+06
   4.7071751e+06
   4.7294987e+06
   4.7518777e+06
   4.7743452e+06
   4.7969021e+06
   4.8195407e+06
   4.8422302e+06
   4.8649722e+06
   4.8877964e+06
   4.9106697e+06
   4.9336303e+06
   4.9566831e+06
   4.9797873e+06
   5.0029427e+06
   5.0261509e+06
   5.0494543e+06
   5.0728122e+06
   5.0962490e+06
   5.1197619e+06
   5.1433678e+06
   5.1670639e+06
   5.1908454e+06
   5.2147102e+06
   5.2386668e+06
   5.2627087e+06
   5.2867952e+06
   5.3109729e+06
   5.3352013e+06
   5.3595198e+06
   5.3839255e+06
   5.4083791e+06
   5.4328835e+06
   5.4574360e+06
   5.4820751e+06
   5.5068010e+06
   5.5315793e+06
   5.5564086e+06
   5.5813311e+06
   5.6063090e+06
   5.6313698e+06
   5.6565086e+06
   5.6817033e+06
   5.7069541e+06
   5.7322974e+06
   5.7577348e+06
   5.7832554e+06
   5.8088645e+06
   5.8345256e+06
   5.8602754e+06
   5.8861164e+06
   5.9120488e+06
   5.9380718e+06
   5.9641441e+06
   5.9902972e+06
   6.0165029e+06
   6.0428041e+06
   6.0692016e+06
   6.0956857e+06
   6.1222622e+06
   6.1489351e+06
   6.1757085e+06
   6.2025400e+06
   6.2294190e+06
   6.2564004e+06
   6.2834743e+06
   6.3105980e+06
   6.3378143e+06
   6.3650789e+06
   6.3924323e+06
   6.4198809e+06
   6.4474239e+06
   6.4750613e+06
   6.5027552e+06
   6.5305047e+06
   6.5583114e+06
   6.5861783e+06
