   7.5866000e-02
   1.4049830e+00
   1.5424810e+00
   1.6816090e+00
   1.8192390e+00
   1.9548570e+00
   2.0678270e+00
   2.1806430e+00
   2.2923470e+00
   2.4039010e+00
   2.5194760e+00
   2.6337070e+00
   2.7450240e+00
   2.8565010e+00
   2.9692380e+00
   3.0826900e+00
   3.1972110e+00
   3.3077280e+00
   3.4181680e+00
   3.5180820e+00
   3.6018260e+00
   3.6844110e+00
   3.7671120e+00
   3.8500830e+00
   3.9331810e+00
   4.0168750e+00
   4.0994380e+00
   4.1815260e+00
   4.2636530e+00
   4.3460560e+00
   4.4287300e+00
   4.5121840e+00
   4.5944780e+00
   4.6777750e+00
   4.7608240e+00
   4.8435050e+00
   4.9257280e+00
   5.0088630e+00
   5.0918600e+00
   5.1739620e+00
   5.2562050e+00
   5.3386140e+00
   5.4207420e+00
   5.5030420e+00
   5.5848210e+00
   5.6669080e+00
   5.7489370e+00
   5.8314440e+00
   5.9140750e+00
   5.9975600e+00
   6.0800900e+00
   6.1623860e+00
   6.2444530e+00
   6.3270940e+00
   6.4092250e+00
   6.4927020e+00
   6.5748870e+00
   6.6565490e+00
   6.7381390e+00
   6.8201760e+00
   6.9022910e+00
   6.9848440e+00
   7.0668680e+00
   7.1489640e+00
   7.2312390e+00
   7.3126720e+00
   7.3942610e+00
   7.4758910e+00
   7.5571900e+00
   7.6383440e+00
   7.7199540e+00
   7.8012900e+00
   7.8835700e+00
   7.9658630e+00
   8.0472880e+00
   8.1317440e+00
   8.2146110e+00
   8.2964620e+00
   8.3787850e+00
   8.4617740e+00
   8.5431310e+00
   8.6244310e+00
   8.7058420e+00
   8.7869380e+00
   8.8680410e+00
   8.9490140e+00
   9.0317090e+00
   9.1135030e+00
   9.1974510e+00
   9.2833850e+00
   9.3649130e+00
   9.4468380e+00
   9.5288990e+00
   9.6101170e+00
   9.6914410e+00
   9.7726270e+00
   9.8544230e+00
   9.9358880e+00
   1.0018538e+01
   1.0100041e+01
   1.0182505e+01
   1.0263762e+01
   1.0345833e+01
   1.0426685e+01
   1.0508739e+01
   1.0590580e+01
   1.0671011e+01
   1.0752645e+01
   1.0834212e+01
   1.0916109e+01
   1.0997819e+01
   1.1079391e+01
   1.1160789e+01
   1.1241924e+01
   1.1323244e+01
   1.1404718e+01
   1.1486273e+01
   1.1567615e+01
   1.1648457e+01
   1.1729769e+01
   1.1811578e+01
   1.1892886e+01
   1.1975890e+01
   1.2057060e+01
   1.2138469e+01
   1.2219731e+01
   1.2301402e+01
   1.2382855e+01
   1.2465644e+01
   1.2546418e+01
   1.2628501e+01
   1.2710359e+01
   1.2791696e+01
   1.2883492e+01
   1.2983517e+01
   1.3082419e+01
   1.3177967e+01
   1.3273155e+01
   1.3368716e+01
   1.3463100e+01
   1.3544493e+01
   1.3626026e+01
   1.3706832e+01
   1.3787872e+01
   1.3868817e+01
   1.3951421e+01
   1.4032153e+01
   1.4113192e+01
   1.4194610e+01
   1.4276301e+01
   1.4357570e+01
   1.4438726e+01
   1.4520327e+01
   1.4601475e+01
   1.4682876e+01
   1.4763986e+01
   1.4845429e+01
   1.4926223e+01
   1.5008171e+01
   1.5089145e+01
   1.5170262e+01
   1.5251969e+01
   1.5332740e+01
   1.5414045e+01
   1.5495520e+01
   1.5577496e+01
   1.5658879e+01
   1.5740419e+01
   1.5822553e+01
   1.5904212e+01
   1.5986934e+01
   1.6068104e+01
   1.6162796e+01
   1.6261484e+01
   1.6360593e+01
   1.6459757e+01
   1.6558897e+01
   1.6658191e+01
   1.6746709e+01
   1.6828358e+01
   1.6910191e+01
   1.6992473e+01
   1.7074164e+01
   1.7155025e+01
   1.7236691e+01
   1.7317783e+01
   1.7398991e+01
   1.7480396e+01
   1.7561912e+01
   1.7643416e+01
   1.7724395e+01
   1.7806134e+01
   1.7886926e+01
   1.7969354e+01
   1.8050067e+01
   1.8131310e+01
   1.8212001e+01
   1.8293024e+01
   1.8374791e+01
   1.8456758e+01
   1.8538208e+01
   1.8618422e+01
   1.8698724e+01
   1.8779807e+01
   1.8860833e+01
   1.8942811e+01
   1.9024768e+01
   1.9106708e+01
   1.9188987e+01
   1.9270421e+01
   1.9352110e+01
   1.9433628e+01
   1.9515617e+01
   1.9596599e+01
   1.9678538e+01
   1.9759388e+01
   1.9840429e+01
   1.9922027e+01
   2.0003927e+01
   2.0085240e+01
   2.0166996e+01
   2.0250777e+01
   2.0334426e+01
   2.0415487e+01
   2.0497242e+01
   2.0578343e+01
   2.0659689e+01
   2.0740855e+01
   2.0822089e+01
   2.0903762e+01
   2.0985867e+01
   2.1067651e+01
   2.1149283e+01
   2.1230155e+01
   2.1311467e+01
   2.1392347e+01
   2.1473981e+01
   2.1555642e+01
   2.1636763e+01
   2.1717550e+01
   2.1798832e+01
   2.1879593e+01
   2.1961649e+01
   2.2042931e+01
   2.2124004e+01
   2.2205200e+01
   2.2288965e+01
   2.2371932e+01
   2.2455205e+01
   2.2536756e+01
   2.2618006e+01
   2.2699245e+01
   2.2779925e+01
   2.2860639e+01
   2.2941899e+01
   2.3023476e+01
   2.3104139e+01
   2.3185627e+01
   2.3266325e+01
   2.3347318e+01
   2.3428444e+01
   2.3510155e+01
   2.3590993e+01
   2.3671151e+01
   2.3751963e+01
   2.3833488e+01
   2.3914830e+01
   2.3996450e+01
   2.4078247e+01
   2.4160111e+01
   2.4241607e+01
   2.4323057e+01
   2.4404291e+01
   2.4485893e+01
   2.4566899e+01
   2.4647921e+01
   2.4729544e+01
   2.4810202e+01
   2.4891229e+01
   2.4972964e+01
   2.5054280e+01
   2.5135612e+01
   2.5216626e+01
   2.5297950e+01
   2.5378866e+01
   2.5460944e+01
   2.5542532e+01
   2.5624633e+01
   2.5706570e+01
   2.5787822e+01
   2.5869053e+01
   2.5950233e+01
   2.6031842e+01
   2.6112834e+01
   2.6194591e+01
   2.6275999e+01
   2.6358238e+01
   2.6439038e+01
   2.6520863e+01
   2.6601778e+01
   2.6682561e+01
   2.6763768e+01
   2.6844493e+01
   2.6925897e+01
   2.7008351e+01
   2.7089765e+01
   2.7170700e+01
   2.7251664e+01
   2.7332821e+01
   2.7414235e+01
   2.7495986e+01
   2.7577246e+01
   2.7658753e+01
   2.7741271e+01
   2.7823113e+01
   2.7904584e+01
   2.7986849e+01
   2.8067815e+01
   2.8149239e+01
   2.8230343e+01
   2.8311520e+01
   2.8392881e+01
   2.8474667e+01
   2.8556149e+01
   2.8637709e+01
   2.8719890e+01
   2.8801067e+01
   2.8882286e+01
   2.8964465e+01
   2.9046164e+01
   2.9127077e+01
   2.9208441e+01
   2.9289928e+01
   2.9371349e+01
   2.9453737e+01
   2.9535592e+01
   2.9616470e+01
   2.9698330e+01
   2.9779398e+01
   2.9860716e+01
   2.9941936e+01
   3.0023618e+01
   3.0105288e+01
   3.0186512e+01
   3.0268081e+01
   3.0349871e+01
   3.0431586e+01
   3.0513688e+01
   3.0594522e+01
   3.0676026e+01
   3.0757322e+01
   3.0838656e+01
   3.0919655e+01
   3.1002119e+01
   3.1083683e+01
   3.1165096e+01
   3.1246455e+01
   3.1327306e+01
   3.1408456e+01
   3.1490609e+01
   3.1572232e+01
   3.1654082e+01
   3.1735794e+01
   3.1817049e+01
   3.1898615e+01
   3.1980794e+01
   3.2062247e+01
   3.2143504e+01
   3.2225510e+01
   3.2306207e+01
   3.2388034e+01
   3.2470691e+01
   3.2552366e+01
   3.2634049e+01
   3.2714684e+01
   3.2796817e+01
   3.2877887e+01
   3.2959885e+01
   3.3041132e+01
   3.3122475e+01
   3.3203220e+01
   3.3283923e+01
   3.3365999e+01
   3.3447765e+01
   3.3530763e+01
   3.3611404e+01
   3.3692805e+01
   3.3773775e+01
   3.3854497e+01
   3.3935823e+01
   3.4017765e+01
   3.4098428e+01
   3.4179760e+01
   3.4261140e+01
   3.4342239e+01
   3.4423957e+01
   3.4505818e+01
   3.4587013e+01
   3.4668031e+01
   3.4749285e+01
   3.4830864e+01
   3.4911907e+01
   3.4993594e+01
   3.5075117e+01
   3.5156824e+01
   3.5237699e+01
   3.5319169e+01
   3.5400271e+01
   3.5482122e+01
   3.5563575e+01
   3.5644579e+01
   3.5725880e+01
   3.5807338e+01
   3.5888787e+01
   3.5971185e+01
   3.6052295e+01
   3.6133636e+01
   3.6214413e+01
   3.6295612e+01
   3.6376688e+01
   3.6459271e+01
   3.6540646e+01
   3.6622074e+01
   3.6703600e+01
   3.6785688e+01
   3.6867425e+01
   3.6948357e+01
   3.7030748e+01
   3.7112329e+01
   3.7193652e+01
   3.7274783e+01
   3.7355811e+01
   3.7436651e+01
   3.7518332e+01
   3.7599870e+01
   3.7680947e+01
   3.7762243e+01
   3.7843601e+01
   3.7925107e+01
   3.8007053e+01
   3.8088920e+01
   3.8170638e+01
   3.8252381e+01
   3.8334110e+01
   3.8415324e+01
   3.8497274e+01
   3.8578554e+01
   3.8660059e+01
   3.8741503e+01
   3.8822808e+01
   3.8903459e+01
   3.8985719e+01
   3.9067286e+01
   3.9149138e+01
   3.9230620e+01
   3.9312182e+01
   3.9393120e+01
   3.9475064e+01
   3.9556001e+01
   3.9637547e+01
   3.9718558e+01
   3.9799684e+01
   3.9881561e+01
   3.9963026e+01
   4.0044200e+01
   4.0125312e+01
   4.0207369e+01
   4.0288554e+01
   4.0369896e+01
   4.0451597e+01
   4.0532573e+01
   4.0613396e+01
   4.0694290e+01
   4.0775774e+01
   4.0857388e+01
   4.0938632e+01
   4.1020564e+01
   4.1102013e+01
   4.1183240e+01
   4.1264841e+01
   4.1346368e+01
   4.1427841e+01
   4.1510027e+01
   4.1592087e+01
   4.1673355e+01
   4.1754556e+01
   4.1835030e+01
   4.1916632e+01
   4.1998685e+01
   4.2079670e+01
   4.2161209e+01
   4.2241945e+01
   4.2325598e+01
   4.2408364e+01
   4.2490314e+01
   4.2571548e+01
   4.2652338e+01
   4.2733571e+01
   4.2815198e+01
   4.2896079e+01
   4.2978473e+01
   4.3059756e+01
   4.3141103e+01
   4.3222309e+01
   4.3303435e+01
   4.3384620e+01
   4.3466258e+01
   4.3547454e+01
   4.3627921e+01
   4.3708651e+01
   4.3790034e+01
   4.3871143e+01
   4.3953198e+01
   4.4034200e+01
   4.4116016e+01
   4.4197402e+01
   4.4278804e+01
   4.4360551e+01
   4.4442577e+01
   4.4524369e+01
   4.4606115e+01
   4.4687667e+01
   4.4769159e+01
   4.4850453e+01
   4.4931574e+01
   4.5012743e+01
   4.5093727e+01
   4.5175078e+01
   4.5256061e+01
   4.5337024e+01
   4.5418112e+01
   4.5499959e+01
   4.5581487e+01
   4.5663053e+01
   4.5744443e+01
   4.5825652e+01
   4.5906963e+01
   4.5989599e+01
   4.6071182e+01
   4.6152568e+01
   4.6233721e+01
   4.6315100e+01
   4.6399379e+01
   4.6482607e+01
   4.6563957e+01
   4.6645043e+01
   4.6726639e+01
   4.6808030e+01
   4.6889722e+01
   4.6972052e+01
   4.7053266e+01
   4.7134879e+01
   4.7215780e+01
   4.7297062e+01
   4.7378587e+01
   4.7460290e+01
   4.7541760e+01
   4.7623452e+01
   4.7704766e+01
   4.7785960e+01
   4.7867642e+01
   4.7948740e+01
   4.8030676e+01
   4.8112113e+01
   4.8193120e+01
   4.8274136e+01
   4.8355472e+01
   4.8436964e+01
   4.8519568e+01
   4.8601007e+01
   4.8682137e+01
   4.8763688e+01
   4.8845209e+01
   4.8926922e+01
   4.9008657e+01
   4.9089288e+01
   4.9170809e+01
   4.9251882e+01
   4.9332956e+01
   4.9414293e+01
   4.9496603e+01
   4.9578078e+01
   4.9659593e+01
   4.9741058e+01
   4.9821846e+01
   4.9903542e+01
   4.9985480e+01
   5.0066616e+01
   5.0148590e+01
   5.0229852e+01
   5.0311026e+01
   5.0392987e+01
   5.0475072e+01
   5.0556147e+01
   5.0637464e+01
   5.0719204e+01
   5.0801139e+01
   5.0882515e+01
   5.0964685e+01
   5.1045657e+01
   5.1126725e+01
   5.1209052e+01
   5.1290304e+01
   5.1371546e+01
   5.1453827e+01
   5.1534596e+01
   5.1615892e+01
   5.1697363e+01
   5.1778219e+01
   5.1859507e+01
   5.1940374e+01
   5.2021592e+01
   5.2103149e+01
   5.2184363e+01
   5.2265700e+01
   5.2347210e+01
   5.2428394e+01
   5.2510429e+01
   5.2591254e+01
   5.2672459e+01
   5.2753076e+01
   5.2833876e+01
   5.2915126e+01
   5.2996697e+01
   5.3077893e+01
   5.3158897e+01
   5.3240271e+01
   5.3321505e+01
   5.3402905e+01
   5.3485342e+01
   5.3566963e+01
   5.3647835e+01
   5.3729172e+01
   5.3810411e+01
   5.3891956e+01
   5.3974814e+01
   5.4056054e+01
   5.4137418e+01
   5.4218581e+01
   5.4300001e+01
   5.4381388e+01
   5.4465590e+01
   5.4549057e+01
   5.4630430e+01
   5.4711885e+01
   5.4793718e+01
   5.4875171e+01
   5.4956954e+01
   5.5038152e+01
   5.5119508e+01
   5.5201566e+01
   5.5283162e+01
   5.5364242e+01
   5.5445403e+01
   5.5527627e+01
   5.5609319e+01
   5.5690502e+01
   5.5772094e+01
   5.5853175e+01
   5.5934045e+01
   5.6016566e+01
   5.6098113e+01
   5.6179164e+01
   5.6259899e+01
   5.6340908e+01
   5.6422528e+01
   5.6504945e+01
   5.6585904e+01
   5.6667901e+01
   5.6749401e+01
   5.6830580e+01
   5.6911864e+01
   5.6993651e+01
   5.7075393e+01
   5.7156905e+01
   5.7238445e+01
   5.7319307e+01
   5.7400695e+01
   5.7482864e+01
   5.7565599e+01
   5.7647279e+01
   5.7728679e+01
   5.7810335e+01
   5.7891762e+01
   5.7973736e+01
   5.8054978e+01
   5.8136547e+01
   5.8217941e+01
   5.8299620e+01
   5.8380477e+01
   5.8462598e+01
   5.8543759e+01
   5.8624422e+01
   5.8706224e+01
   5.8789155e+01
   5.8871156e+01
   5.8953352e+01
   5.9035137e+01
   5.9116119e+01
   5.9197888e+01
   5.9279402e+01
   5.9360454e+01
   5.9441207e+01
   5.9522978e+01
   5.9604904e+01
   5.9686043e+01
   5.9767148e+01
   5.9848839e+01
   5.9930249e+01
   6.0012455e+01
   6.0093482e+01
   6.0174700e+01
   6.0256853e+01
   6.0338160e+01
   6.0419980e+01
   6.0502174e+01
   6.0583708e+01
   6.0664639e+01
   6.0746057e+01
   6.0827846e+01
   6.0909184e+01
   6.0991092e+01
   6.1073113e+01
   6.1154536e+01
   6.1236320e+01
   6.1316847e+01
   6.1398251e+01
   6.1480082e+01
   6.1561844e+01
   6.1643442e+01
   6.1724169e+01
   6.1805833e+01
   6.1887211e+01
   6.1969310e+01
   6.2050556e+01
   6.2131868e+01
   6.2212848e+01
   6.2294382e+01
   6.2375417e+01
   6.2457589e+01
   6.2541306e+01
   6.2624053e+01
   6.2705205e+01
   6.2786170e+01
   6.2867307e+01
   6.2948270e+01
   6.3030341e+01
   6.3111718e+01
   6.3192831e+01
   6.3274776e+01
   6.3356648e+01
   6.3438308e+01
   6.3520262e+01
   6.3601867e+01
   6.3683152e+01
   6.3764336e+01
   6.3845728e+01
   6.3927369e+01
   6.4009624e+01
   6.4090642e+01
   6.4171693e+01
   6.4253241e+01
   6.4334389e+01
   6.4415430e+01
   6.4496906e+01
   6.4577773e+01
   6.4658636e+01
   6.4739495e+01
   6.4820505e+01
   6.4900937e+01
   6.4982936e+01
   6.5064050e+01
   6.5145088e+01
   6.5226409e+01
   6.5308575e+01
   6.5389872e+01
   6.5474468e+01
   6.5555854e+01
   6.5637788e+01
   6.5718909e+01
   6.5801233e+01
   6.5882900e+01
   6.5965571e+01
   6.6046705e+01
   6.6127567e+01
   6.6209481e+01
   6.6290813e+01
   6.6372257e+01
   6.6453635e+01
   6.6534922e+01
   6.6616427e+01
   6.6698184e+01
   6.6779199e+01
   6.6860516e+01
   6.6942521e+01
   6.7023852e+01
   6.7105069e+01
   6.7186656e+01
   6.7267839e+01
   6.7349449e+01
   6.7430626e+01
   6.7513127e+01
   6.7594676e+01
   6.7676347e+01
   6.7757465e+01
   6.7838790e+01
   6.7920093e+01
   6.8002179e+01
   6.8082942e+01
   6.8163850e+01
   6.8244511e+01
   6.8325442e+01
   6.8406558e+01
   6.8487941e+01
   6.8569358e+01
   6.8651170e+01
   6.8732707e+01
   6.8814381e+01
   6.8895039e+01
   6.8977110e+01
   6.9058754e+01
   6.9140111e+01
   6.9221575e+01
   6.9302234e+01
   6.9383437e+01
   6.9465002e+01
   6.9545642e+01
   6.9627183e+01
   6.9708459e+01
   6.9790237e+01
   6.9871807e+01
   6.9953909e+01
   7.0035262e+01
   7.0116841e+01
   7.0198329e+01
   7.0280076e+01
   7.0361599e+01
   7.0442838e+01
   7.0525105e+01
   7.0605851e+01
   7.0687311e+01
   7.0768381e+01
   7.0849233e+01
   7.0930529e+01
   7.1012983e+01
   7.1094532e+01
   7.1176959e+01
   7.1257923e+01
   7.1338656e+01
   7.1419719e+01
   7.1502092e+01
   7.1584092e+01
   7.1665846e+01
   7.1746889e+01
   7.1828871e+01
   7.1910869e+01
   7.1993548e+01
   7.2074478e+01
   7.2155876e+01
   7.2237463e+01
   7.2318969e+01
   7.2400797e+01
   7.2483029e+01
   7.2564375e+01
   7.2645727e+01
   7.2726626e+01
   7.2807869e+01
   7.2889089e+01
   7.2971288e+01
   7.3052879e+01
   7.3134705e+01
   7.3216019e+01
   7.3297840e+01
   7.3379633e+01
   7.3462102e+01
   7.3543213e+01
   7.3624387e+01
   7.3705448e+01
   7.3787145e+01
   7.3868067e+01
   7.3949491e+01
   7.4031560e+01
   7.4113224e+01
   7.4194054e+01
   7.4275324e+01
   7.4356723e+01
   7.4438194e+01
   7.4520459e+01
   7.4601371e+01
   7.4682735e+01
   7.4763981e+01
   7.4846080e+01
   7.4927322e+01
   7.5009137e+01
   7.5090401e+01
   7.5171617e+01
   7.5252459e+01
   7.5333469e+01
   7.5414959e+01
   7.5496662e+01
   7.5578081e+01
   7.5658992e+01
   7.5740379e+01
   7.5821422e+01
   7.5902823e+01
   7.5985746e+01
   7.6067321e+01
   7.6148418e+01
   7.6229838e+01
   7.6311267e+01
   7.6393057e+01
   7.6475413e+01
   7.6556369e+01
   7.6637645e+01
   7.6719401e+01
   7.6800511e+01
   7.6881588e+01
   7.6963161e+01
   7.7044592e+01
   7.7125256e+01
   7.7206881e+01
   7.7287759e+01
   7.7369166e+01
   7.7450302e+01
   7.7532413e+01
   7.7614105e+01
   7.7695269e+01
   7.7777061e+01
   7.7858071e+01
   7.7939390e+01
   7.8022069e+01
   7.8103847e+01
   7.8185380e+01
   7.8266983e+01
   7.8347839e+01
   7.8428911e+01
   7.8510784e+01
   7.8593929e+01
   7.8677156e+01
   7.8758475e+01
   7.8839716e+01
   7.8920952e+01
   7.9002206e+01
   7.9083449e+01
   7.9164402e+01
   7.9246059e+01
   7.9327742e+01
   7.9408943e+01
   7.9490698e+01
   7.9572238e+01
   7.9653999e+01
   7.9735065e+01
   7.9816291e+01
   7.9897872e+01
   7.9979762e+01
   8.0061311e+01
   8.0142469e+01
   8.0223463e+01
   8.0304807e+01
   8.0386247e+01
   8.0467965e+01
   8.0548918e+01
   8.0629942e+01
   8.0710764e+01
   8.0791938e+01
   8.0873041e+01
   8.0954567e+01
   8.1036029e+01
   8.1133407e+01
   8.1231911e+01
   8.1331364e+01
   8.1430202e+01
   8.1527603e+01
   8.1621511e+01
   8.1713462e+01
   8.1803743e+01
   8.1893275e+01
   8.1981969e+01
   8.2063597e+01
   8.2144959e+01
   8.2226469e+01
   8.2307553e+01
   8.2388660e+01
   8.2470925e+01
   8.2552068e+01
   8.2632960e+01
   8.2714515e+01
   8.2795808e+01
   8.2877381e+01
   8.2960010e+01
   8.3041378e+01
   8.3123567e+01
   8.3205008e+01
   8.3286477e+01
   8.3367638e+01
   8.3449120e+01
   8.3530666e+01
   8.3611821e+01
   8.3693363e+01
   8.3775093e+01
   8.3856706e+01
   8.3938147e+01
   8.4020210e+01
   8.4101265e+01
   8.4182608e+01
   8.4263704e+01
   8.4344998e+01
   8.4426653e+01
   8.4509192e+01
   8.4590112e+01
   8.4671025e+01
   8.4752239e+01
   8.4833304e+01
   8.4914161e+01
   8.4996088e+01
   8.5077191e+01
   8.5159153e+01
   8.5240973e+01
   8.5322601e+01
   8.5404017e+01
   8.5485430e+01
   8.5566689e+01
   8.5647812e+01
   8.5728661e+01
   8.5809752e+01
   8.5891031e+01
   8.5972898e+01
   8.6054159e+01
   8.6135834e+01
   8.6233407e+01
   8.6332096e+01
   8.6431688e+01
   8.6527969e+01
   8.6623387e+01
   8.6719723e+01
   8.6814018e+01
   8.6907080e+01
   8.6999572e+01
   8.7092444e+01
   8.7184833e+01
   8.7275048e+01
   8.7364662e+01
   8.7454936e+01
   8.7536033e+01
   8.7618173e+01
   8.7699182e+01
   8.7780661e+01
   8.7861835e+01
   8.7943016e+01
   8.8025356e+01
   8.8106645e+01
   8.8188022e+01
   8.8268317e+01
   8.8349153e+01
   8.8429804e+01
   8.8512502e+01
   8.8593566e+01
   8.8674670e+01
   8.8756078e+01
   8.8837106e+01
   8.8918196e+01
   8.9000025e+01
   8.9081215e+01
   8.9162392e+01
   8.9244160e+01
   8.9325481e+01
   8.9407042e+01
   8.9489104e+01
   8.9569866e+01
   8.9651286e+01
   8.9732466e+01
   8.9814449e+01
   8.9895834e+01
   8.9977656e+01
   9.0058442e+01
   9.0139647e+01
   9.0220732e+01
   9.0302345e+01
   9.0384371e+01
   9.0465913e+01
   9.0546911e+01
   9.0627851e+01
   9.0708899e+01
   9.0790325e+01
   9.0871801e+01
   9.0953702e+01
   9.1034828e+01
   9.1116570e+01
   9.1198050e+01
   9.1279721e+01
   9.1360924e+01
   9.1441724e+01
   9.1523046e+01
   9.1604057e+01
   9.1685622e+01
   9.1767227e+01
   9.1848908e+01
   9.1930269e+01
   9.2012202e+01
   9.2093149e+01
   9.2175023e+01
   9.2256806e+01
   9.2338378e+01
   9.2420377e+01
   9.2502786e+01
   9.2583982e+01
   9.2666034e+01
   9.2747513e+01
   9.2828555e+01
   9.2909513e+01
   9.2991202e+01
   9.3072846e+01
   9.3154061e+01
   9.3235234e+01
   9.3316675e+01
   9.3397936e+01
   9.3479970e+01
   9.3560842e+01
   9.3641934e+01
   9.3722983e+01
   9.3804384e+01
   9.3885342e+01
   9.3967395e+01
   9.4048748e+01
   9.4130030e+01
   9.4211317e+01
   9.4293403e+01
   9.4374993e+01
   9.4457429e+01
   9.4538338e+01
   9.4622181e+01
   9.4705577e+01
   9.4787179e+01
   9.4869281e+01
   9.4951148e+01
   9.5033110e+01
   9.5114521e+01
   9.5195905e+01
   9.5276849e+01
   9.5357987e+01
   9.5439541e+01
   9.5522258e+01
   9.5604444e+01
   9.5686101e+01
   9.5767668e+01
   9.5848910e+01
   9.5929862e+01
   9.6011626e+01
   9.6092738e+01
   9.6173788e+01
   9.6254764e+01
   9.6335724e+01
   9.6416622e+01
   9.6498900e+01
   9.6579813e+01
   9.6660344e+01
   9.6742485e+01
   9.6823541e+01
   9.6904477e+01
   9.6986613e+01
   9.7067904e+01
   9.7149090e+01
   9.7230522e+01
   9.7312033e+01
   9.7393161e+01
   9.7474764e+01
   9.7556167e+01
   9.7637867e+01
   9.7718877e+01
   9.7800127e+01
   9.7881054e+01
   9.7962634e+01
   9.8044150e+01
   9.8125303e+01
   9.8206088e+01
   9.8287428e+01
   9.8369098e+01
   9.8450046e+01
   9.8532529e+01
   9.8613725e+01
   9.8694404e+01
   9.8776188e+01
   9.8857486e+01
   9.8938547e+01
   9.9020673e+01
   9.9101929e+01
   9.9183337e+01
   9.9265123e+01
   9.9346240e+01
   9.9427129e+01
   9.9509077e+01
   9.9590461e+01
   9.9672383e+01
   9.9753544e+01
   9.9834603e+01
   9.9915851e+01
   9.9997801e+01
   1.0007891e+02
   1.0016013e+02
   1.0024112e+02
   1.0032199e+02
   1.0040389e+02
   1.0048574e+02
   1.0056733e+02
   1.0064861e+02
   1.0072990e+02
   1.0081187e+02
   1.0089295e+02
   1.0097459e+02
   1.0105554e+02
   1.0113637e+02
   1.0121866e+02
   1.0129994e+02
   1.0138111e+02
   1.0146300e+02
   1.0154449e+02
   1.0162545e+02
   1.0170696e+02
   1.0178810e+02
   1.0186984e+02
   1.0195136e+02
   1.0203416e+02
   1.0211601e+02
   1.0219715e+02
   1.0227828e+02
   1.0235939e+02
   1.0244139e+02
   1.0252300e+02
   1.0260445e+02
   1.0268565e+02
   1.0276726e+02
   1.0284904e+02
   1.0292998e+02
   1.0301239e+02
   1.0309451e+02
   1.0317553e+02
   1.0325655e+02
   1.0333691e+02
   1.0341861e+02
   1.0350046e+02
   1.0358206e+02
   1.0366408e+02
   1.0374496e+02
   1.0382612e+02
   1.0390720e+02
   1.0398894e+02
   1.0407079e+02
   1.0415138e+02
   1.0423278e+02
   1.0431386e+02
   1.0439551e+02
   1.0447771e+02
   1.0455804e+02
   1.0463942e+02
   1.0472052e+02
   1.0480235e+02
   1.0488331e+02
   1.0496513e+02
   1.0504609e+02
   1.0512796e+02
   1.0520945e+02
   1.0529035e+02
   1.0537146e+02
   1.0545315e+02
   1.0553476e+02
   1.0561655e+02
   1.0569751e+02
   1.0577906e+02
   1.0585996e+02
   1.0594139e+02
   1.0602362e+02
   1.0610449e+02
   1.0618566e+02
   1.0626646e+02
   1.0634756e+02
   1.0642918e+02
   1.0651089e+02
   1.0659247e+02
   1.0667369e+02
   1.0675530e+02
   1.0683647e+02
   1.0691784e+02
   1.0699949e+02
   1.0708107e+02
   1.0716284e+02
   1.0724449e+02
   1.0732541e+02
   1.0740684e+02
   1.0748847e+02
   1.0757034e+02
   1.0765207e+02
   1.0773402e+02
   1.0781567e+02
   1.0789736e+02
   1.0797958e+02
   1.0806129e+02
   1.0814210e+02
   1.0822388e+02
   1.0830536e+02
   1.0838692e+02
   1.0846923e+02
   1.0855081e+02
   1.0863187e+02
   1.0871324e+02
   1.0879476e+02
   1.0887625e+02
   1.0895794e+02
   1.0903893e+02
   1.0911986e+02
   1.0920084e+02
   1.0928223e+02
   1.0936279e+02
   1.0944495e+02
   1.0952675e+02
   1.0960805e+02
   1.0968944e+02
   1.0977046e+02
   1.0985169e+02
   1.0993244e+02
   1.1001455e+02
   1.1009592e+02
   1.1017717e+02
   1.1025878e+02
   1.1033983e+02
   1.1042087e+02
   1.1050287e+02
   1.1058440e+02
   1.1066505e+02
   1.1074571e+02
   1.1082672e+02
   1.1090838e+02
   1.1099058e+02
   1.1107189e+02
   1.1115283e+02
   1.1123456e+02
   1.1131600e+02
   1.1139762e+02
   1.1147947e+02
   1.1156092e+02
   1.1164267e+02
   1.1172401e+02
   1.1180480e+02
   1.1188584e+02
   1.1196833e+02
   1.1204899e+02
   1.1213026e+02
   1.1221136e+02
   1.1229277e+02
   1.1237399e+02
   1.1245618e+02
   1.1253690e+02
   1.1261814e+02
   1.1269936e+02
   1.1278006e+02
   1.1286117e+02
   1.1294151e+02
   1.1302343e+02
   1.1310470e+02
   1.1318600e+02
   1.1326789e+02
   1.1334876e+02
   1.1343030e+02
   1.1351217e+02
   1.1359323e+02
   1.1367472e+02
   1.1375581e+02
   1.1383718e+02
   1.1391844e+02
   1.1400074e+02
   1.1408272e+02
   1.1416436e+02
   1.1424586e+02
   1.1432686e+02
   1.1440784e+02
   1.1449040e+02
   1.1457160e+02
   1.1465317e+02
   1.1473441e+02
   1.1481599e+02
   1.1489733e+02
   1.1497949e+02
   1.1506053e+02
   1.1514176e+02
   1.1522381e+02
   1.1530475e+02
   1.1538578e+02
   1.1546762e+02
   1.1554926e+02
   1.1563124e+02
   1.1571244e+02
   1.1579376e+02
   1.1587427e+02
   1.1595602e+02
   1.1603711e+02
   1.1611821e+02
   1.1619968e+02
   1.1628060e+02
   1.1636206e+02
   1.1644319e+02
   1.1652501e+02
   1.1660614e+02
   1.1668735e+02
   1.1676890e+02
   1.1685007e+02
   1.1693112e+02
   1.1701307e+02
   1.1709452e+02
   1.1717608e+02
   1.1725750e+02
   1.1733933e+02
   1.1742066e+02
   1.1750271e+02
   1.1758325e+02
   1.1766536e+02
   1.1774661e+02
   1.1782839e+02
   1.1791017e+02
   1.1799213e+02
   1.1807372e+02
   1.1815513e+02
   1.1823622e+02
   1.1831783e+02
   1.1839937e+02
   1.1848158e+02
   1.1856281e+02
   1.1864398e+02
   1.1872523e+02
   1.1880668e+02
   1.1888819e+02
   1.1896955e+02
   1.1905061e+02
   1.1913210e+02
   1.1921294e+02
   1.1929392e+02
   1.1937531e+02
   1.1945725e+02
   1.1953884e+02
   1.1962041e+02
   1.1970183e+02
   1.1978319e+02
   1.1986396e+02
   1.1994544e+02
   1.2002775e+02
   1.2010840e+02
   1.2018921e+02
   1.2027096e+02
   1.2035210e+02
   1.2043321e+02
   1.2051497e+02
   1.2059584e+02
   1.2067654e+02
   1.2075810e+02
   1.2084116e+02
   1.2092206e+02
   1.2100430e+02
   1.2108532e+02
   1.2116684e+02
   1.2124871e+02
   1.2132945e+02
   1.2141083e+02
   1.2149334e+02
   1.2157363e+02
   1.2165514e+02
   1.2173672e+02
   1.2181807e+02
   1.2190007e+02
   1.2198164e+02
   1.2206360e+02
   1.2214486e+02
   1.2222664e+02
   1.2230793e+02
   1.2238850e+02
   1.2247064e+02
   1.2255158e+02
   1.2263351e+02
   1.2271503e+02
   1.2279663e+02
   1.2287848e+02
   1.2296031e+02
   1.2304186e+02
   1.2312279e+02
   1.2320441e+02
   1.2328566e+02
   1.2336686e+02
   1.2344814e+02
   1.2353086e+02
   1.2361248e+02
   1.2369411e+02
   1.2377497e+02
   1.2385698e+02
   1.2393794e+02
   1.2401979e+02
   1.2410144e+02
   1.2418276e+02
   1.2426419e+02
   1.2434504e+02
   1.2442661e+02
   1.2450871e+02
   1.2458996e+02
   1.2467080e+02
   1.2475222e+02
   1.2483383e+02
   1.2491535e+02
   1.2499712e+02
   1.2507836e+02
   1.2515996e+02
   1.2524215e+02
   1.2532298e+02
   1.2540499e+02
   1.2548667e+02
   1.2556760e+02
   1.2564865e+02
   1.2572993e+02
   1.2581082e+02
   1.2589270e+02
   1.2597470e+02
   1.2605588e+02
   1.2613698e+02
   1.2621869e+02
   1.2630059e+02
   1.2638208e+02
   1.2646449e+02
   1.2654565e+02
   1.2662785e+02
   1.2670933e+02
   1.2679049e+02
   1.2687192e+02
   1.2695363e+02
   1.2703440e+02
   1.2711610e+02
   1.2719757e+02
   1.2727935e+02
   1.2736073e+02
   1.2744194e+02
   1.2752415e+02
   1.2760615e+02
   1.2768762e+02
   1.2776857e+02
   1.2784937e+02
   1.2793062e+02
   1.2801227e+02
   1.2809403e+02
   1.2817489e+02
   1.2825686e+02
   1.2833832e+02
   1.2841925e+02
   1.2850153e+02
   1.2858326e+02
   1.2866447e+02
   1.2874539e+02
   1.2882634e+02
   1.2890799e+02
   1.2898964e+02
   1.2907107e+02
   1.2915258e+02
   1.2923394e+02
   1.2931537e+02
   1.2939666e+02
   1.2947906e+02
   1.2956034e+02
   1.2964162e+02
   1.2972253e+02
   1.2980336e+02
   1.2988476e+02
   1.2996696e+02
   1.3004940e+02
   1.3013043e+02
   1.3021192e+02
   1.3029330e+02
   1.3037425e+02
   1.3045663e+02
   1.3053812e+02
   1.3061924e+02
   1.3070030e+02
   1.3078188e+02
   1.3086288e+02
   1.3094448e+02
   1.3102664e+02
   1.3110753e+02
   1.3118939e+02
   1.3127093e+02
   1.3135250e+02
   1.3143392e+02
   1.3151582e+02
   1.3159668e+02
   1.3167789e+02
   1.3175932e+02
   1.3184053e+02
   1.3192190e+02
   1.3200338e+02
   1.3208510e+02
   1.3216690e+02
   1.3224835e+02
   1.3233002e+02
   1.3241135e+02
   1.3249368e+02
   1.3257491e+02
   1.3265610e+02
   1.3273730e+02
   1.3281888e+02
   1.3289990e+02
   1.3298213e+02
   1.3306310e+02
   1.3314409e+02
   1.3322592e+02
   1.3330719e+02
   1.3338816e+02
   1.3346964e+02
   1.3355117e+02
   1.3363251e+02
   1.3371427e+02
   1.3379601e+02
   1.3387733e+02
   1.3395937e+02
   1.3404079e+02
   1.3412242e+02
   1.3420332e+02
   1.3428398e+02
   1.3436533e+02
   1.3444657e+02
   1.3452838e+02
   1.3460925e+02
   1.3469049e+02
   1.3477156e+02
   1.3485327e+02
   1.3493396e+02
   1.3501590e+02
   1.3509718e+02
   1.3517812e+02
   1.3525954e+02
   1.3534064e+02
   1.3542185e+02
   1.3550413e+02
   1.3558529e+02
   1.3566688e+02
   1.3574840e+02
   1.3582959e+02
   1.3591035e+02
   1.3599219e+02
   1.3607318e+02
   1.3615433e+02
   1.3623527e+02
   1.3631627e+02
   1.3639773e+02
   1.3648015e+02
   1.3656087e+02
   1.3664234e+02
   1.3672328e+02
   1.3680439e+02
   1.3688567e+02
   1.3696862e+02
   1.3705026e+02
   1.3713156e+02
   1.3721294e+02
   1.3729490e+02
   1.3737629e+02
   1.3745857e+02
   1.3754014e+02
   1.3762135e+02
   1.3770253e+02
   1.3778380e+02
   1.3786522e+02
   1.3794666e+02
   1.3802884e+02
   1.3810986e+02
   1.3819090e+02
   1.3827099e+02
   1.3835163e+02
   1.3843234e+02
   1.3851504e+02
   1.3859654e+02
   1.3867767e+02
   1.3875855e+02
   1.3883970e+02
   1.3892079e+02
   1.3900273e+02
   1.3908335e+02
   1.3916477e+02
   1.3924597e+02
   1.3932706e+02
   1.3940825e+02
   1.3948998e+02
   1.3957091e+02
   1.3965287e+02
   1.3973390e+02
   1.3981511e+02
   1.3989643e+02
   1.3997898e+02
   1.4006018e+02
   1.4014129e+02
   1.4022283e+02
   1.4030461e+02
   1.4038553e+02
   1.4046753e+02
   1.4054848e+02
   1.4062909e+02
   1.4071036e+02
   1.4079165e+02
   1.4087308e+02
   1.4095529e+02
   1.4103645e+02
   1.4111739e+02
   1.4119846e+02
   1.4127975e+02
   1.4136109e+02
   1.4144199e+02
   1.4152347e+02
   1.4160516e+02
   1.4168669e+02
   1.4176825e+02
   1.4184917e+02
   1.4193072e+02
   1.4201288e+02
   1.4209478e+02
   1.4217554e+02
   1.4225657e+02
   1.4233792e+02
   1.4241903e+02
   1.4250088e+02
   1.4259929e+02
   1.4269868e+02
   1.4279707e+02
   1.4289551e+02
   1.4299377e+02
   1.4308909e+02
   1.4318496e+02
   1.4327796e+02
   1.4336516e+02
   1.4345258e+02
   1.4353473e+02
   1.4361619e+02
   1.4369777e+02
   1.4377891e+02
   1.4386039e+02
   1.4394130e+02
   1.4402327e+02
   1.4410478e+02
   1.4418619e+02
   1.4426808e+02
   1.4434954e+02
   1.4443050e+02
   1.4451249e+02
   1.4459343e+02
   1.4467426e+02
   1.4475585e+02
   1.4483664e+02
   1.4491814e+02
   1.4500022e+02
   1.4508118e+02
   1.4516245e+02
   1.4524355e+02
   1.4532462e+02
   1.4540543e+02
   1.4548721e+02
   1.4556840e+02
   1.4564953e+02
   1.4573022e+02
   1.4581084e+02
   1.4589908e+02
   1.4599806e+02
   1.4609253e+02
   1.4618244e+02
   1.4627158e+02
   1.4636120e+02
   1.4645102e+02
   1.4653347e+02
   1.4661469e+02
   1.4669617e+02
   1.4677751e+02
   1.4685908e+02
   1.4694027e+02
   1.4702217e+02
   1.4710310e+02
   1.4718399e+02
   1.4726549e+02
   1.4734616e+02
   1.4742722e+02
   1.4750894e+02
   1.4758978e+02
   1.4767105e+02
   1.4775223e+02
   1.4783338e+02
   1.4791425e+02
   1.4799557e+02
   1.4807673e+02
   1.4815874e+02
   1.4824014e+02
   1.4832129e+02
   1.4840229e+02
   1.4848452e+02
   1.4856562e+02
   1.4864721e+02
   1.4872817e+02
   1.4880916e+02
   1.4889052e+02
   1.4897205e+02
   1.4905263e+02
   1.4913379e+02
   1.4921526e+02
   1.4929643e+02
   1.4937782e+02
   1.4945944e+02
   1.4954085e+02
   1.4962239e+02
   1.4970376e+02
   1.4978538e+02
   1.4986684e+02
   1.4994839e+02
   1.5003071e+02
   1.5011217e+02
   1.5019359e+02
   1.5027465e+02
   1.5035517e+02
   1.5043626e+02
   1.5051860e+02
   1.5059951e+02
   1.5068112e+02
   1.5076193e+02
   1.5084442e+02
   1.5092677e+02
   1.5100875e+02
   1.5108994e+02
   1.5117123e+02
   1.5125270e+02
   1.5133397e+02
   1.5141499e+02
   1.5149722e+02
   1.5157858e+02
   1.5165979e+02
   1.5174157e+02
   1.5182269e+02
   1.5190375e+02
   1.5198549e+02
   1.5206703e+02
   1.5214830e+02
   1.5222955e+02
   1.5231099e+02
   1.5239235e+02
   1.5247458e+02
   1.5255539e+02
   1.5263639e+02
   1.5271770e+02
   1.5279932e+02
   1.5288107e+02
   1.5296371e+02
   1.5304520e+02
   1.5312712e+02
   1.5320905e+02
   1.5329015e+02
   1.5337169e+02
   1.5345273e+02
   1.5353489e+02
   1.5361653e+02
   1.5369771e+02
   1.5377855e+02
   1.5385987e+02
   1.5394140e+02
   1.5402337e+02
   1.5410453e+02
   1.5418606e+02
   1.5426757e+02
   1.5434879e+02
   1.5443035e+02
   1.5451257e+02
   1.5459382e+02
   1.5467472e+02
   1.5475588e+02
   1.5483928e+02
   1.5492358e+02
   1.5500559e+02
   1.5508695e+02
   1.5516780e+02
   1.5524933e+02
   1.5533062e+02
   1.5541187e+02
   1.5549421e+02
   1.5557524e+02
   1.5565677e+02
   1.5573785e+02
   1.5581879e+02
   1.5590005e+02
   1.5598168e+02
   1.5606336e+02
   1.5614521e+02
   1.5622632e+02
   1.5630744e+02
   1.5638862e+02
   1.5647130e+02
   1.5655275e+02
   1.5663335e+02
   1.5671478e+02
   1.5679592e+02
   1.5687700e+02
   1.5695921e+02
   1.5704079e+02
   1.5712230e+02
   1.5720363e+02
   1.5728501e+02
   1.5736562e+02
   1.5744676e+02
   1.5752863e+02
   1.5760943e+02
   1.5769085e+02
   1.5777204e+02
   1.5785320e+02
   1.5793457e+02
   1.5801624e+02
   1.5809737e+02
   1.5817826e+02
   1.5825941e+02
   1.5834036e+02
   1.5842252e+02
   1.5850421e+02
   1.5858495e+02
   1.5866657e+02
   1.5874768e+02
   1.5882906e+02
   1.5891062e+02
   1.5899242e+02
   1.5907369e+02
   1.5915459e+02
   1.5923605e+02
   1.5931710e+02
   1.5939880e+02
   1.5948114e+02
   1.5956313e+02
   1.5964406e+02
   1.5972559e+02
   1.5980665e+02
   1.5988784e+02
   1.5996940e+02
   1.6005026e+02
   1.6013143e+02
   1.6021278e+02
   1.6029431e+02
   1.6037513e+02
   1.6045726e+02
   1.6053860e+02
   1.6061977e+02
   1.6070131e+02
   1.6078238e+02
   1.6086409e+02
   1.6094585e+02
   1.6102859e+02
   1.6110967e+02
   1.6119096e+02
   1.6127243e+02
   1.6135367e+02
   1.6143518e+02
   1.6151673e+02
   1.6159852e+02
   1.6168000e+02
   1.6176175e+02
   1.6184285e+02
   1.6192392e+02
   1.6200618e+02
   1.6208750e+02
   1.6216892e+02
   1.6225036e+02
   1.6233169e+02
   1.6241292e+02
   1.6249532e+02
   1.6257661e+02
   1.6265789e+02
   1.6273935e+02
   1.6282054e+02
   1.6290224e+02
   1.6298406e+02
   1.6306526e+02
   1.6314628e+02
   1.6322701e+02
   1.6330880e+02
   1.6339005e+02
   1.6347193e+02
   1.6355312e+02
   1.6363412e+02
   1.6371545e+02
   1.6379611e+02
   1.6387748e+02
   1.6395918e+02
   1.6404065e+02
   1.6412259e+02
   1.6420453e+02
   1.6428540e+02
   1.6436653e+02
   1.6444802e+02
   1.6453053e+02
   1.6461112e+02
   1.6469181e+02
   1.6477254e+02
   1.6485369e+02
   1.6493530e+02
   1.6501732e+02
   1.6509801e+02
   1.6517932e+02
   1.6526010e+02
   1.6534133e+02
   1.6542219e+02
   1.6550500e+02
   1.6558662e+02
   1.6566786e+02
   1.6574969e+02
   1.6583125e+02
   1.6591273e+02
   1.6599433e+02
   1.6607511e+02
   1.6615690e+02
   1.6623783e+02
   1.6631855e+02
   1.6639959e+02
   1.6648148e+02
   1.6656242e+02
   1.6664404e+02
   1.6672513e+02
   1.6680642e+02
   1.6688745e+02
   1.6696956e+02
   1.6705123e+02
   1.6713259e+02
   1.6721425e+02
   1.6729684e+02
   1.6737864e+02
   1.6746051e+02
   1.6754195e+02
   1.6762348e+02
   1.6770486e+02
   1.6778581e+02
   1.6786690e+02
   1.6794767e+02
   1.6802953e+02
   1.6811065e+02
   1.6819199e+02
   1.6827265e+02
   1.6835411e+02
   1.6843543e+02
   1.6851780e+02
   1.6859896e+02
   1.6868036e+02
   1.6876179e+02
   1.6884250e+02
   1.6892362e+02
   1.6900585e+02
   1.6908739e+02
   1.6916833e+02
   1.6924968e+02
   1.6933088e+02
   1.6941180e+02
   1.6949421e+02
   1.6957545e+02
   1.6965620e+02
   1.6973794e+02
   1.6981879e+02
   1.6989997e+02
   1.6998196e+02
   1.7006313e+02
   1.7014450e+02
   1.7022534e+02
   1.7030655e+02
   1.7038815e+02
   1.7047025e+02
   1.7055160e+02
   1.7063314e+02
   1.7071449e+02
   1.7079594e+02
   1.7087744e+02
   1.7095942e+02
   1.7104098e+02
   1.7112247e+02
   1.7120382e+02
   1.7128494e+02
   1.7136548e+02
   1.7144657e+02
   1.7152816e+02
   1.7160834e+02
   1.7168952e+02
   1.7177046e+02
   1.7185206e+02
   1.7193282e+02
   1.7201498e+02
   1.7209652e+02
   1.7217780e+02
   1.7225913e+02
   1.7234031e+02
   1.7242204e+02
   1.7250396e+02
   1.7258456e+02
   1.7266545e+02
   1.7274689e+02
   1.7282760e+02
   1.7290906e+02
   1.7299111e+02
   1.7307260e+02
   1.7315369e+02
   1.7323403e+02
   1.7331639e+02
   1.7339755e+02
   1.7347935e+02
   1.7356096e+02
   1.7364250e+02
   1.7372427e+02
   1.7380566e+02
   1.7388671e+02
   1.7396887e+02
   1.7405043e+02
   1.7413198e+02
   1.7421302e+02
   1.7429406e+02
   1.7437499e+02
   1.7445681e+02
   1.7453828e+02
   1.7461947e+02
   1.7470060e+02
   1.7478169e+02
   1.7486290e+02
   1.7494340e+02
   1.7502500e+02
   1.7510641e+02
   1.7518803e+02
   1.7526951e+02
   1.7535135e+02
   1.7543300e+02
   1.7551527e+02
   1.7559621e+02
   1.7567704e+02
   1.7575761e+02
   1.7583883e+02
   1.7591977e+02
   1.7600141e+02
   1.7608351e+02
   1.7616480e+02
   1.7624594e+02
   1.7632734e+02
   1.7640807e+02
   1.7649077e+02
   1.7657156e+02
   1.7665261e+02
   1.7673386e+02
   1.7681478e+02
   1.7689631e+02
   1.7697863e+02
   1.7705940e+02
   1.7714132e+02
   1.7722245e+02
   1.7730347e+02
   1.7738460e+02
   1.7746665e+02
   1.7754765e+02
   1.7762901e+02
   1.7771033e+02
   1.7779178e+02
   1.7787394e+02
   1.7795650e+02
   1.7803785e+02
   1.7811920e+02
   1.7820007e+02
   1.7828168e+02
   1.7836309e+02
   1.7844435e+02
   1.7852717e+02
   1.7860904e+02
   1.7869029e+02
   1.7877185e+02
   1.7885359e+02
   1.7893515e+02
   1.7901727e+02
   1.7909836e+02
   1.7917965e+02
   1.7926088e+02
   1.7934225e+02
   1.7942341e+02
   1.7950489e+02
   1.7958586e+02
   1.7966714e+02
   1.7974788e+02
   1.7982900e+02
   1.7991016e+02
   1.7999274e+02
   1.8007422e+02
   1.8015506e+02
   1.8023660e+02
   1.8031755e+02
   1.8039888e+02
   1.8048092e+02
   1.8056280e+02
   1.8064398e+02
   1.8072430e+02
   1.8080589e+02
   1.8088728e+02
   1.8096908e+02
   1.8105010e+02
   1.8113111e+02
   1.8121230e+02
   1.8129352e+02
   1.8137445e+02
   1.8145629e+02
   1.8153752e+02
   1.8161887e+02
   1.8170064e+02
   1.8178257e+02
   1.8186552e+02
   1.8194736e+02
   1.8202883e+02
   1.8210986e+02
   1.8219091e+02
   1.8227233e+02
   1.8235382e+02
   1.8243515e+02
   1.8251679e+02
   1.8259760e+02
   1.8267877e+02
   1.8276015e+02
   1.8284115e+02
   1.8292233e+02
   1.8300379e+02
   1.8308553e+02
   1.8316640e+02
   1.8324801e+02
   1.8332935e+02
   1.8341034e+02
   1.8349202e+02
   1.8357380e+02
   1.8365510e+02
   1.8373586e+02
   1.8381701e+02
   1.8389835e+02
   1.8398037e+02
   1.8406171e+02
   1.8414297e+02
   1.8422444e+02
   1.8430579e+02
   1.8438736e+02
   1.8446949e+02
   1.8455109e+02
   1.8463247e+02
   1.8471440e+02
   1.8479609e+02
   1.8487721e+02
   1.8496221e+02
   1.8504521e+02
   1.8512603e+02
   1.8520706e+02
   1.8528853e+02
   1.8536975e+02
   1.8545087e+02
   1.8553266e+02
   1.8561460e+02
   1.8569569e+02
   1.8577658e+02
   1.8585852e+02
   1.8593971e+02
   1.8602162e+02
   1.8610285e+02
   1.8618422e+02
   1.8626582e+02
   1.8634696e+02
   1.8642832e+02
   1.8651070e+02
   1.8659258e+02
   1.8667429e+02
   1.8675547e+02
   1.8683697e+02
   1.8691838e+02
   1.8700007e+02
   1.8708128e+02
   1.8716258e+02
   1.8724346e+02
   1.8732458e+02
   1.8740587e+02
   1.8748818e+02
   1.8756884e+02
   1.8765013e+02
   1.8773213e+02
   1.8781323e+02
   1.8789385e+02
   1.8797590e+02
   1.8805689e+02
   1.8813896e+02
   1.8822031e+02
   1.8830141e+02
   1.8838287e+02
   1.8846463e+02
   1.8854606e+02
   1.8862737e+02
   1.8870795e+02
   1.8878944e+02
   1.8887103e+02
   1.8895230e+02
   1.8903426e+02
   1.8911564e+02
   1.8919676e+02
   1.8927760e+02
   1.8935863e+02
   1.8943961e+02
   1.8952137e+02
   1.8960346e+02
   1.8968442e+02
   1.8976598e+02
   1.8984709e+02
   1.8992835e+02
   1.9001022e+02
   1.9009099e+02
   1.9017236e+02
   1.9025311e+02
   1.9033406e+02
   1.9041523e+02
   1.9049752e+02
   1.9057881e+02
   1.9065973e+02
   1.9074104e+02
   1.9082235e+02
   1.9090332e+02
   1.9098548e+02
   1.9106728e+02
   1.9114880e+02
   1.9123038e+02
   1.9131199e+02
   1.9139296e+02
   1.9147516e+02
   1.9155627e+02
   1.9163724e+02
   1.9171864e+02
   1.9179996e+02
   1.9188586e+02
   1.9196829e+02
   1.9204922e+02
   1.9213033e+02
   1.9221153e+02
   1.9229248e+02
   1.9237369e+02
   1.9245555e+02
   1.9253680e+02
   1.9261804e+02
   1.9269980e+02
   1.9278115e+02
   1.9286256e+02
   1.9294404e+02
   1.9302621e+02
   1.9310743e+02
   1.9318856e+02
   1.9327024e+02
   1.9335131e+02
   1.9343242e+02
   1.9351432e+02
   1.9359517e+02
   1.9367597e+02
   1.9375785e+02
   1.9383873e+02
   1.9391963e+02
   1.9400208e+02
   1.9408319e+02
   1.9416436e+02
   1.9424624e+02
   1.9432748e+02
   1.9440879e+02
   1.9449057e+02
   1.9457184e+02
   1.9465315e+02
   1.9473410e+02
   1.9481462e+02
   1.9489606e+02
   1.9497785e+02
   1.9505872e+02
   1.9514006e+02
   1.9522091e+02
   1.9530171e+02
   1.9538250e+02
   1.9546480e+02
   1.9554576e+02
   1.9562646e+02
   1.9570784e+02
   1.9578870e+02
   1.9587014e+02
   1.9595134e+02
   1.9603398e+02
   1.9611541e+02
   1.9619678e+02
   1.9627857e+02
   1.9636030e+02
   1.9644203e+02
   1.9652467e+02
   1.9660548e+02
   1.9668611e+02
   1.9676695e+02
   1.9684796e+02
   1.9692970e+02
   1.9701097e+02
   1.9709199e+02
   1.9717287e+02
   1.9725458e+02
   1.9733616e+02
   1.9741732e+02
   1.9749974e+02
   1.9758117e+02
   1.9766310e+02
   1.9774485e+02
   1.9782692e+02
   1.9790792e+02
   1.9798996e+02
   1.9807117e+02
   1.9815237e+02
   1.9823452e+02
   1.9831611e+02
   1.9839778e+02
   1.9847994e+02
   1.9856109e+02
   1.9864200e+02
   1.9872309e+02
   1.9880397e+02
   1.9888533e+02
   1.9896720e+02
   1.9904911e+02
   1.9913067e+02
   1.9921215e+02
   1.9929398e+02
   1.9937569e+02
   1.9945736e+02
   1.9953813e+02
   1.9961941e+02
   1.9970027e+02
   1.9978173e+02
   1.9986255e+02
   1.9994355e+02
   2.0002525e+02
   2.0010608e+02
   2.0018672e+02
   2.0026814e+02
   2.0034966e+02
   2.0043070e+02
   2.0051292e+02
   2.0059456e+02
   2.0067650e+02
   2.0075835e+02
   2.0084033e+02
   2.0092206e+02
   2.0100473e+02
   2.0108561e+02
   2.0116656e+02
   2.0124821e+02
   2.0133001e+02
   2.0141146e+02
   2.0149350e+02
   2.0157444e+02
   2.0165639e+02
   2.0173817e+02
   2.0181920e+02
   2.0190024e+02
   2.0198152e+02
   2.0206229e+02
   2.0214272e+02
   2.0222405e+02
   2.0230490e+02
   2.0238608e+02
   2.0246843e+02
   2.0254999e+02
   2.0263128e+02
   2.0271257e+02
   2.0279373e+02
   2.0287522e+02
   2.0295781e+02
   2.0303825e+02
   2.0311921e+02
   2.0320053e+02
   2.0328188e+02
   2.0336382e+02
   2.0344436e+02
   2.0352659e+02
   2.0360807e+02
   2.0368935e+02
   2.0377075e+02
   2.0385156e+02
   2.0393268e+02
   2.0401491e+02
   2.0409565e+02
   2.0417758e+02
   2.0425889e+02
   2.0433968e+02
   2.0442077e+02
   2.0450261e+02
   2.0458392e+02
   2.0466509e+02
   2.0474659e+02
   2.0482828e+02
   2.0490984e+02
   2.0499231e+02
   2.0507364e+02
   2.0515422e+02
   2.0523519e+02
   2.0531637e+02
   2.0539809e+02
   2.0548049e+02
   2.0556197e+02
   2.0564314e+02
   2.0572443e+02
   2.0580553e+02
   2.0588675e+02
   2.0596825e+02
   2.0604960e+02
   2.0613098e+02
   2.0621205e+02
   2.0629288e+02
   2.0637332e+02
   2.0645583e+02
   2.0653731e+02
   2.0661803e+02
   2.0669953e+02
   2.0678065e+02
   2.0686206e+02
   2.0694352e+02
   2.0702547e+02
   2.0710680e+02
   2.0718797e+02
   2.0726862e+02
   2.0735005e+02
   2.0743130e+02
   2.0751289e+02
   2.0759371e+02
   2.0767492e+02
   2.0775608e+02
   2.0783723e+02
   2.0791816e+02
   2.0800050e+02
   2.0808176e+02
   2.0816268e+02
   2.0824355e+02
   2.0832439e+02
   2.0840505e+02
   2.0848747e+02
   2.0856826e+02
   2.0864971e+02
   2.0873140e+02
   2.0881239e+02
   2.0889342e+02
   2.0897588e+02
   2.0905677e+02
   2.0913765e+02
   2.0921948e+02
   2.0930078e+02
   2.0938255e+02
   2.0946430e+02
   2.0954556e+02
   2.0962646e+02
   2.0970712e+02
   2.0978825e+02
   2.0986954e+02
   2.0995098e+02
   2.1003279e+02
   2.1011415e+02
   2.1019565e+02
   2.1027715e+02
   2.1035876e+02
   2.1044010e+02
   2.1052219e+02
   2.1060312e+02
   2.1068453e+02
   2.1076532e+02
   2.1084686e+02
   2.1092979e+02
   2.1102970e+02
   2.1112784e+02
   2.1122677e+02
   2.1132551e+02
   2.1142501e+02
   2.1151803e+02
   2.1160710e+02
   2.1169624e+02
   2.1178592e+02
   2.1187526e+02
   2.1196409e+02
   2.1204554e+02
   2.1212651e+02
   2.1220823e+02
   2.1228932e+02
   2.1236999e+02
   2.1245118e+02
   2.1253279e+02
   2.1261424e+02
   2.1269515e+02
   2.1277651e+02
   2.1285788e+02
   2.1293916e+02
   2.1302183e+02
   2.1310281e+02
   2.1318364e+02
   2.1326462e+02
   2.1334635e+02
   2.1342780e+02
   2.1351001e+02
   2.1359146e+02
   2.1367339e+02
   2.1375498e+02
   2.1383647e+02
   2.1391710e+02
   2.1399860e+02
   2.1407957e+02
   2.1416094e+02
   2.1424215e+02
   2.1432357e+02
   2.1440475e+02
   2.1448645e+02
   2.1456849e+02
   2.1464992e+02
   2.1473095e+02
   2.1481185e+02
   2.1490859e+02
   2.1500833e+02
   2.1510775e+02
   2.1520655e+02
   2.1530561e+02
   2.1539727e+02
   2.1548663e+02
   2.1557327e+02
   2.1565949e+02
   2.1574633e+02
   2.1583327e+02
   2.1591942e+02
   2.1600391e+02
   2.1608492e+02
   2.1616584e+02
   2.1624724e+02
   2.1632823e+02
   2.1640926e+02
   2.1649151e+02
   2.1657245e+02
   2.1665357e+02
   2.1673492e+02
   2.1681651e+02
   2.1689775e+02
   2.1698116e+02
   2.1706273e+02
   2.1714344e+02
   2.1722464e+02
   2.1730585e+02
   2.1738718e+02
   2.1746926e+02
   2.1755105e+02
   2.1763192e+02
   2.1771305e+02
   2.1779418e+02
   2.1787526e+02
   2.1795658e+02
   2.1803819e+02
   2.1811967e+02
   2.1820108e+02
   2.1828255e+02
   2.1836337e+02
   2.1844529e+02
   2.1852715e+02
   2.1860843e+02
   2.1868974e+02
   2.1877060e+02
   2.1885201e+02
   2.1893287e+02
   2.1901457e+02
   2.1909557e+02
   2.1917647e+02
   2.1925758e+02
   2.1933935e+02
   2.1942029e+02
   2.1950209e+02
   2.1958307e+02
   2.1966394e+02
   2.1974580e+02
   2.1982693e+02
   2.1990831e+02
   2.1999026e+02
   2.2007190e+02
   2.2015347e+02
   2.2023429e+02
   2.2031572e+02
   2.2039657e+02
   2.2047833e+02
   2.2055996e+02
   2.2064093e+02
   2.2072227e+02
   2.2080318e+02
   2.2088420e+02
   2.2096669e+02
   2.2104841e+02
   2.2112950e+02
   2.2121057e+02
   2.2129117e+02
   2.2137304e+02
   2.2145472e+02
   2.2153674e+02
   2.2161775e+02
   2.2169848e+02
   2.2178015e+02
   2.2186114e+02
   2.2194228e+02
   2.2202402e+02
   2.2210501e+02
   2.2218618e+02
   2.2226784e+02
   2.2234941e+02
   2.2243029e+02
   2.2251223e+02
   2.2259377e+02
   2.2267485e+02
   2.2275581e+02
   2.2283702e+02
   2.2291855e+02
   2.2300124e+02
   2.2308246e+02
   2.2316343e+02
   2.2324451e+02
   2.2332573e+02
   2.2340719e+02
   2.2348902e+02
   2.2356985e+02
   2.2365031e+02
   2.2373146e+02
   2.2381311e+02
   2.2389444e+02
   2.2397624e+02
   2.2405734e+02
   2.2413873e+02
   2.2422039e+02
   2.2430110e+02
   2.2438221e+02
   2.2446376e+02
   2.2454477e+02
   2.2462583e+02
   2.2470708e+02
   2.2478885e+02
   2.2487044e+02
   2.2495168e+02
   2.2503403e+02
   2.2511562e+02
   2.2519675e+02
   2.2527798e+02
   2.2535965e+02
   2.2543983e+02
   2.2552160e+02
   2.2560279e+02
   2.2568396e+02
   2.2576534e+02
   2.2584627e+02
   2.2592707e+02
   2.2600894e+02
   2.2608949e+02
   2.2617144e+02
   2.2625272e+02
   2.2633396e+02
   2.2641565e+02
   2.2649840e+02
   2.2657987e+02
   2.2666135e+02
   2.2674255e+02
   2.2682389e+02
   2.2690519e+02
   2.2698745e+02
   2.2706870e+02
   2.2714991e+02
   2.2723076e+02
   2.2731187e+02
   2.2739320e+02
   2.2747554e+02
   2.2755665e+02
   2.2763748e+02
   2.2771818e+02
   2.2779948e+02
   2.2788099e+02
   2.2796274e+02
   2.2804409e+02
   2.2812490e+02
   2.2820671e+02
   2.2828766e+02
   2.2836903e+02
   2.2844970e+02
   2.2853159e+02
   2.2861257e+02
   2.2869329e+02
   2.2877445e+02
   2.2885616e+02
   2.2893773e+02
   2.2901941e+02
   2.2910039e+02
   2.2918170e+02
   2.2926277e+02
   2.2934468e+02
   2.2942597e+02
   2.2950827e+02
   2.2959005e+02
   2.2967086e+02
   2.2975237e+02
   2.2983427e+02
   2.2991542e+02
   2.2999717e+02
   2.3007806e+02
   2.3015988e+02
   2.3024165e+02
   2.3032279e+02
   2.3040371e+02
   2.3048539e+02
   2.3056701e+02
   2.3064790e+02
   2.3072924e+02
   2.3081060e+02
   2.3089178e+02
   2.3097399e+02
   2.3105527e+02
   2.3113673e+02
   2.3121781e+02
   2.3129858e+02
   2.3138037e+02
   2.3146213e+02
   2.3154309e+02
   2.3162383e+02
   2.3170453e+02
   2.3178593e+02
   2.3186714e+02
   2.3194865e+02
   2.3203041e+02
   2.3211186e+02
   2.3219335e+02
   2.3227440e+02
   2.3235527e+02
   2.3243683e+02
   2.3251939e+02
   2.3260041e+02
   2.3268212e+02
   2.3276371e+02
   2.3284501e+02
   2.3292579e+02
   2.3300781e+02
   2.3308959e+02
   2.3316995e+02
   2.3325051e+02
   2.3333171e+02
   2.3341273e+02
   2.3349515e+02
   2.3357601e+02
   2.3365649e+02
   2.3373797e+02
   2.3381925e+02
   2.3390021e+02
   2.3398219e+02
   2.3406369e+02
   2.3414511e+02
   2.3422660e+02
   2.3430847e+02
   2.3438940e+02
   2.3447101e+02
   2.3455231e+02
   2.3463345e+02
   2.3471486e+02
   2.3479536e+02
   2.3487627e+02
   2.3495833e+02
   2.3503924e+02
   2.3512071e+02
   2.3520156e+02
   2.3528237e+02
   2.3536374e+02
   2.3544444e+02
   2.3552638e+02
   2.3560799e+02
   2.3568896e+02
   2.3577028e+02
   2.3585162e+02
   2.3593240e+02
   2.3601445e+02
   2.3609574e+02
   2.3617700e+02
   2.3625911e+02
   2.3633993e+02
   2.3642081e+02
   2.3650296e+02
   2.3658419e+02
   2.3666624e+02
   2.3674733e+02
   2.3682796e+02
   2.3690978e+02
   2.3699232e+02
   2.3707320e+02
   2.3715401e+02
   2.3723568e+02
   2.3731683e+02
   2.3739874e+02
   2.3748115e+02
   2.3756249e+02
   2.3764394e+02
   2.3772514e+02
   2.3780650e+02
   2.3788761e+02
   2.3796944e+02
   2.3805083e+02
   2.3813169e+02
   2.3821372e+02
   2.3829499e+02
   2.3837619e+02
   2.3845796e+02
   2.3853940e+02
   2.3862027e+02
   2.3870120e+02
   2.3878246e+02
   2.3886417e+02
   2.3894586e+02
   2.3902854e+02
   2.3910989e+02
   2.3919125e+02
   2.3927237e+02
   2.3935374e+02
   2.3943444e+02
   2.3951713e+02
   2.3959859e+02
   2.3967970e+02
   2.3976131e+02
   2.3984244e+02
   2.3992374e+02
   2.4000598e+02
   2.4008650e+02
   2.4016791e+02
   2.4024914e+02
   2.4033018e+02
   2.4041102e+02
   2.4049334e+02
   2.4057460e+02
   2.4065598e+02
   2.4073715e+02
   2.4081858e+02
   2.4090042e+02
   2.4098315e+02
   2.4106415e+02
   2.4114534e+02
   2.4122626e+02
   2.4130764e+02
   2.4138901e+02
   2.4147082e+02
   2.4155263e+02
   2.4163362e+02
   2.4171473e+02
   2.4179565e+02
   2.4187672e+02
   2.4195826e+02
   2.4203987e+02
   2.4212126e+02
   2.4220316e+02
   2.4228459e+02
   2.4236552e+02
   2.4244681e+02
   2.4252918e+02
   2.4261081e+02
   2.4269197e+02
   2.4277306e+02
   2.4285444e+02
   2.4293557e+02
   2.4301789e+02
   2.4309929e+02
   2.4318040e+02
   2.4326113e+02
   2.4334199e+02
   2.4342320e+02
   2.4350539e+02
   2.4358618e+02
   2.4366756e+02
   2.4374838e+02
   2.4382983e+02
   2.4391111e+02
   2.4399330e+02
   2.4407500e+02
   2.4415606e+02
   2.4423719e+02
   2.4431797e+02
   2.4439885e+02
   2.4448092e+02
   2.4456201e+02
   2.4464283e+02
   2.4472439e+02
   2.4480553e+02
   2.4488720e+02
   2.4496947e+02
   2.4505086e+02
   2.4513441e+02
   2.4521814e+02
   2.4529942e+02
   2.4538182e+02
   2.4546357e+02
   2.4554506e+02
   2.4562626e+02
   2.4570728e+02
   2.4578884e+02
   2.4587002e+02
   2.4595135e+02
   2.4603311e+02
   2.4611475e+02
   2.4619602e+02
   2.4627684e+02
   2.4635737e+02
   2.4643876e+02
   2.4652126e+02
   2.4660262e+02
   2.4668346e+02
   2.4676486e+02
   2.4684601e+02
   2.4692762e+02
   2.4700985e+02
   2.4709087e+02
   2.4717210e+02
   2.4725350e+02
   2.4733480e+02
   2.4741627e+02
   2.4749798e+02
   2.4757910e+02
   2.4766055e+02
   2.4774175e+02
   2.4782346e+02
   2.4790487e+02
   2.4798689e+02
   2.4806820e+02
   2.4814849e+02
   2.4823015e+02
   2.4831159e+02
   2.4839269e+02
   2.4847517e+02
   2.4855668e+02
   2.4863815e+02
   2.4871957e+02
   2.4880102e+02
   2.4888205e+02
   2.4896378e+02
   2.4904454e+02
   2.4912578e+02
   2.4920693e+02
   2.4928827e+02
   2.4936998e+02
   2.4945084e+02
   2.4953272e+02
   2.4961389e+02
   2.4969499e+02
   2.4977654e+02
   2.4985720e+02
   2.4993805e+02
   2.5002031e+02
   2.5010149e+02
   2.5018258e+02
   2.5026359e+02
   2.5034514e+02
   2.5042622e+02
   2.5050828e+02
   2.5058914e+02
   2.5067001e+02
   2.5075142e+02
   2.5083238e+02
   2.5091329e+02
   2.5099595e+02
   2.5107702e+02
   2.5115835e+02
   2.5123969e+02
   2.5132133e+02
   2.5140284e+02
   2.5148468e+02
   2.5156588e+02
   2.5164758e+02
   2.5172915e+02
   2.5181062e+02
   2.5189192e+02
   2.5197374e+02
   2.5205505e+02
   2.5213620e+02
   2.5221739e+02
   2.5229896e+02
   2.5238066e+02
   2.5246288e+02
   2.5254485e+02
   2.5262628e+02
   2.5270785e+02
   2.5278884e+02
   2.5286982e+02
   2.5295160e+02
   2.5303437e+02
   2.5311513e+02
   2.5319615e+02
   2.5327788e+02
   2.5335954e+02
   2.5344099e+02
   2.5352280e+02
   2.5360345e+02
   2.5368496e+02
   2.5376648e+02
   2.5384762e+02
   2.5392851e+02
   2.5401044e+02
   2.5409120e+02
   2.5417289e+02
   2.5425450e+02
   2.5433636e+02
   2.5441719e+02
   2.5449881e+02
   2.5458014e+02
   2.5466105e+02
   2.5474298e+02
   2.5482427e+02
   2.5490545e+02
   2.5498835e+02
   2.5507021e+02
   2.5515145e+02
   2.5523265e+02
   2.5531373e+02
   2.5539457e+02
   2.5547599e+02
   2.5555722e+02
   2.5563888e+02
   2.5572008e+02
   2.5580191e+02
   2.5588282e+02
   2.5596466e+02
   2.5604525e+02
   2.5612694e+02
   2.5620789e+02
   2.5628943e+02
   2.5637069e+02
   2.5645201e+02
   2.5653443e+02
   2.5661599e+02
   2.5669701e+02
   2.5677810e+02
   2.5685956e+02
   2.5694081e+02
   2.5702228e+02
   2.5710311e+02
   2.5718423e+02
   2.5726525e+02
   2.5734630e+02
   2.5742741e+02
   2.5750895e+02
   2.5759005e+02
   2.5767101e+02
   2.5775236e+02
   2.5783359e+02
   2.5791447e+02
   2.5799659e+02
   2.5807870e+02
   2.5816052e+02
   2.5824204e+02
   2.5832283e+02
   2.5840492e+02
   2.5848659e+02
   2.5856787e+02
   2.5864969e+02
   2.5873064e+02
   2.5881247e+02
   2.5889394e+02
   2.5897609e+02
   2.5905737e+02
   2.5913845e+02
   2.5921925e+02
   2.5930003e+02
   2.5938112e+02
   2.5946291e+02
   2.5954387e+02
   2.5962472e+02
   2.5970593e+02
   2.5978830e+02
   2.5986919e+02
   2.5995066e+02
   2.6003323e+02
   2.6011460e+02
   2.6019582e+02
   2.6027709e+02
   2.6035867e+02
   2.6044108e+02
   2.6052287e+02
   2.6060378e+02
   2.6068548e+02
   2.6076651e+02
   2.6084791e+02
   2.6092880e+02
   2.6101083e+02
   2.6109199e+02
   2.6117350e+02
   2.6125545e+02
   2.6133704e+02
   2.6141856e+02
   2.6150047e+02
   2.6158167e+02
   2.6166271e+02
   2.6174317e+02
   2.6182482e+02
   2.6190668e+02
   2.6198874e+02
   2.6207022e+02
   2.6215153e+02
   2.6223310e+02
   2.6231415e+02
   2.6239534e+02
   2.6247763e+02
   2.6255906e+02
   2.6264018e+02
   2.6272156e+02
   2.6280258e+02
   2.6288425e+02
   2.6296652e+02
   2.6304786e+02
   2.6312919e+02
   2.6321052e+02
   2.6329178e+02
   2.6337328e+02
   2.6345491e+02
   2.6353638e+02
   2.6361734e+02
   2.6369940e+02
   2.6378036e+02
   2.6386151e+02
   2.6394326e+02
   2.6402499e+02
   2.6410685e+02
   2.6418854e+02
   2.6426981e+02
   2.6435157e+02
   2.6443217e+02
   2.6451415e+02
   2.6459582e+02
   2.6467694e+02
   2.6475819e+02
   2.6483967e+02
   2.6492100e+02
   2.6500314e+02
   2.6508429e+02
   2.6516528e+02
   2.6524704e+02
   2.6532884e+02
   2.6541022e+02
   2.6549178e+02
   2.6557285e+02
   2.6565390e+02
   2.6573442e+02
   2.6581534e+02
   2.6589629e+02
   2.6597853e+02
   2.6606002e+02
   2.6614180e+02
   2.6622330e+02
   2.6630431e+02
   2.6638568e+02
   2.6646747e+02
   2.6654856e+02
   2.6663001e+02
   2.6671133e+02
   2.6679258e+02
   2.6687329e+02
   2.6695418e+02
   2.6703587e+02
   2.6711658e+02
   2.6719749e+02
   2.6727901e+02
   2.6736009e+02
   2.6744147e+02
   2.6752382e+02
   2.6760511e+02
   2.6768668e+02
   2.6776878e+02
   2.6785034e+02
   2.6793209e+02
   2.6801411e+02
   2.6809505e+02
   2.6817639e+02
   2.6825862e+02
   2.6834016e+02
   2.6842211e+02
   2.6850378e+02
   2.6858557e+02
   2.6866706e+02
   2.6874844e+02
   2.6882915e+02
   2.6891103e+02
   2.6899299e+02
   2.6907473e+02
   2.6915585e+02
   2.6923704e+02
   2.6931828e+02
   2.6939986e+02
   2.6948231e+02
   2.6956384e+02
   2.6964512e+02
   2.6972635e+02
   2.6980765e+02
   2.6988881e+02
   2.6997093e+02
   2.7005278e+02
   2.7013468e+02
   2.7021650e+02
   2.7029741e+02
   2.7037858e+02
   2.7046057e+02
   2.7054215e+02
   2.7062394e+02
   2.7070618e+02
   2.7078776e+02
   2.7086928e+02
   2.7095044e+02
   2.7103326e+02
   2.7111588e+02
   2.7121593e+02
   2.7131516e+02
   2.7141415e+02
   2.7151380e+02
   2.7161319e+02
   2.7171283e+02
   2.7180999e+02
   2.7189905e+02
   2.7198886e+02
   2.7207612e+02
   2.7216184e+02
   2.7224879e+02
   2.7233559e+02
   2.7242228e+02
   2.7250629e+02
   2.7258733e+02
   2.7266863e+02
   2.7274912e+02
   2.7283085e+02
   2.7291198e+02
   2.7299394e+02
   2.7307545e+02
   2.7315653e+02
   2.7323779e+02
   2.7331908e+02
   2.7340026e+02
   2.7348220e+02
   2.7356299e+02
   2.7364382e+02
   2.7372478e+02
   2.7380601e+02
   2.7388814e+02
   2.7397028e+02
   2.7405199e+02
   2.7413347e+02
   2.7421527e+02
   2.7429654e+02
   2.7437769e+02
   2.7445979e+02
   2.7454115e+02
   2.7462314e+02
   2.7470500e+02
   2.7478550e+02
   2.7486688e+02
   2.7494846e+02
   2.7503076e+02
   2.7511907e+02
   2.7521774e+02
   2.7531892e+02
   2.7541926e+02
   2.7551840e+02
   2.7561742e+02
   2.7571673e+02
   2.7581398e+02
   2.7590065e+02
   2.7598787e+02
   2.7607450e+02
   2.7616067e+02
   2.7624742e+02
   2.7633391e+02
   2.7642046e+02
   2.7650532e+02
   2.7658609e+02
   2.7666774e+02
   2.7674906e+02
   2.7683018e+02
   2.7691182e+02
   2.7699373e+02
   2.7707470e+02
   2.7715604e+02
   2.7723785e+02
   2.7731923e+02
   2.7740105e+02
   2.7748226e+02
   2.7756367e+02
   2.7764484e+02
   2.7772574e+02
   2.7780690e+02
   2.7788868e+02
   2.7797023e+02
   2.7805175e+02
   2.7813329e+02
   2.7821448e+02
   2.7829549e+02
   2.7837660e+02
   2.7845860e+02
   2.7854029e+02
   2.7862110e+02
   2.7870228e+02
   2.7878312e+02
   2.7886387e+02
   2.7894478e+02
   2.7902713e+02
   2.7910874e+02
   2.7918997e+02
   2.7927083e+02
   2.7935174e+02
   2.7943299e+02
   2.7951477e+02
   2.7959609e+02
   2.7967784e+02
   2.7975906e+02
   2.7984073e+02
   2.7992178e+02
   2.8000389e+02
   2.8008478e+02
   2.8016692e+02
   2.8024842e+02
   2.8032986e+02
   2.8041125e+02
   2.8049339e+02
   2.8057459e+02
   2.8065630e+02
   2.8073803e+02
   2.8081962e+02
   2.8090073e+02
   2.8098270e+02
   2.8106394e+02
   2.8114429e+02
   2.8122525e+02
   2.8130692e+02
   2.8138813e+02
   2.8146990e+02
   2.8155079e+02
   2.8163213e+02
   2.8171362e+02
   2.8179507e+02
   2.8187616e+02
   2.8195771e+02
   2.8203915e+02
   2.8212038e+02
   2.8220183e+02
   2.8228319e+02
   2.8236381e+02
   2.8244498e+02
   2.8252722e+02
   2.8260870e+02
   2.8268950e+02
   2.8277071e+02
   2.8285192e+02
   2.8293295e+02
   2.8301483e+02
   2.8309528e+02
   2.8317649e+02
   2.8325765e+02
   2.8333871e+02
   2.8341957e+02
   2.8350138e+02
   2.8358279e+02
   2.8366374e+02
   2.8374464e+02
   2.8382617e+02
   2.8390779e+02
   2.8399013e+02
   2.8407117e+02
   2.8415191e+02
   2.8423318e+02
   2.8431435e+02
   2.8439612e+02
   2.8447725e+02
   2.8455828e+02
   2.8463972e+02
   2.8472103e+02
   2.8480227e+02
   2.8488299e+02
   2.8496458e+02
   2.8504624e+02
   2.8512804e+02
   2.8520908e+02
   2.8529052e+02
   2.8537194e+02
   2.8545322e+02
   2.8553521e+02
   2.8561643e+02
   2.8569772e+02
   2.8577891e+02
   2.8585999e+02
   2.8594110e+02
   2.8602303e+02
   2.8610369e+02
   2.8618504e+02
   2.8626608e+02
   2.8634746e+02
   2.8642861e+02
   2.8651040e+02
   2.8659175e+02
   2.8667338e+02
   2.8675463e+02
   2.8683604e+02
   2.8691737e+02
   2.8699941e+02
   2.8708092e+02
   2.8716237e+02
   2.8724315e+02
   2.8732433e+02
   2.8740582e+02
   2.8748755e+02
   2.8756844e+02
   2.8764960e+02
   2.8773053e+02
   2.8781229e+02
   2.8789286e+02
   2.8797498e+02
   2.8805617e+02
   2.8813720e+02
   2.8821916e+02
   2.8830027e+02
   2.8838111e+02
   2.8846335e+02
   2.8854469e+02
   2.8862656e+02
   2.8870772e+02
   2.8878875e+02
   2.8887062e+02
   2.8895200e+02
   2.8903446e+02
   2.8911539e+02
   2.8919668e+02
   2.8927795e+02
   2.8935946e+02
   2.8944052e+02
   2.8952249e+02
   2.8960369e+02
   2.8968491e+02
   2.8976574e+02
   2.8984623e+02
   2.8992726e+02
   2.9000970e+02
   2.9009181e+02
   2.9017269e+02
   2.9025436e+02
   2.9033631e+02
   2.9041812e+02
   2.9050160e+02
   2.9058242e+02
   2.9066365e+02
   2.9074476e+02
   2.9082538e+02
   2.9090650e+02
   2.9098859e+02
   2.9107020e+02
   2.9115113e+02
   2.9123277e+02
   2.9131454e+02
   2.9139573e+02
   2.9147825e+02
   2.9155967e+02
   2.9164064e+02
   2.9172240e+02
   2.9180377e+02
   2.9188557e+02
   2.9196798e+02
   2.9204935e+02
   2.9213098e+02
   2.9221231e+02
   2.9229426e+02
   2.9237524e+02
   2.9245614e+02
   2.9253786e+02
   2.9261903e+02
   2.9269986e+02
   2.9278089e+02
   2.9286191e+02
   2.9294299e+02
   2.9302489e+02
   2.9310647e+02
   2.9318847e+02
   2.9327022e+02
   2.9335109e+02
   2.9343265e+02
   2.9351470e+02
   2.9359506e+02
   2.9367632e+02
   2.9375779e+02
   2.9383923e+02
   2.9392111e+02
   2.9400300e+02
   2.9408440e+02
   2.9416611e+02
   2.9424765e+02
   2.9432837e+02
   2.9441033e+02
   2.9449197e+02
   2.9457326e+02
   2.9465433e+02
   2.9473576e+02
   2.9481672e+02
   2.9489808e+02
   2.9498050e+02
   2.9506245e+02
   2.9514402e+02
   2.9522549e+02
   2.9530682e+02
   2.9538814e+02
   2.9547013e+02
   2.9555128e+02
   2.9563225e+02
   2.9571346e+02
   2.9579494e+02
   2.9587615e+02
   2.9595841e+02
   2.9604039e+02
   2.9612133e+02
   2.9620241e+02
   2.9628398e+02
   2.9636546e+02
   2.9644625e+02
   2.9652876e+02
   2.9661020e+02
   2.9669163e+02
   2.9677245e+02
   2.9685411e+02
   2.9693560e+02
   2.9701707e+02
   2.9709851e+02
   2.9717948e+02
   2.9726062e+02
   2.9734252e+02
   2.9742385e+02
   2.9750561e+02
   2.9758683e+02
   2.9766855e+02
   2.9774955e+02
   2.9783052e+02
   2.9791101e+02
   2.9799309e+02
   2.9807554e+02
   2.9815679e+02
   2.9823896e+02
   2.9832063e+02
   2.9840215e+02
   2.9848436e+02
   2.9856603e+02
   2.9864760e+02
   2.9872915e+02
   2.9881021e+02
   2.9889107e+02
   2.9897220e+02
   2.9905325e+02
   2.9913402e+02
   2.9921511e+02
   2.9929617e+02
   2.9937753e+02
   2.9946023e+02
   2.9954205e+02
   2.9962358e+02
   2.9970488e+02
   2.9978632e+02
   2.9986721e+02
   2.9994875e+02
   3.0003057e+02
   3.0011187e+02
   3.0019304e+02
   3.0027451e+02
   3.0035584e+02
   3.0043680e+02
   3.0051923e+02
   3.0060036e+02
   3.0068210e+02
   3.0076301e+02
   3.0084395e+02
   3.0092478e+02
   3.0100665e+02
   3.0108826e+02
   3.0116980e+02
   3.0125176e+02
   3.0133313e+02
   3.0141481e+02
   3.0149690e+02
   3.0157833e+02
   3.0165951e+02
   3.0174042e+02
   3.0182201e+02
   3.0190335e+02
   3.0198424e+02
   3.0206604e+02
   3.0214725e+02
   3.0222887e+02
   3.0231072e+02
   3.0239220e+02
   3.0247394e+02
   3.0255456e+02
   3.0263612e+02
   3.0271719e+02
   3.0279853e+02
   3.0287940e+02
   3.0296138e+02
   3.0304311e+02
   3.0312434e+02
   3.0320591e+02
   3.0328700e+02
   3.0336776e+02
   3.0344896e+02
   3.0353080e+02
   3.0361172e+02
   3.0369336e+02
   3.0377419e+02
   3.0385590e+02
   3.0393684e+02
   3.0401840e+02
   3.0409954e+02
   3.0418069e+02
   3.0426143e+02
   3.0434317e+02
   3.0442389e+02
   3.0450533e+02
   3.0458676e+02
   3.0466818e+02
   3.0474962e+02
   3.0483075e+02
   3.0491172e+02
   3.0499420e+02
   3.0507572e+02
   3.0515652e+02
   3.0523737e+02
   3.0531812e+02
   3.0540088e+02
   3.0548527e+02
   3.0556573e+02
   3.0564672e+02
   3.0572796e+02
   3.0580963e+02
   3.0589125e+02
   3.0597350e+02
   3.0605430e+02
   3.0613527e+02
   3.0621688e+02
   3.0629854e+02
   3.0637957e+02
   3.0646151e+02
   3.0654302e+02
   3.0662413e+02
   3.0670573e+02
   3.0678683e+02
   3.0686825e+02
   3.0694965e+02
   3.0703216e+02
   3.0711312e+02
   3.0719437e+02
   3.0727574e+02
   3.0735697e+02
   3.0743815e+02
   3.0751993e+02
   3.0760156e+02
   3.0768307e+02
   3.0776467e+02
   3.0784606e+02
   3.0792708e+02
   3.0800865e+02
   3.0808986e+02
   3.0817088e+02
   3.0825190e+02
   3.0833270e+02
   3.0841392e+02
   3.0849564e+02
   3.0857688e+02
   3.0865867e+02
   3.0873973e+02
   3.0882022e+02
   3.0890152e+02
   3.0898365e+02
   3.0906532e+02
   3.0914719e+02
   3.0922895e+02
   3.0931083e+02
   3.0939224e+02
   3.0947467e+02
   3.0955612e+02
   3.0963793e+02
   3.0971927e+02
   3.0980049e+02
   3.0988200e+02
   3.0996430e+02
   3.1004522e+02
   3.1012613e+02
   3.1020761e+02
   3.1028904e+02
   3.1037041e+02
   3.1045208e+02
   3.1053406e+02
   3.1061428e+02
   3.1069548e+02
   3.1077639e+02
   3.1085797e+02
   3.1093951e+02
   3.1102152e+02
   3.1110328e+02
   3.1118386e+02
   3.1126583e+02
   3.1134722e+02
   3.1142853e+02
   3.1151040e+02
   3.1159185e+02
   3.1167354e+02
   3.1175490e+02
   3.1183627e+02
   3.1191742e+02
   3.1199908e+02
   3.1208057e+02
   3.1216174e+02
   3.1224321e+02
   3.1232493e+02
   3.1240610e+02
   3.1248772e+02
   3.1256916e+02
   3.1265152e+02
   3.1273297e+02
   3.1281405e+02
   3.1289520e+02
   3.1297690e+02
   3.1305840e+02
   3.1313981e+02
   3.1322136e+02
   3.1330311e+02
   3.1338429e+02
   3.1346676e+02
   3.1354789e+02
   3.1362897e+02
   3.1370988e+02
   3.1379140e+02
   3.1387277e+02
   3.1395401e+02
   3.1403631e+02
   3.1411733e+02
   3.1419845e+02
   3.1427931e+02
   3.1436020e+02
   3.1444115e+02
   3.1452353e+02
   3.1460437e+02
   3.1468544e+02
   3.1476644e+02
   3.1484798e+02
   3.1492862e+02
   3.1501017e+02
   3.1509174e+02
   3.1517315e+02
   3.1525424e+02
   3.1533536e+02
   3.1541642e+02
   3.1549875e+02
   3.1558009e+02
   3.1566132e+02
   3.1574299e+02
   3.1582428e+02
   3.1590590e+02
   3.1598780e+02
   3.1606874e+02
   3.1614943e+02
   3.1623034e+02
   3.1631169e+02
   3.1639220e+02
   3.1647450e+02
   3.1655553e+02
   3.1663687e+02
   3.1671774e+02
   3.1679871e+02
   3.1688002e+02
   3.1696106e+02
   3.1704181e+02
   3.1712351e+02
   3.1720487e+02
   3.1728622e+02
   3.1736781e+02
   3.1744920e+02
   3.1753148e+02
   3.1761274e+02
   3.1769401e+02
   3.1777505e+02
   3.1785624e+02
   3.1793727e+02
   3.1801941e+02
   3.1810078e+02
   3.1818181e+02
   3.1826317e+02
   3.1834423e+02
   3.1842550e+02
   3.1850730e+02
   3.1858821e+02
   3.1866978e+02
   3.1875043e+02
   3.1883175e+02
   3.1891335e+02
   3.1899552e+02
   3.1907721e+02
   3.1915814e+02
   3.1923871e+02
   3.1931987e+02
   3.1940184e+02
   3.1948384e+02
   3.1956471e+02
   3.1964600e+02
   3.1972723e+02
   3.1980832e+02
   3.1988986e+02
   3.1997173e+02
   3.2005298e+02
   3.2013394e+02
   3.2021566e+02
   3.2029696e+02
   3.2037847e+02
   3.2046028e+02
   3.2054112e+02
   3.2062223e+02
   3.2070398e+02
   3.2078494e+02
   3.2086586e+02
   3.2094658e+02
   3.2102824e+02
   3.2110968e+02
   3.2119102e+02
   3.2127146e+02
   3.2135258e+02
   3.2143452e+02
   3.2151651e+02
   3.2159695e+02
   3.2167793e+02
   3.2175896e+02
   3.2184034e+02
   3.2192222e+02
   3.2200451e+02
   3.2208635e+02
   3.2216746e+02
   3.2224852e+02
   3.2232970e+02
   3.2241015e+02
   3.2249192e+02
   3.2257339e+02
   3.2265403e+02
   3.2273475e+02
   3.2281570e+02
   3.2289718e+02
   3.2297865e+02
   3.2306014e+02
   3.2314100e+02
   3.2322213e+02
   3.2330320e+02
   3.2338437e+02
   3.2346698e+02
   3.2354872e+02
   3.2362984e+02
   3.2371062e+02
   3.2379237e+02
   3.2387398e+02
   3.2395459e+02
   3.2403628e+02
   3.2411756e+02
   3.2419928e+02
   3.2428138e+02
   3.2436250e+02
   3.2444362e+02
   3.2452595e+02
   3.2460660e+02
   3.2468801e+02
   3.2476908e+02
   3.2485013e+02
   3.2493156e+02
   3.2501439e+02
   3.2509598e+02
   3.2517758e+02
   3.2525936e+02
   3.2534024e+02
   3.2542117e+02
   3.2550316e+02
   3.2558392e+02
   3.2566553e+02
   3.2574690e+02
   3.2582846e+02
   3.2591028e+02
   3.2599182e+02
   3.2607250e+02
   3.2615348e+02
   3.2623453e+02
   3.2631640e+02
   3.2639719e+02
   3.2647875e+02
   3.2655991e+02
   3.2664150e+02
   3.2672330e+02
   3.2680438e+02
   3.2688563e+02
   3.2696758e+02
   3.2704897e+02
   3.2713033e+02
   3.2721129e+02
   3.2729289e+02
   3.2737392e+02
   3.2745621e+02
   3.2753846e+02
   3.2761930e+02
   3.2770083e+02
   3.2778217e+02
   3.2786390e+02
   3.2794535e+02
   3.2802735e+02
   3.2810845e+02
   3.2819017e+02
   3.2827186e+02
   3.2835322e+02
   3.2843517e+02
   3.2851740e+02
   3.2859864e+02
   3.2867998e+02
   3.2876069e+02
   3.2884213e+02
   3.2892363e+02
   3.2900547e+02
