   2.0564000e-02
   3.1211000e-02
   4.2277000e-02
   5.1102000e-02
   6.2167000e-02
   7.3213000e-02
   8.4236000e-02
   9.5306000e-02
   1.0630900e-01
   1.1550900e-01
   1.2476600e-01
   1.3346400e-01
   1.4221000e-01
   1.5092600e-01
   1.5964100e-01
   1.6835800e-01
   1.7715200e-01
   1.8585700e-01
   1.9459200e-01
   2.0328900e-01
   2.1199100e-01
   2.2057700e-01
   2.2930200e-01
   2.3799400e-01
   2.4660600e-01
   2.5534500e-01
   2.6403400e-01
   2.7265400e-01
   2.8116800e-01
   2.8980100e-01
   2.9856500e-01
   3.0720400e-01
   3.1576200e-01
   3.2442000e-01
   3.3289800e-01
   3.4151400e-01
   3.5020300e-01
   3.5871200e-01
   3.6737200e-01
   3.7602800e-01
   3.8474200e-01
   3.9337200e-01
   4.0203300e-01
   4.1075800e-01
   4.1943300e-01
   4.2802900e-01
   4.3667200e-01
   4.4530400e-01
   4.5392200e-01
   4.6267100e-01
   4.7126200e-01
   4.7999900e-01
   4.8872400e-01
   4.9740700e-01
   5.0674400e-01
   5.1543800e-01
   5.2391100e-01
   5.3480600e-01
   5.4615600e-01
   5.5476100e-01
   5.6336500e-01
   5.7207000e-01
   5.8090800e-01
   5.8978500e-01
   5.9856100e-01
   6.0732300e-01
   6.1605100e-01
   6.2472200e-01
   6.3353400e-01
   6.4226500e-01
   6.5105500e-01
   6.5972600e-01
   6.6844900e-01
   6.7727000e-01
   6.8602700e-01
   6.9468900e-01
   7.0342600e-01
   7.1221100e-01
   7.2096500e-01
   7.2984100e-01
   7.3854400e-01
   7.4727600e-01
   7.5607600e-01
   7.6478200e-01
   7.7356300e-01
   7.8240400e-01
   7.9117300e-01
   7.9985200e-01
   8.0874600e-01
   8.1746900e-01
   8.2627200e-01
   8.3490100e-01
   8.4359200e-01
   8.5238100e-01
   8.6125400e-01
   8.7010200e-01
   8.7872200e-01
   8.8736000e-01
   8.9603600e-01
   9.0473700e-01
   9.1356400e-01
   9.2242700e-01
   9.3099000e-01
   9.3980300e-01
   9.4840100e-01
   9.5721000e-01
   9.6593500e-01
   9.7503600e-01
   9.8373800e-01
   9.9237800e-01
   1.0011060e+00
   1.0098570e+00
   1.0187000e+00
   1.0274280e+00
   1.0361000e+00
   1.0449880e+00
   1.0537610e+00
   1.0624920e+00
   1.0714110e+00
   1.0814760e+00
   1.0901130e+00
   1.0989160e+00
   1.1077210e+00
   1.1165680e+00
   1.1253190e+00
   1.1340950e+00
   1.1427410e+00
   1.1514960e+00
   1.1602290e+00
   1.1689640e+00
   1.1776380e+00
   1.1864130e+00
   1.1952010e+00
   1.2040550e+00
   1.2128700e+00
   1.2216820e+00
   1.2304910e+00
   1.2391900e+00
   1.2480090e+00
   1.2568160e+00
   1.2655590e+00
   1.2742340e+00
   1.2830270e+00
   1.2918180e+00
   1.3006200e+00
   1.3092500e+00
   1.3179640e+00
   1.3266620e+00
   1.3355230e+00
   1.3442820e+00
   1.3530470e+00
   1.3618870e+00
   1.3706620e+00
   1.3795670e+00
   1.3884860e+00
   1.3974280e+00
   1.4063690e+00
   1.4150160e+00
   1.4238590e+00
   1.4326970e+00
   1.4414100e+00
   1.4502220e+00
   1.4590890e+00
   1.4679430e+00
   1.4766450e+00
   1.4854100e+00
   1.4941210e+00
   1.5027690e+00
   1.5115130e+00
   1.5201840e+00
   1.5290140e+00
   1.5377800e+00
   1.5467620e+00
   1.5555540e+00
   1.5642950e+00
   1.5733600e+00
   1.5822870e+00
   1.5911520e+00
   1.6000180e+00
   1.6087980e+00
   1.6175760e+00
   1.6262100e+00
   1.6349940e+00
   1.6438100e+00
   1.6525320e+00
   1.6612930e+00
   1.6701480e+00
   1.6788380e+00
   1.6874620e+00
   1.6960430e+00
   1.7047320e+00
   1.7133920e+00
   1.7221000e+00
   1.7309030e+00
   1.7395890e+00
   1.7483130e+00
   1.7570350e+00
   1.7656910e+00
   1.7743980e+00
   1.7829850e+00
   1.7917160e+00
   1.8004200e+00
   1.8091850e+00
   1.8180140e+00
   1.8267350e+00
   1.8353960e+00
   1.8442600e+00
   1.8529170e+00
   1.8617180e+00
   1.8703890e+00
   1.8792050e+00
   1.8878980e+00
   1.8966710e+00
   1.9055100e+00
   1.9142910e+00
   1.9235910e+00
   1.9322590e+00
   1.9410550e+00
   1.9499280e+00
   1.9586580e+00
   1.9672850e+00
   1.9759170e+00
   1.9847300e+00
   1.9935150e+00
   2.0022070e+00
   2.0109840e+00
   2.0197510e+00
   2.0284370e+00
   2.0371020e+00
   2.0457310e+00
   2.0544710e+00
   2.0631850e+00
   2.0719990e+00
   2.0807440e+00
   2.0895120e+00
   2.0983460e+00
   2.1070180e+00
   2.1157720e+00
   2.1247130e+00
   2.1335130e+00
   2.1423040e+00
   2.1510670e+00
   2.1599270e+00
   2.1685870e+00
   2.1774790e+00
   2.1863470e+00
   2.1951680e+00
   2.2040080e+00
   2.2128530e+00
   2.2217720e+00
   2.2306290e+00
   2.2395290e+00
   2.2485160e+00
   2.2574160e+00
   2.2667020e+00
   2.2755310e+00
   2.2844130e+00
   2.2930510e+00
   2.3018710e+00
   2.3106870e+00
   2.3198690e+00
   2.3285260e+00
   2.3374010e+00
   2.3461820e+00
   2.3548860e+00
   2.3636390e+00
   2.3724060e+00
   2.3812090e+00
   2.3900180e+00
   2.3987520e+00
   2.4075080e+00
   2.4163490e+00
   2.4250150e+00
   2.4336890e+00
   2.4422410e+00
   2.4530970e+00
   2.4618320e+00
   2.4706540e+00
   2.4792820e+00
   2.4879040e+00
   2.4966440e+00
   2.5054060e+00
   2.5152290e+00
   2.5247510e+00
   2.5342600e+00
   2.5438510e+00
   2.5533770e+00
   2.5620400e+00
   2.5706610e+00
   2.5792820e+00
   2.5879990e+00
   2.5967410e+00
   2.6055500e+00
   2.6142330e+00
   2.6230430e+00
   2.6316410e+00
   2.6402800e+00
   2.6490170e+00
   2.6578610e+00
   2.6664850e+00
   2.6752540e+00
   2.6839830e+00
   2.6929200e+00
   2.7015700e+00
   2.7103020e+00
   2.7191400e+00
   2.7278800e+00
   2.7366430e+00
   2.7454710e+00
   2.7545430e+00
   2.7640550e+00
   2.7729320e+00
   2.7818010e+00
   2.7906480e+00
   2.7993230e+00
   2.8079940e+00
   2.8166540e+00
   2.8255590e+00
   2.8342880e+00
   2.8431060e+00
   2.8517770e+00
   2.8606460e+00
   2.8693190e+00
   2.8780700e+00
   2.8868390e+00
   2.8954230e+00
   2.9040740e+00
   2.9129160e+00
   2.9216630e+00
   2.9302740e+00
   2.9390370e+00
   2.9478040e+00
   2.9564290e+00
   2.9673290e+00
   2.9783780e+00
   2.9871810e+00
   2.9959010e+00
   3.0047030e+00
   3.0135080e+00
   3.0222160e+00
   3.0309580e+00
   3.0397080e+00
   3.0484340e+00
   3.0572690e+00
   3.0660330e+00
   3.0746770e+00
   3.0833580e+00
   3.0920410e+00
   3.1008110e+00
   3.1096010e+00
   3.1182960e+00
   3.1270800e+00
   3.1359530e+00
   3.1446600e+00
   3.1533520e+00
   3.1619300e+00
   3.1707590e+00
   3.1796350e+00
   3.1883880e+00
   3.1976780e+00
   3.2064430e+00
   3.2152640e+00
   3.2240130e+00
   3.2332990e+00
   3.2420440e+00
   3.2510620e+00
   3.2597140e+00
   3.2683370e+00
   3.2770490e+00
   3.2856870e+00
   3.2944350e+00
   3.3031860e+00
   3.3118820e+00
   3.3205780e+00
   3.3294020e+00
   3.3381280e+00
   3.3468350e+00
   3.3555230e+00
   3.3643380e+00
   3.3730430e+00
   3.3819470e+00
   3.3906700e+00
   3.3994980e+00
   3.4082120e+00
   3.4169020e+00
   3.4256710e+00
   3.4344530e+00
   3.4431220e+00
   3.4519050e+00
   3.4607400e+00
   3.4694780e+00
   3.4783580e+00
   3.4871510e+00
   3.4959880e+00
   3.5047640e+00
   3.5135490e+00
   3.5223020e+00
   3.5309840e+00
   3.5397790e+00
   3.5485940e+00
   3.5573490e+00
   3.5662040e+00
   3.5749340e+00
   3.5836570e+00
   3.5923430e+00
   3.6014590e+00
   3.6102700e+00
   3.6190690e+00
   3.6277320e+00
   3.6363880e+00
   3.6452220e+00
   3.6538130e+00
   3.6623820e+00
   3.6710630e+00
   3.6796930e+00
   3.6885640e+00
   3.6972630e+00
   3.7059460e+00
   3.7146630e+00
   3.7234240e+00
   3.7320270e+00
   3.7407800e+00
   3.7496090e+00
   3.7582380e+00
   3.7669110e+00
   3.7757240e+00
   3.7846100e+00
   3.7932820e+00
   3.8020220e+00
   3.8107440e+00
   3.8194000e+00
   3.8280950e+00
   3.8367750e+00
   3.8455150e+00
   3.8543660e+00
   3.8631110e+00
   3.8723310e+00
   3.8810480e+00
   3.8897840e+00
   3.8985670e+00
   3.9071380e+00
   3.9159770e+00
   3.9247910e+00
   3.9335550e+00
   3.9423650e+00
   3.9512370e+00
   3.9599690e+00
   3.9687890e+00
   3.9775460e+00
   3.9863360e+00
   3.9956390e+00
   4.0043000e+00
   4.0130150e+00
   4.0217500e+00
   4.0305580e+00
   4.0393500e+00
   4.0482240e+00
   4.0568520e+00
   4.0655910e+00
   4.0745590e+00
   4.0836500e+00
   4.0922900e+00
   4.1009680e+00
   4.1097040e+00
   4.1183470e+00
   4.1270540e+00
   4.1370820e+00
   4.1459210e+00
   4.1547680e+00
   4.1635930e+00
   4.1725520e+00
   4.1813560e+00
   4.1900760e+00
   4.1988280e+00
   4.2076140e+00
   4.2163410e+00
   4.2249930e+00
   4.2336270e+00
   4.2423630e+00
   4.2512670e+00
   4.2600640e+00
   4.2686860e+00
   4.2773730e+00
   4.2862980e+00
   4.2951050e+00
   4.3038280e+00
   4.3124680e+00
   4.3215370e+00
   4.3300940e+00
   4.3388800e+00
   4.3476560e+00
   4.3564630e+00
   4.3652560e+00
   4.3739610e+00
   4.3826790e+00
   4.3916210e+00
   4.4003940e+00
   4.4092070e+00
   4.4180160e+00
   4.4268860e+00
   4.4357190e+00
   4.4442630e+00
   4.4529910e+00
   4.4617080e+00
   4.4705660e+00
   4.4792930e+00
   4.4880960e+00
   4.4968070e+00
   4.5055260e+00
   4.5142910e+00
   4.5231830e+00
   4.5321840e+00
   4.5408480e+00
   4.5496690e+00
   4.5582980e+00
   4.5669790e+00
   4.5757410e+00
   4.5844740e+00
   4.5931130e+00
   4.6019020e+00
   4.6106380e+00
   4.6194220e+00
   4.6281170e+00
   4.6367510e+00
   4.6454100e+00
   4.6541610e+00
   4.6629250e+00
   4.6718310e+00
   4.6806200e+00
   4.6893390e+00
   4.6979300e+00
   4.7071530e+00
   4.7161300e+00
   4.7248620e+00
   4.7336850e+00
   4.7428970e+00
   4.7516840e+00
   4.7602640e+00
   4.7689710e+00
   4.7776160e+00
   4.7863050e+00
   4.7952510e+00
   4.8043280e+00
   4.8135250e+00
   4.8222120e+00
   4.8307810e+00
   4.8395210e+00
   4.8483850e+00
   4.8570080e+00
   4.8657730e+00
   4.8758640e+00
   4.8851980e+00
   4.8939160e+00
   4.9027040e+00
   4.9114920e+00
   4.9201390e+00
   4.9289960e+00
   4.9377310e+00
   4.9466030e+00
   4.9553820e+00
   4.9653820e+00
   4.9741980e+00
   4.9828630e+00
   4.9913770e+00
   5.0001560e+00
   5.0089210e+00
   5.0176330e+00
   5.0263590e+00
   5.0350490e+00
   5.0437910e+00
   5.0524520e+00
   5.0612200e+00
   5.0698980e+00
   5.0786980e+00
   5.0873840e+00
   5.0961050e+00
   5.1051040e+00
   5.1139220e+00
   5.1225620e+00
   5.1313520e+00
   5.1402410e+00
   5.1489750e+00
   5.1578000e+00
   5.1664900e+00
   5.1752110e+00
   5.1840900e+00
   5.1927840e+00
   5.2016530e+00
   5.2104290e+00
   5.2192300e+00
   5.2279100e+00
   5.2366510e+00
   5.2452840e+00
   5.2541150e+00
   5.2628710e+00
   5.2715990e+00
   5.2804040e+00
   5.2891050e+00
   5.2979040e+00
   5.3065740e+00
   5.3152400e+00
   5.3240740e+00
   5.3327440e+00
   5.3415640e+00
   5.3505200e+00
   5.3593640e+00
   5.3684620e+00
   5.3770600e+00
   5.3857630e+00
   5.3945320e+00
   5.4031710e+00
   5.4119560e+00
   5.4205660e+00
   5.4293860e+00
   5.4382260e+00
   5.4469110e+00
   5.4555040e+00
   5.4642180e+00
   5.4728830e+00
   5.4837420e+00
   5.4946370e+00
   5.5033190e+00
   5.5120160e+00
   5.5208710e+00
   5.5297400e+00
   5.5385390e+00
   5.5474550e+00
   5.5563900e+00
   5.5655250e+00
   5.5791470e+00
   5.5900950e+00
   5.6011820e+00
   5.6121780e+00
   5.6235820e+00
   5.6344670e+00
   5.6431360e+00
   5.6519650e+00
   5.6608080e+00
   5.6696780e+00
   5.6785130e+00
   5.6874380e+00
   5.6961770e+00
   5.7049890e+00
   5.7137720e+00
   5.7225640e+00
   5.7313100e+00
   5.7400330e+00
   5.7486670e+00
   5.7573500e+00
   5.7660860e+00
   5.7747970e+00
   5.7835490e+00
   5.7924070e+00
   5.8012310e+00
   5.8100400e+00
   5.8187850e+00
   5.8276330e+00
   5.8364220e+00
   5.8451990e+00
   5.8538480e+00
   5.8625910e+00
   5.8714390e+00
   5.8802180e+00
   5.8889880e+00
   5.8978240e+00
   5.9066730e+00
   5.9154620e+00
   5.9243110e+00
   5.9331360e+00
   5.9419110e+00
   5.9506270e+00
   5.9594740e+00
   5.9682630e+00
   5.9771350e+00
   5.9858310e+00
   5.9945810e+00
   6.0032700e+00
   6.0121320e+00
   6.0209970e+00
   6.0297190e+00
   6.0383920e+00
   6.0471780e+00
   6.0560100e+00
   6.0646890e+00
   6.0735010e+00
   6.0821540e+00
   6.0910190e+00
   6.0997570e+00
   6.1085190e+00
   6.1172600e+00
   6.1260600e+00
   6.1349290e+00
   6.1438070e+00
   6.1525360e+00
   6.1612570e+00
   6.1700570e+00
   6.1788080e+00
   6.1875620e+00
   6.1963370e+00
   6.2049700e+00
   6.2139010e+00
   6.2224650e+00
   6.2311670e+00
   6.2398600e+00
   6.2487210e+00
   6.2573710e+00
   6.2661110e+00
   6.2747980e+00
   6.2834200e+00
   6.2921400e+00
   6.3008430e+00
   6.3096100e+00
   6.3183430e+00
   6.3271150e+00
   6.3357700e+00
   6.3443810e+00
   6.3531110e+00
   6.3618070e+00
   6.3705910e+00
   6.3798290e+00
   6.3886450e+00
   6.3972460e+00
   6.4061100e+00
   6.4148790e+00
   6.4234520e+00
   6.4322670e+00
   6.4408850e+00
   6.4494460e+00
   6.4580830e+00
   6.4668270e+00
   6.4756020e+00
   6.4843980e+00
   6.4930880e+00
   6.5017870e+00
   6.5108090e+00
   6.5197840e+00
   6.5291570e+00
   6.5379220e+00
   6.5465770e+00
   6.5552210e+00
   6.5639470e+00
   6.5726200e+00
   6.5813980e+00
   6.5900840e+00
   6.5988520e+00
   6.6075440e+00
   6.6162580e+00
   6.6250720e+00
   6.6337440e+00
   6.6425150e+00
   6.6512260e+00
   6.6600110e+00
   6.6688280e+00
   6.6776670e+00
   6.6862930e+00
   6.6950500e+00
   6.7037360e+00
   6.7123620e+00
   6.7210440e+00
   6.7297440e+00
   6.7385510e+00
   6.7472290e+00
   6.7558900e+00
   6.7647310e+00
   6.7735010e+00
   6.7821650e+00
   6.7908040e+00
   6.7995960e+00
   6.8082150e+00
   6.8172350e+00
   6.8259890e+00
   6.8345720e+00
   6.8433470e+00
   6.8520500e+00
   6.8606390e+00
   6.8693850e+00
   6.8781100e+00
   6.8869940e+00
   6.8958580e+00
   6.9045730e+00
   6.9131180e+00
   6.9216790e+00
   6.9307940e+00
   6.9394310e+00
   6.9480730e+00
   6.9566740e+00
   6.9653070e+00
   6.9740700e+00
   6.9828360e+00
   6.9914780e+00
   7.0001900e+00
   7.0088380e+00
   7.0176030e+00
   7.0262840e+00
   7.0349750e+00
   7.0436460e+00
   7.0524430e+00
   7.0609610e+00
   7.0696700e+00
   7.0785000e+00
   7.0870800e+00
   7.0957890e+00
   7.1045020e+00
   7.1132370e+00
   7.1219970e+00
   7.1307090e+00
   7.1394180e+00
   7.1481640e+00
   7.1569510e+00
   7.1657570e+00
   7.1746370e+00
   7.1832840e+00
   7.1920360e+00
   7.2006590e+00
   7.2099060e+00
   7.2185960e+00
   7.2273720e+00
   7.2361470e+00
   7.2450000e+00
   7.2537010e+00
   7.2632320e+00
   7.2727190e+00
   7.2816770e+00
   7.2905050e+00
   7.2992110e+00
   7.3078200e+00
   7.3164490e+00
   7.3251360e+00
   7.3337700e+00
   7.3425340e+00
   7.3513710e+00
   7.3599550e+00
   7.3686020e+00
   7.3773660e+00
   7.3860570e+00
   7.3947480e+00
   7.4033670e+00
   7.4121860e+00
   7.4208620e+00
   7.4296470e+00
   7.4383520e+00
   7.4469650e+00
   7.4557550e+00
   7.4644690e+00
   7.4732680e+00
   7.4819840e+00
   7.4908010e+00
   7.4993450e+00
   7.5079430e+00
   7.5166150e+00
   7.5252560e+00
   7.5339210e+00
   7.5426580e+00
   7.5513880e+00
   7.5601630e+00
   7.5688760e+00
   7.5775980e+00
   7.5863540e+00
   7.5950220e+00
   7.6038670e+00
   7.6126060e+00
   7.6213360e+00
   7.6302170e+00
   7.6389680e+00
   7.6476490e+00
   7.6563270e+00
   7.6649080e+00
   7.6736760e+00
   7.6824090e+00
   7.6911710e+00
   7.7000130e+00
   7.7086700e+00
   7.7174460e+00
   7.7261990e+00
   7.7348820e+00
   7.7435720e+00
   7.7523150e+00
   7.7611230e+00
   7.7698900e+00
   7.7786660e+00
   7.7874280e+00
   7.7960230e+00
   7.8047650e+00
   7.8135330e+00
   7.8223120e+00
   7.8311080e+00
   7.8399120e+00
   7.8487230e+00
   7.8574420e+00
   7.8663940e+00
   7.8750890e+00
   7.8839490e+00
   7.8926690e+00
   7.9014290e+00
   7.9101850e+00
   7.9189090e+00
   7.9276700e+00
   7.9364170e+00
   7.9452290e+00
   7.9539900e+00
   7.9628260e+00
   7.9715620e+00
   7.9803140e+00
   7.9890280e+00
   7.9978780e+00
   8.0066520e+00
   8.0153580e+00
   8.0240830e+00
   8.0328110e+00
   8.0415550e+00
   8.0502640e+00
   8.0589760e+00
   8.0677050e+00
   8.0764290e+00
   8.0852910e+00
   8.0938970e+00
   8.1026180e+00
   8.1113350e+00
   8.1201330e+00
   8.1288090e+00
   8.1375970e+00
   8.1462540e+00
   8.1549660e+00
   8.1637020e+00
   8.1724380e+00
   8.1812580e+00
   8.1901570e+00
   8.1987810e+00
   8.2075700e+00
   8.2163120e+00
   8.2249780e+00
   8.2336500e+00
   8.2425060e+00
   8.2512950e+00
   8.2599600e+00
   8.2687210e+00
   8.2774710e+00
   8.2866370e+00
   8.2954550e+00
   8.3042130e+00
   8.3137220e+00
   8.3226270e+00
   8.3315040e+00
   8.3403920e+00
   8.3494770e+00
   8.3582870e+00
   8.3669330e+00
   8.3757650e+00
   8.3844440e+00
   8.3932770e+00
   8.4020140e+00
   8.4107630e+00
   8.4195620e+00
   8.4283130e+00
   8.4370440e+00
   8.4458090e+00
   8.4546940e+00
   8.4634660e+00
   8.4721270e+00
   8.4808360e+00
   8.4895700e+00
   8.4984290e+00
   8.5071080e+00
   8.5158310e+00
   8.5244820e+00
   8.5332310e+00
   8.5418710e+00
   8.5506700e+00
   8.5593850e+00
   8.5680820e+00
   8.5767020e+00
   8.5855750e+00
   8.5942930e+00
   8.6029910e+00
   8.6117150e+00
   8.6206290e+00
   8.6300940e+00
   8.6397200e+00
   8.6490370e+00
   8.6582070e+00
   8.6668730e+00
   8.6757390e+00
   8.6843950e+00
   8.6931770e+00
   8.7019140e+00
   8.7107210e+00
   8.7194180e+00
   8.7282880e+00
   8.7370020e+00
   8.7458030e+00
   8.7545870e+00
   8.7633890e+00
   8.7721590e+00
   8.7809430e+00
   8.7898540e+00
   8.7986160e+00
   8.8073020e+00
   8.8161140e+00
   8.8248830e+00
   8.8337060e+00
   8.8425200e+00
   8.8513150e+00
   8.8602200e+00
   8.8690640e+00
   8.8776690e+00
   8.8863800e+00
   8.8952010e+00
   8.9040180e+00
   8.9127720e+00
   8.9215670e+00
   8.9303260e+00
   8.9390940e+00
   8.9478490e+00
   8.9570550e+00
   8.9657740e+00
   8.9746210e+00
   8.9833720e+00
   8.9921790e+00
   9.0009210e+00
   9.0095590e+00
   9.0183270e+00
   9.0272460e+00
   9.0360440e+00
   9.0448210e+00
   9.0535480e+00
   9.0622510e+00
   9.0708880e+00
   9.0796090e+00
   9.0882970e+00
   9.0972030e+00
   9.1060090e+00
   9.1147800e+00
   9.1234600e+00
   9.1322820e+00
   9.1410740e+00
   9.1498320e+00
   9.1585570e+00
   9.1674070e+00
   9.1762640e+00
   9.1850190e+00
   9.1936820e+00
   9.2023860e+00
   9.2112010e+00
   9.2198070e+00
   9.2285750e+00
   9.2373180e+00
   9.2462000e+00
   9.2550440e+00
   9.2637760e+00
   9.2725050e+00
   9.2813850e+00
   9.2900280e+00
   9.2988530e+00
   9.3079620e+00
   9.3168500e+00
   9.3262700e+00
   9.3351090e+00
   9.3439640e+00
   9.3527000e+00
   9.3614130e+00
   9.3702690e+00
   9.3790300e+00
   9.3877450e+00
   9.3966490e+00
   9.4053990e+00
   9.4141050e+00
   9.4227850e+00
   9.4314990e+00
   9.4403300e+00
   9.4491230e+00
   9.4578870e+00
   9.4667610e+00
   9.4755520e+00
   9.4841860e+00
   9.4929230e+00
   9.5016480e+00
   9.5104430e+00
   9.5192150e+00
   9.5278770e+00
   9.5365790e+00
   9.5453540e+00
   9.5541510e+00
   9.5628640e+00
   9.5715890e+00
   9.5802420e+00
   9.5888910e+00
   9.5976930e+00
   9.6077380e+00
   9.6173060e+00
   9.6265590e+00
   9.6354950e+00
   9.6443420e+00
   9.6530260e+00
   9.6618840e+00
   9.6705340e+00
   9.6794030e+00
   9.6881520e+00
   9.6968990e+00
   9.7058060e+00
   9.7145910e+00
   9.7233260e+00
   9.7320910e+00
   9.7408120e+00
   9.7501250e+00
   9.7589490e+00
   9.7675600e+00
   9.7763380e+00
   9.7851860e+00
   9.7938490e+00
   9.8026150e+00
   9.8113570e+00
   9.8201040e+00
   9.8287520e+00
   9.8374910e+00
   9.8461460e+00
   9.8548710e+00
   9.8636660e+00
   9.8723840e+00
   9.8811160e+00
   9.8898850e+00
   9.8986960e+00
   9.9072360e+00
   9.9159970e+00
   9.9247270e+00
   9.9334130e+00
   9.9421600e+00
   9.9508970e+00
   9.9594980e+00
   9.9682550e+00
   9.9770810e+00
   9.9857240e+00
   9.9943440e+00
   1.0002907e+01
   1.0011655e+01
   1.0020453e+01
   1.0029166e+01
   1.0037869e+01
   1.0046698e+01
   1.0055395e+01
   1.0064183e+01
   1.0072961e+01
   1.0081616e+01
   1.0090358e+01
   1.0098951e+01
   1.0107479e+01
   1.0116382e+01
   1.0125181e+01
   1.0133868e+01
   1.0142737e+01
   1.0151475e+01
   1.0160114e+01
   1.0168933e+01
   1.0177551e+01
   1.0186194e+01
   1.0194961e+01
   1.0203658e+01
   1.0212351e+01
   1.0221227e+01
   1.0230403e+01
   1.0239042e+01
   1.0247928e+01
   1.0256979e+01
   1.0265814e+01
   1.0274588e+01
   1.0283375e+01
   1.0292196e+01
   1.0301095e+01
   1.0309952e+01
   1.0318649e+01
   1.0327449e+01
   1.0336328e+01
   1.0345173e+01
   1.0353979e+01
   1.0362783e+01
   1.0372117e+01
   1.0380855e+01
   1.0389831e+01
   1.0398622e+01
   1.0407452e+01
   1.0416143e+01
   1.0424879e+01
   1.0433607e+01
   1.0442333e+01
   1.0450884e+01
   1.0459680e+01
   1.0468382e+01
   1.0477070e+01
   1.0485802e+01
   1.0495413e+01
   1.0504190e+01
   1.0513016e+01
   1.0521749e+01
   1.0530460e+01
   1.0539258e+01
   1.0548114e+01
   1.0556788e+01
   1.0565576e+01
   1.0574310e+01
   1.0583045e+01
   1.0592070e+01
   1.0600909e+01
   1.0609568e+01
   1.0618214e+01
   1.0626869e+01
   1.0635563e+01
   1.0644344e+01
   1.0652965e+01
   1.0661796e+01
   1.0670556e+01
   1.0679356e+01
   1.0688123e+01
   1.0696813e+01
   1.0705584e+01
   1.0714408e+01
   1.0723093e+01
   1.0731855e+01
   1.0740575e+01
   1.0749419e+01
   1.0758364e+01
   1.0767053e+01
   1.0775827e+01
   1.0784783e+01
   1.0793527e+01
   1.0802359e+01
   1.0811111e+01
   1.0819828e+01
   1.0828592e+01
   1.0837226e+01
   1.0846036e+01
   1.0854899e+01
   1.0863503e+01
   1.0872260e+01
   1.0881175e+01
   1.0890635e+01
   1.0899451e+01
   1.0908176e+01
   1.0916912e+01
   1.0925653e+01
   1.0934407e+01
   1.0943235e+01
   1.0952032e+01
   1.0960809e+01
   1.0969559e+01
   1.0978256e+01
   1.0987053e+01
   1.0995801e+01
   1.1004557e+01
   1.1013246e+01
   1.1021949e+01
   1.1030769e+01
   1.1039508e+01
   1.1048290e+01
   1.1057091e+01
   1.1065808e+01
   1.1074650e+01
   1.1083526e+01
   1.1092217e+01
   1.1100962e+01
   1.1109761e+01
   1.1118292e+01
   1.1127076e+01
   1.1135743e+01
   1.1144592e+01
   1.1153438e+01
   1.1162228e+01
   1.1171013e+01
   1.1179916e+01
   1.1188805e+01
   1.1197638e+01
   1.1206445e+01
   1.1215209e+01
   1.1224001e+01
   1.1232666e+01
   1.1241430e+01
   1.1250233e+01
   1.1259090e+01
   1.1267693e+01
   1.1276443e+01
   1.1285410e+01
   1.1294427e+01
   1.1303233e+01
   1.1312111e+01
   1.1320877e+01
   1.1329666e+01
   1.1338329e+01
   1.1347084e+01
   1.1356005e+01
   1.1364669e+01
   1.1373264e+01
   1.1382034e+01
   1.1390777e+01
   1.1399571e+01
   1.1408410e+01
   1.1417118e+01
   1.1425853e+01
   1.1434585e+01
   1.1443411e+01
   1.1452279e+01
   1.1461078e+01
   1.1469832e+01
   1.1478606e+01
   1.1487466e+01
   1.1496172e+01
   1.1504940e+01
   1.1513780e+01
   1.1522582e+01
   1.1531427e+01
   1.1540804e+01
   1.1549565e+01
   1.1558192e+01
   1.1567047e+01
   1.1575812e+01
   1.1584622e+01
   1.1593464e+01
   1.1602212e+01
   1.1611100e+01
   1.1620012e+01
   1.1628960e+01
   1.1637683e+01
   1.1646465e+01
   1.1655355e+01
   1.1664240e+01
   1.1673183e+01
   1.1682001e+01
   1.1690767e+01
   1.1699660e+01
   1.1708419e+01
   1.1717274e+01
   1.1726088e+01
   1.1734961e+01
   1.1743617e+01
   1.1752412e+01
   1.1761308e+01
   1.1769930e+01
   1.1778677e+01
   1.1787545e+01
   1.1796377e+01
   1.1805153e+01
   1.1813984e+01
   1.1822892e+01
   1.1831583e+01
   1.1840451e+01
   1.1849278e+01
   1.1858091e+01
   1.1867164e+01
   1.1876203e+01
   1.1885263e+01
   1.1894121e+01
   1.1902879e+01
   1.1911802e+01
   1.1920560e+01
   1.1929207e+01
   1.1937928e+01
   1.1946768e+01
   1.1955510e+01
   1.1964324e+01
   1.1973169e+01
   1.1981834e+01
   1.1990597e+01
   1.1999232e+01
   1.2008054e+01
   1.2016861e+01
   1.2025610e+01
   1.2034402e+01
   1.2043198e+01
   1.2051941e+01
   1.2060660e+01
   1.2069415e+01
   1.2078198e+01
   1.2086910e+01
   1.2095776e+01
   1.2104673e+01
   1.2113507e+01
   1.2122210e+01
   1.2131038e+01
   1.2139836e+01
   1.2148580e+01
   1.2157494e+01
   1.2166231e+01
   1.2174996e+01
   1.2183796e+01
   1.2192502e+01
   1.2201297e+01
   1.2210098e+01
   1.2218863e+01
   1.2227739e+01
   1.2236392e+01
   1.2245076e+01
   1.2253807e+01
   1.2262533e+01
   1.2271218e+01
   1.2279915e+01
   1.2288724e+01
   1.2297449e+01
   1.2306249e+01
   1.2314991e+01
   1.2323740e+01
   1.2332492e+01
   1.2341317e+01
   1.2350124e+01
   1.2359472e+01
   1.2368213e+01
   1.2376888e+01
   1.2385622e+01
   1.2394406e+01
   1.2403287e+01
   1.2411964e+01
   1.2420690e+01
   1.2429422e+01
   1.2438213e+01
   1.2446902e+01
   1.2455677e+01
   1.2464433e+01
   1.2473158e+01
   1.2481858e+01
   1.2490631e+01
   1.2499276e+01
   1.2508040e+01
   1.2516802e+01
   1.2525633e+01
   1.2534396e+01
   1.2543123e+01
   1.2552163e+01
   1.2561062e+01
   1.2569946e+01
   1.2578634e+01
   1.2587317e+01
   1.2596132e+01
   1.2604971e+01
   1.2613682e+01
   1.2622631e+01
   1.2631363e+01
   1.2640100e+01
   1.2648851e+01
   1.2657615e+01
   1.2666342e+01
   1.2675127e+01
   1.2683897e+01
   1.2692634e+01
   1.2701471e+01
   1.2710198e+01
   1.2718891e+01
   1.2727671e+01
   1.2736474e+01
   1.2745710e+01
   1.2754511e+01
   1.2764283e+01
   1.2773558e+01
   1.2782528e+01
   1.2791540e+01
   1.2800258e+01
   1.2808894e+01
   1.2817893e+01
   1.2826727e+01
   1.2835531e+01
   1.2844355e+01
   1.2853111e+01
   1.2861934e+01
   1.2870766e+01
   1.2879474e+01
   1.2889027e+01
   1.2897705e+01
   1.2906757e+01
   1.2915730e+01
   1.2924445e+01
   1.2933392e+01
   1.2942084e+01
   1.2950928e+01
   1.2959723e+01
   1.2968535e+01
   1.2977361e+01
   1.2986072e+01
   1.2995005e+01
   1.3003782e+01
   1.3012450e+01
   1.3021330e+01
   1.3030070e+01
   1.3038878e+01
   1.3047650e+01
   1.3056440e+01
   1.3065260e+01
   1.3074035e+01
   1.3083013e+01
   1.3091759e+01
   1.3100319e+01
   1.3109190e+01
   1.3117837e+01
   1.3126788e+01
   1.3135591e+01
   1.3144303e+01
   1.3153072e+01
   1.3161874e+01
   1.3170996e+01
   1.3179761e+01
   1.3188510e+01
   1.3197146e+01
   1.3206150e+01
   1.3214977e+01
   1.3223689e+01
   1.3232386e+01
   1.3241071e+01
   1.3249858e+01
   1.3258728e+01
   1.3267464e+01
   1.3276203e+01
   1.3285086e+01
   1.3293891e+01
   1.3302641e+01
   1.3311433e+01
   1.3320130e+01
   1.3328851e+01
   1.3337608e+01
   1.3346270e+01
   1.3355019e+01
   1.3363715e+01
   1.3372490e+01
   1.3381332e+01
   1.3390032e+01
   1.3398767e+01
   1.3407544e+01
   1.3417089e+01
   1.3425872e+01
   1.3434580e+01
   1.3443503e+01
   1.3452196e+01
   1.3461035e+01
   1.3470256e+01
   1.3478959e+01
   1.3487757e+01
   1.3496383e+01
   1.3504999e+01
   1.3513985e+01
   1.3522616e+01
   1.3531280e+01
   1.3539873e+01
   1.3548711e+01
   1.3557536e+01
   1.3566190e+01
   1.3574940e+01
   1.3583847e+01
   1.3592495e+01
   1.3601090e+01
   1.3609719e+01
   1.3618449e+01
   1.3627307e+01
   1.3636030e+01
   1.3644853e+01
   1.3653552e+01
   1.3662193e+01
   1.3670924e+01
   1.3679610e+01
   1.3688275e+01
   1.3696909e+01
   1.3705669e+01
   1.3714319e+01
   1.3723006e+01
   1.3731793e+01
   1.3741033e+01
   1.3749805e+01
   1.3758602e+01
   1.3767349e+01
   1.3776034e+01
   1.3784655e+01
   1.3793518e+01
   1.3802226e+01
   1.3810986e+01
   1.3819645e+01
   1.3828464e+01
   1.3837826e+01
   1.3847549e+01
   1.3856412e+01
   1.3865270e+01
   1.3874124e+01
   1.3882963e+01
   1.3891693e+01
   1.3902517e+01
   1.3913433e+01
   1.3924328e+01
   1.3935230e+01
   1.3946104e+01
   1.3956958e+01
   1.3967816e+01
   1.3979058e+01
   1.3987783e+01
   1.3996585e+01
   1.4005248e+01
   1.4013944e+01
   1.4022647e+01
   1.4031715e+01
   1.4040532e+01
   1.4049280e+01
   1.4058042e+01
   1.4066743e+01
   1.4075446e+01
   1.4084257e+01
   1.4093084e+01
   1.4101932e+01
   1.4110611e+01
   1.4119415e+01
   1.4129329e+01
   1.4137897e+01
   1.4146541e+01
   1.4155313e+01
   1.4163913e+01
   1.4172638e+01
   1.4181433e+01
   1.4190103e+01
   1.4199015e+01
   1.4207680e+01
   1.4216933e+01
   1.4225650e+01
   1.4234453e+01
   1.4243224e+01
   1.4251958e+01
   1.4260716e+01
   1.4269366e+01
   1.4278123e+01
   1.4286740e+01
   1.4295504e+01
   1.4304137e+01
   1.4312877e+01
   1.4321726e+01
   1.4330433e+01
   1.4339381e+01
   1.4348102e+01
   1.4356904e+01
   1.4365598e+01
   1.4374223e+01
   1.4382882e+01
   1.4391577e+01
   1.4400259e+01
   1.4409078e+01
   1.4417646e+01
   1.4426262e+01
   1.4434909e+01
   1.4443557e+01
   1.4452206e+01
   1.4460920e+01
   1.4469750e+01
   1.4478519e+01
   1.4487209e+01
   1.4495815e+01
   1.4504478e+01
   1.4513174e+01
   1.4521963e+01
   1.4530612e+01
   1.4539233e+01
   1.4549500e+01
   1.4558058e+01
   1.4566724e+01
   1.4575426e+01
   1.4583983e+01
   1.4592641e+01
   1.4601510e+01
   1.4610164e+01
   1.4618857e+01
   1.4627536e+01
   1.4636075e+01
   1.4644750e+01
   1.4653598e+01
   1.4662226e+01
   1.4670986e+01
   1.4679693e+01
   1.4688607e+01
   1.4697296e+01
   1.4706085e+01
   1.4714750e+01
   1.4723468e+01
   1.4732207e+01
   1.4740742e+01
   1.4749412e+01
   1.4758126e+01
   1.4766769e+01
   1.4775493e+01
   1.4784319e+01
   1.4792960e+01
   1.4801685e+01
   1.4810355e+01
   1.4819095e+01
   1.4827864e+01
   1.4836698e+01
   1.4845400e+01
   1.4854123e+01
   1.4862753e+01
   1.4871355e+01
   1.4880030e+01
   1.4888833e+01
   1.4897523e+01
   1.4906400e+01
   1.4915141e+01
   1.4923659e+01
   1.4932317e+01
   1.4940860e+01
   1.4949546e+01
   1.4958536e+01
   1.4967488e+01
   1.4976191e+01
   1.4984989e+01
   1.4993764e+01
   1.5002926e+01
   1.5011779e+01
   1.5020717e+01
   1.5029359e+01
   1.5038582e+01
   1.5047159e+01
   1.5055927e+01
   1.5064666e+01
   1.5073483e+01
   1.5082135e+01
   1.5090865e+01
   1.5099764e+01
   1.5108634e+01
   1.5117357e+01
   1.5126189e+01
   1.5134803e+01
   1.5143528e+01
   1.5152321e+01
   1.5167051e+01
   1.5181910e+01
   1.5196688e+01
   1.5211500e+01
   1.5222322e+01
   1.5248915e+01
   1.5257750e+01
   1.5268628e+01
   1.5279527e+01
   1.5290222e+01
   1.5300935e+01
   1.5311728e+01
   1.5320378e+01
   1.5328970e+01
   1.5337666e+01
   1.5346530e+01
   1.5355167e+01
   1.5363911e+01
   1.5372798e+01
   1.5381589e+01
   1.5390150e+01
   1.5398903e+01
   1.5407539e+01
   1.5416314e+01
   1.5424978e+01
   1.5436854e+01
   1.5451679e+01
   1.5460282e+01
   1.5471006e+01
   1.5481853e+01
   1.5492596e+01
   1.5503573e+01
   1.5514339e+01
   1.5523068e+01
   1.5531755e+01
   1.5540461e+01
   1.5549134e+01
   1.5558538e+01
   1.5567286e+01
   1.5576041e+01
   1.5584648e+01
   1.5593498e+01
   1.5602045e+01
   1.5610816e+01
   1.5619556e+01
   1.5628316e+01
   1.5637061e+01
   1.5645904e+01
   1.5654672e+01
   1.5663324e+01
   1.5672129e+01
   1.5680810e+01
   1.5689514e+01
   1.5698123e+01
   1.5706809e+01
   1.5715640e+01
   1.5724307e+01
   1.5732950e+01
   1.5741488e+01
   1.5750085e+01
   1.5758755e+01
   1.5767419e+01
   1.5776136e+01
   1.5784791e+01
   1.5793611e+01
   1.5802534e+01
   1.5811200e+01
   1.5819904e+01
   1.5828659e+01
   1.5837582e+01
   1.5846415e+01
   1.5855080e+01
   1.5863617e+01
   1.5872447e+01
   1.5881201e+01
   1.5889779e+01
   1.5898362e+01
   1.5907281e+01
   1.5915955e+01
   1.5924722e+01
   1.5933379e+01
   1.5942118e+01
   1.5951034e+01
   1.5959660e+01
   1.5968303e+01
   1.5977020e+01
   1.5985566e+01
   1.5994259e+01
   1.6002750e+01
   1.6011364e+01
   1.6020149e+01
   1.6028720e+01
   1.6037472e+01
   1.6046174e+01
   1.6055027e+01
   1.6063702e+01
   1.6072262e+01
   1.6081490e+01
   1.6090118e+01
   1.6098834e+01
   1.6107563e+01
   1.6116323e+01
   1.6125004e+01
   1.6133615e+01
   1.6142332e+01
   1.6151049e+01
   1.6159825e+01
   1.6168584e+01
   1.6177288e+01
   1.6185969e+01
   1.6194534e+01
   1.6203375e+01
   1.6212025e+01
   1.6220756e+01
   1.6229489e+01
   1.6238119e+01
   1.6246865e+01
   1.6255544e+01
   1.6264304e+01
   1.6272959e+01
   1.6281826e+01
   1.6290596e+01
   1.6299364e+01
   1.6308413e+01
   1.6317096e+01
   1.6325780e+01
   1.6334392e+01
   1.6343226e+01
   1.6351988e+01
   1.6360705e+01
   1.6369982e+01
   1.6378692e+01
   1.6387559e+01
   1.6396221e+01
   1.6406346e+01
   1.6415649e+01
   1.6424460e+01
   1.6433441e+01
   1.6442614e+01
   1.6451289e+01
   1.6459916e+01
   1.6468712e+01
   1.6477457e+01
   1.6486196e+01
   1.6494912e+01
   1.6503700e+01
   1.6512379e+01
   1.6521079e+01
   1.6529741e+01
   1.6538508e+01
   1.6547284e+01
   1.6556031e+01
   1.6564624e+01
   1.6573408e+01
   1.6582101e+01
   1.6590943e+01
   1.6599725e+01
   1.6608554e+01
   1.6617252e+01
   1.6625986e+01
   1.6634624e+01
   1.6643374e+01
   1.6651962e+01
   1.6660614e+01
   1.6669673e+01
   1.6678456e+01
   1.6687334e+01
   1.6696041e+01
   1.6705150e+01
   1.6713946e+01
   1.6722867e+01
   1.6731660e+01
   1.6740468e+01
   1.6749275e+01
   1.6758082e+01
   1.6766880e+01
   1.6775677e+01
   1.6784382e+01
   1.6793107e+01
   1.6801844e+01
   1.6810588e+01
   1.6819406e+01
   1.6828145e+01
   1.6836733e+01
   1.6845400e+01
   1.6854232e+01
   1.6863006e+01
   1.6871742e+01
   1.6880440e+01
   1.6889159e+01
   1.6898035e+01
   1.6906735e+01
   1.6915473e+01
   1.6924259e+01
   1.6933021e+01
   1.6941636e+01
   1.6950493e+01
   1.6959188e+01
   1.6967978e+01
   1.6976710e+01
   1.6985482e+01
   1.6994179e+01
   1.7002785e+01
   1.7011280e+01
   1.7019941e+01
   1.7028672e+01
   1.7037325e+01
   1.7045951e+01
   1.7054703e+01
   1.7063535e+01
   1.7072166e+01
   1.7080981e+01
   1.7089553e+01
   1.7098185e+01
   1.7107039e+01
   1.7115618e+01
   1.7124319e+01
   1.7132928e+01
   1.7141795e+01
   1.7150665e+01
   1.7159392e+01
   1.7168105e+01
   1.7176646e+01
   1.7188210e+01
   1.7197693e+01
   1.7208425e+01
   1.7217220e+01
   1.7225890e+01
   1.7234512e+01
   1.7243155e+01
   1.7252013e+01
   1.7260517e+01
   1.7269131e+01
   1.7277838e+01
   1.7286585e+01
   1.7295117e+01
   1.7303757e+01
   1.7312300e+01
   1.7320869e+01
   1.7329477e+01
   1.7338039e+01
   1.7346718e+01
   1.7355322e+01
   1.7363957e+01
   1.7372634e+01
   1.7381235e+01
   1.7389831e+01
   1.7398569e+01
   1.7407414e+01
   1.7416277e+01
   1.7424998e+01
   1.7433840e+01
   1.7442552e+01
   1.7451280e+01
   1.7460216e+01
   1.7469018e+01
   1.7477853e+01
   1.7486536e+01
   1.7495285e+01
   1.7504035e+01
   1.7513763e+01
   1.7522544e+01
   1.7532200e+01
   1.7540864e+01
   1.7549539e+01
   1.7558193e+01
   1.7566859e+01
   1.7575409e+01
   1.7583995e+01
   1.7593158e+01
   1.7601696e+01
   1.7610397e+01
   1.7620711e+01
   1.7629419e+01
   1.7638173e+01
   1.7646831e+01
   1.7655552e+01
   1.7664297e+01
   1.7672963e+01
   1.7682217e+01
   1.7690881e+01
   1.7700104e+01
   1.7709388e+01
   1.7718036e+01
   1.7728104e+01
   1.7737107e+01
   1.7752005e+01
   1.7765547e+01
   1.7780412e+01
   1.7791385e+01
   1.7802287e+01
   1.7813270e+01
   1.7824391e+01
   1.7835532e+01
   1.7844453e+01
   1.7853117e+01
   1.7861889e+01
   1.7870590e+01
   1.7879397e+01
   1.7888295e+01
   1.7896835e+01
   1.7905610e+01
   1.7914324e+01
   1.7922871e+01
   1.7931614e+01
   1.7940222e+01
   1.7948826e+01
   1.7957432e+01
   1.7966337e+01
   1.7975060e+01
   1.7983864e+01
   1.7992665e+01
   1.8001237e+01
   1.8009850e+01
   1.8018563e+01
   1.8027253e+01
   1.8035898e+01
   1.8044660e+01
   1.8053426e+01
   1.8062219e+01
   1.8071030e+01
   1.8079726e+01
   1.8088655e+01
   1.8097334e+01
   1.8106075e+01
   1.8114806e+01
   1.8123597e+01
   1.8132362e+01
   1.8141139e+01
   1.8149950e+01
   1.8158586e+01
   1.8167299e+01
   1.8176028e+01
   1.8184818e+01
   1.8193622e+01
   1.8202432e+01
   1.8211087e+01
   1.8219806e+01
   1.8228556e+01
   1.8237233e+01
   1.8245869e+01
   1.8254542e+01
   1.8263112e+01
   1.8271861e+01
   1.8280630e+01
   1.8289319e+01
   1.8298041e+01
   1.8306792e+01
   1.8315376e+01
   1.8324073e+01
   1.8332657e+01
   1.8341346e+01
   1.8349924e+01
   1.8358558e+01
   1.8367185e+01
   1.8375913e+01
   1.8384779e+01
   1.8393487e+01
   1.8402234e+01
   1.8410978e+01
   1.8419701e+01
   1.8428415e+01
   1.8437199e+01
   1.8445923e+01
   1.8454744e+01
   1.8463525e+01
   1.8472239e+01
   1.8480988e+01
   1.8489701e+01
   1.8498431e+01
   1.8507862e+01
   1.8516581e+01
   1.8525436e+01
   1.8534164e+01
   1.8542852e+01
   1.8551533e+01
   1.8560235e+01
   1.8568932e+01
   1.8577736e+01
   1.8586550e+01
   1.8595341e+01
   1.8604083e+01
   1.8612708e+01
   1.8621536e+01
   1.8630282e+01
   1.8639049e+01
   1.8647767e+01
   1.8656447e+01
   1.8665248e+01
   1.8673970e+01
   1.8682617e+01
   1.8691842e+01
   1.8700580e+01
   1.8709230e+01
   1.8717767e+01
   1.8726669e+01
   1.8735506e+01
   1.8744227e+01
   1.8753248e+01
   1.8761895e+01
   1.8770508e+01
   1.8779526e+01
   1.8788123e+01
   1.8796816e+01
   1.8805332e+01
   1.8813937e+01
   1.8822666e+01
   1.8831326e+01
   1.8840004e+01
   1.8848723e+01
   1.8857427e+01
   1.8866120e+01
   1.8874802e+01
   1.8883489e+01
   1.8892141e+01
   1.8900788e+01
   1.8909543e+01
   1.8918248e+01
   1.8926853e+01
   1.8935473e+01
   1.8944140e+01
   1.8952826e+01
   1.8961473e+01
   1.8970183e+01
   1.8978910e+01
   1.8987609e+01
   1.8996361e+01
   1.9004996e+01
   1.9013549e+01
   1.9022158e+01
   1.9030860e+01
   1.9039636e+01
   1.9048308e+01
   1.9056903e+01
   1.9065573e+01
   1.9074120e+01
   1.9082921e+01
   1.9091742e+01
   1.9100444e+01
   1.9109166e+01
   1.9117833e+01
   1.9126523e+01
   1.9135180e+01
   1.9143867e+01
   1.9152481e+01
   1.9161279e+01
   1.9169885e+01
   1.9178479e+01
   1.9187743e+01
   1.9196337e+01
   1.9205053e+01
   1.9213633e+01
   1.9222223e+01
   1.9231029e+01
   1.9239775e+01
   1.9248536e+01
   1.9257166e+01
   1.9266118e+01
   1.9274797e+01
   1.9283547e+01
   1.9292191e+01
   1.9300946e+01
   1.9309685e+01
   1.9318483e+01
   1.9327232e+01
   1.9335954e+01
   1.9344619e+01
   1.9353407e+01
   1.9362221e+01
   1.9370855e+01
   1.9379493e+01
   1.9388105e+01
   1.9396819e+01
   1.9405981e+01
   1.9414559e+01
   1.9425282e+01
   1.9446237e+01
   1.9460299e+01
   1.9468885e+01
   1.9479619e+01
   1.9490336e+01
   1.9501040e+01
   1.9511754e+01
   1.9522570e+01
   1.9531240e+01
   1.9539733e+01
   1.9548480e+01
   1.9557265e+01
   1.9566037e+01
   1.9574688e+01
   1.9583368e+01
   1.9592067e+01
   1.9600697e+01
   1.9609581e+01
   1.9618399e+01
   1.9627027e+01
   1.9635833e+01
   1.9644629e+01
   1.9653339e+01
   1.9662055e+01
   1.9670717e+01
   1.9679369e+01
   1.9688034e+01
   1.9696733e+01
   1.9705265e+01
   1.9713826e+01
   1.9722393e+01
   1.9731125e+01
   1.9739674e+01
   1.9748333e+01
   1.9756899e+01
   1.9772063e+01
   1.9781177e+01
   1.9792014e+01
   1.9802814e+01
   1.9813631e+01
   1.9824453e+01
   1.9835203e+01
   1.9846013e+01
   1.9854962e+01
   1.9863757e+01
   1.9872524e+01
   1.9881130e+01
   1.9889758e+01
   1.9898466e+01
   1.9907122e+01
   1.9915863e+01
   1.9924726e+01
   1.9933318e+01
   1.9942042e+01
   1.9950807e+01
   1.9959393e+01
   1.9968052e+01
   1.9976756e+01
   1.9985437e+01
   1.9994093e+01
   2.0002677e+01
   2.0011478e+01
   2.0020290e+01
   2.0028965e+01
   2.0037664e+01
   2.0046349e+01
   2.0054953e+01
   2.0063730e+01
   2.0072324e+01
   2.0080971e+01
   2.0089583e+01
   2.0098268e+01
   2.0106808e+01
   2.0115404e+01
   2.0124055e+01
   2.0132681e+01
   2.0141277e+01
   2.0150064e+01
   2.0158618e+01
   2.0167314e+01
   2.0175989e+01
   2.0184633e+01
   2.0193285e+01
   2.0201997e+01
   2.0210648e+01
   2.0219347e+01
   2.0228057e+01
   2.0236738e+01
   2.0245331e+01
   2.0254028e+01
   2.0262627e+01
   2.0271396e+01
   2.0280078e+01
   2.0288811e+01
   2.0297492e+01
   2.0306191e+01
   2.0314780e+01
   2.0324145e+01
   2.0332820e+01
   2.0341515e+01
   2.0350522e+01
   2.0365331e+01
   2.0380143e+01
   2.0395010e+01
   2.0405831e+01
   2.0416676e+01
   2.0427464e+01
   2.0438336e+01
   2.0449157e+01
   2.0460287e+01
   2.0468907e+01
   2.0477445e+01
   2.0486062e+01
   2.0494671e+01
   2.0509659e+01
   2.0524439e+01
   2.0539369e+01
   2.0550251e+01
   2.0560913e+01
   2.0571651e+01
   2.0582467e+01
   2.0593381e+01
   2.0604045e+01
   2.0612680e+01
   2.0621400e+01
   2.0630106e+01
   2.0638769e+01
   2.0647405e+01
   2.0656033e+01
   2.0664794e+01
   2.0673377e+01
   2.0681981e+01
   2.0690580e+01
   2.0699206e+01
   2.0707911e+01
   2.0718821e+01
   2.0727480e+01
   2.0738224e+01
   2.0749438e+01
   2.0760666e+01
   2.0771851e+01
   2.0782935e+01
   2.0794105e+01
   2.0805881e+01
   2.0816982e+01
   2.0827821e+01
   2.0838977e+01
   2.0850222e+01
   2.0861444e+01
   2.0872727e+01
   2.0881801e+01
   2.0890345e+01
   2.0899027e+01
   2.0907865e+01
   2.0916552e+01
   2.0925168e+01
   2.0933773e+01
   2.0942463e+01
   2.0951175e+01
   2.0959844e+01
   2.0968640e+01
   2.0977402e+01
   2.0986094e+01
   2.0996113e+01
   2.1005616e+01
   2.1014485e+01
   2.1023266e+01
   2.1031931e+01
   2.1053421e+01
   2.1067929e+01
   2.1078795e+01
   2.1089594e+01
   2.1100431e+01
   2.1111575e+01
   2.1122790e+01
   2.1134026e+01
   2.1145214e+01
   2.1154067e+01
   2.1162739e+01
   2.1173571e+01
   2.1182087e+01
   2.1192827e+01
   2.1203559e+01
   2.1214332e+01
   2.1225172e+01
   2.1236034e+01
   2.1246660e+01
   2.1257819e+01
   2.1269351e+01
   2.1280532e+01
   2.1296157e+01
   2.1307217e+01
   2.1318325e+01
   2.1338026e+01
   2.1350704e+01
   2.1361879e+01
   2.1374057e+01
   2.1386712e+01
   2.1397994e+01
   2.1409168e+01
   2.1420240e+01
   2.1431381e+01
   2.1442523e+01
   2.1451268e+01
   2.1459845e+01
   2.1468645e+01
   2.1477354e+01
   2.1486198e+01
   2.1494850e+01
   2.1503481e+01
   2.1512012e+01
   2.1520592e+01
   2.1529104e+01
   2.1540720e+01
   2.1551582e+01
   2.1562392e+01
   2.1573344e+01
   2.1584118e+01
   2.1595876e+01
   2.1606643e+01
   2.1617763e+01
   2.1629618e+01
   2.1640785e+01
   2.1651983e+01
   2.1663284e+01
   2.1674401e+01
   2.1685647e+01
   2.1696888e+01
   2.1707971e+01
   2.1719330e+01
   2.1728711e+01
   2.1737472e+01
   2.1746035e+01
   2.1754637e+01
   2.1763370e+01
   2.1771929e+01
   2.1780670e+01
   2.1789432e+01
   2.1798148e+01
   2.1806839e+01
   2.1815544e+01
   2.1824239e+01
   2.1832969e+01
   2.1841727e+01
   2.1850443e+01
   2.1859208e+01
   2.1867872e+01
   2.1876640e+01
   2.1885374e+01
   2.1894025e+01
   2.1902537e+01
   2.1911307e+01
   2.1919968e+01
   2.1928592e+01
   2.1937313e+01
   2.1946043e+01
   2.1954850e+01
   2.1963482e+01
   2.1972148e+01
   2.1981017e+01
   2.1989718e+01
   2.1998321e+01
   2.2007005e+01
   2.2015611e+01
   2.2024384e+01
   2.2033058e+01
   2.2041788e+01
   2.2050347e+01
   2.2059017e+01
   2.2067692e+01
   2.2076487e+01
   2.2085114e+01
   2.2093828e+01
   2.2102475e+01
   2.2111080e+01
   2.2119694e+01
   2.2128448e+01
   2.2138377e+01
   2.2147219e+01
   2.2155875e+01
   2.2164570e+01
   2.2173263e+01
   2.2181979e+01
   2.2190694e+01
   2.2200522e+01
   2.2209151e+01
   2.2217874e+01
   2.2226555e+01
   2.2235372e+01
   2.2244101e+01
   2.2252688e+01
   2.2261411e+01
   2.2270182e+01
   2.2278747e+01
   2.2287535e+01
   2.2296283e+01
   2.2305439e+01
   2.2314039e+01
   2.2322833e+01
   2.2332726e+01
   2.2342237e+01
   2.2351176e+01
   2.2360081e+01
   2.2369405e+01
   2.2378424e+01
   2.2387012e+01
   2.2395790e+01
   2.2404373e+01
   2.2413093e+01
   2.2421964e+01
   2.2430701e+01
   2.2439410e+01
   2.2448204e+01
   2.2456904e+01
   2.2465630e+01
   2.2474365e+01
   2.2483041e+01
   2.2491833e+01
   2.2500938e+01
   2.2510121e+01
   2.2518838e+01
   2.2527580e+01
   2.2536182e+01
   2.2544846e+01
   2.2553562e+01
   2.2562180e+01
   2.2570993e+01
   2.2579697e+01
   2.2588385e+01
   2.2596967e+01
   2.2605641e+01
   2.2614255e+01
   2.2623067e+01
   2.2631839e+01
   2.2640523e+01
   2.2649266e+01
   2.2657853e+01
   2.2666613e+01
   2.2675190e+01
   2.2683944e+01
   2.2692661e+01
   2.2701435e+01
   2.2710250e+01
   2.2719001e+01
   2.2727684e+01
   2.2736634e+01
   2.2745420e+01
   2.2754248e+01
   2.2762905e+01
   2.2771532e+01
   2.2780337e+01
   2.2788967e+01
   2.2797602e+01
   2.2806415e+01
   2.2815088e+01
   2.2823795e+01
   2.2832487e+01
   2.2841213e+01
   2.2849900e+01
   2.2858739e+01
   2.2867455e+01
   2.2876099e+01
   2.2884815e+01
   2.2893541e+01
   2.2902129e+01
   2.2910902e+01
   2.2919603e+01
   2.2928226e+01
   2.2937082e+01
   2.2945729e+01
   2.2954260e+01
   2.2962948e+01
   2.2971642e+01
   2.2980401e+01
   2.2989058e+01
   2.2997742e+01
   2.3006402e+01
   2.3015152e+01
   2.3023760e+01
   2.3032499e+01
   2.3041296e+01
   2.3049896e+01
   2.3058507e+01
   2.3067183e+01
   2.3075913e+01
   2.3084710e+01
   2.3093343e+01
   2.3101990e+01
   2.3110620e+01
   2.3119382e+01
   2.3128165e+01
   2.3136911e+01
   2.3145532e+01
   2.3154274e+01
   2.3162987e+01
   2.3171733e+01
   2.3180396e+01
   2.3188901e+01
   2.3197670e+01
   2.3206406e+01
   2.3215004e+01
   2.3223701e+01
   2.3232412e+01
   2.3241155e+01
   2.3249787e+01
   2.3258384e+01
   2.3267021e+01
   2.3275673e+01
   2.3284386e+01
   2.3293166e+01
   2.3301795e+01
   2.3310556e+01
   2.3319322e+01
   2.3328181e+01
   2.3337378e+01
   2.3346004e+01
   2.3354602e+01
   2.3363455e+01
   2.3372677e+01
   2.3381360e+01
   2.3390151e+01
   2.3398796e+01
   2.3407527e+01
   2.3416266e+01
   2.3424961e+01
   2.3433587e+01
   2.3442295e+01
   2.3451101e+01
   2.3459722e+01
   2.3468345e+01
   2.3477204e+01
   2.3485893e+01
   2.3494546e+01
   2.3503217e+01
   2.3511973e+01
   2.3520586e+01
   2.3529265e+01
   2.3537929e+01
   2.3546599e+01
   2.3555310e+01
   2.3564210e+01
   2.3573014e+01
   2.3581694e+01
   2.3590321e+01
   2.3599033e+01
   2.3607810e+01
   2.3616542e+01
   2.3625302e+01
   2.3633982e+01
   2.3642921e+01
   2.3651978e+01
   2.3660620e+01
   2.3669333e+01
   2.3677990e+01
   2.3686535e+01
   2.3695221e+01
   2.3703880e+01
   2.3712826e+01
   2.3721622e+01
   2.3730332e+01
   2.3739102e+01
   2.3748560e+01
   2.3757573e+01
   2.3766674e+01
   2.3775529e+01
   2.3784215e+01
   2.3792880e+01
   2.3801574e+01
   2.3810351e+01
   2.3819030e+01
   2.3827666e+01
   2.3836349e+01
   2.3844891e+01
   2.3853651e+01
   2.3862470e+01
   2.3871179e+01
   2.3880204e+01
   2.3888855e+01
   2.3897625e+01
   2.3906326e+01
   2.3914915e+01
   2.3923612e+01
   2.3932391e+01
   2.3940939e+01
   2.3949596e+01
   2.3958212e+01
   2.3966860e+01
   2.3975625e+01
   2.3984345e+01
   2.3993078e+01
   2.4002014e+01
   2.4010669e+01
   2.4019285e+01
   2.4027766e+01
   2.4036552e+01
   2.4045147e+01
   2.4053818e+01
   2.4062498e+01
   2.4071084e+01
   2.4079569e+01
   2.4088296e+01
   2.4097003e+01
   2.4105672e+01
   2.4114245e+01
   2.4123137e+01
   2.4131825e+01
   2.4140674e+01
   2.4149445e+01
   2.4158720e+01
   2.4167622e+01
   2.4177167e+01
   2.4186183e+01
   2.4197144e+01
   2.4206147e+01
   2.4215027e+01
   2.4223751e+01
   2.4233447e+01
   2.4242805e+01
   2.4252530e+01
   2.4261425e+01
   2.4270522e+01
   2.4279527e+01
   2.4289586e+01
   2.4299194e+01
   2.4308925e+01
   2.4318704e+01
   2.4327963e+01
   2.4338050e+01
   2.4347373e+01
   2.4356316e+01
   2.4365618e+01
   2.4375102e+01
   2.4392450e+01
   2.4421515e+01
   2.4439660e+01
   2.4451060e+01
   2.4472142e+01
   2.4483483e+01
   2.4498304e+01
   2.4513005e+01
   2.4527630e+01
   2.4542536e+01
   2.4557459e+01
   2.4572226e+01
   2.4586874e+01
   2.4601562e+01
   2.4610314e+01
   2.4621081e+01
   2.4631823e+01
   2.4640409e+01
   2.4649257e+01
   2.4658065e+01
   2.4666585e+01
   2.4675241e+01
   2.4683850e+01
   2.4692615e+01
   2.4701350e+01
   2.4710180e+01
   2.4718912e+01
   2.4727647e+01
   2.4736462e+01
   2.4745375e+01
   2.4755094e+01
   2.4764462e+01
   2.4773502e+01
   2.4782481e+01
   2.4791423e+01
   2.4800282e+01
   2.4808985e+01
   2.4817844e+01
   2.4826501e+01
   2.4835241e+01
   2.4843944e+01
   2.4852761e+01
   2.4861438e+01
   2.4870192e+01
   2.4878806e+01
   2.4887433e+01
   2.4896139e+01
   2.4904665e+01
   2.4913410e+01
   2.4922159e+01
   2.4930758e+01
   2.4939340e+01
   2.4948128e+01
   2.4956839e+01
   2.4965596e+01
   2.4974545e+01
   2.4983300e+01
   2.4991970e+01
   2.5000455e+01
   2.5009130e+01
   2.5017790e+01
   2.5026404e+01
   2.5035095e+01
   2.5043786e+01
   2.5052567e+01
   2.5061259e+01
   2.5070050e+01
   2.5078665e+01
   2.5087288e+01
   2.5095948e+01
   2.5117024e+01
   2.5129024e+01
   2.5143418e+01
   2.5154651e+01
   2.5166622e+01
   2.5177841e+01
   2.5189043e+01
   2.5200196e+01
   2.5208924e+01
   2.5217731e+01
   2.5226463e+01
   2.5235007e+01
   2.5243587e+01
   2.5252243e+01
   2.5260785e+01
   2.5269459e+01
   2.5278174e+01
   2.5286930e+01
   2.5295552e+01
   2.5304228e+01
   2.5312846e+01
   2.5321877e+01
   2.5330519e+01
   2.5339129e+01
   2.5347869e+01
   2.5356665e+01
   2.5365299e+01
   2.5374074e+01
   2.5382737e+01
   2.5391398e+01
   2.5400051e+01
   2.5408653e+01
   2.5417263e+01
   2.5425952e+01
   2.5434583e+01
   2.5443310e+01
   2.5452234e+01
   2.5460846e+01
   2.5469594e+01
   2.5478300e+01
   2.5487006e+01
   2.5495753e+01
   2.5504493e+01
   2.5513484e+01
   2.5522280e+01
   2.5530911e+01
   2.5539731e+01
   2.5548545e+01
   2.5557310e+01
   2.5566010e+01
   2.5574780e+01
   2.5583596e+01
   2.5592271e+01
   2.5600954e+01
   2.5609512e+01
   2.5619014e+01
   2.5627811e+01
   2.5636459e+01
   2.5645272e+01
   2.5653932e+01
   2.5662407e+01
   2.5671020e+01
   2.5679552e+01
   2.5688348e+01
   2.5696973e+01
   2.5705789e+01
   2.5715813e+01
   2.5724820e+01
   2.5733773e+01
   2.5742873e+01
   2.5751661e+01
   2.5760432e+01
   2.5769101e+01
   2.5777725e+01
   2.5786317e+01
   2.5794900e+01
   2.5803494e+01
   2.5812115e+01
   2.5821382e+01
   2.5830194e+01
   2.5838962e+01
   2.5847639e+01
   2.5856325e+01
   2.5865134e+01
   2.5873850e+01
   2.5882526e+01
   2.5891127e+01
   2.5899946e+01
   2.5914832e+01
   2.5925716e+01
   2.5936469e+01
   2.5947956e+01
   2.5958812e+01
   2.5969554e+01
   2.5980402e+01
   2.5988947e+01
   2.5997874e+01
   2.6006610e+01
   2.6015279e+01
   2.6023873e+01
   2.6032457e+01
   2.6041052e+01
   2.6049647e+01
   2.6058376e+01
   2.6067017e+01
   2.6075727e+01
   2.6084974e+01
   2.6093628e+01
   2.6102373e+01
   2.6111184e+01
   2.6119848e+01
   2.6135147e+01
   2.6149965e+01
   2.6164711e+01
   2.6175643e+01
   2.6186593e+01
   2.6197372e+01
   2.6208262e+01
   2.6219162e+01
   2.6227863e+01
   2.6236624e+01
   2.6245760e+01
   2.6254464e+01
   2.6263105e+01
   2.6271902e+01
   2.6283412e+01
   2.6292048e+01
   2.6302883e+01
   2.6313791e+01
   2.6324570e+01
   2.6335440e+01
   2.6346448e+01
   2.6355682e+01
   2.6364445e+01
   2.6373085e+01
   2.6381779e+01
   2.6390382e+01
   2.6399070e+01
   2.6407708e+01
   2.6416279e+01
   2.6424867e+01
   2.6433506e+01
   2.6442666e+01
   2.6451356e+01
   2.6460055e+01
   2.6468587e+01
   2.6477952e+01
   2.6486561e+01
   2.6495706e+01
   2.6504466e+01
   2.6513077e+01
   2.6521632e+01
   2.6530260e+01
   2.6539015e+01
   2.6547715e+01
   2.6556222e+01
   2.6564840e+01
   2.6573473e+01
   2.6582207e+01
   2.6590746e+01
   2.6605735e+01
   2.6620418e+01
   2.6635167e+01
   2.6643768e+01
   2.6654438e+01
   2.6665198e+01
   2.6679960e+01
   2.6690661e+01
   2.6705494e+01
   2.6722011e+01
   2.6733102e+01
   2.6744154e+01
   2.6755406e+01
   2.6766631e+01
   2.6777851e+01
   2.6789034e+01
   2.6798157e+01
   2.6806768e+01
   2.6815386e+01
   2.6824061e+01
   2.6832591e+01
   2.6841173e+01
   2.6849913e+01
   2.6858518e+01
   2.6867099e+01
   2.6875826e+01
   2.6885343e+01
   2.6894643e+01
   2.6903374e+01
   2.6912164e+01
   2.6920831e+01
   2.6929501e+01
   2.6938280e+01
   2.6946920e+01
   2.6955602e+01
   2.6964238e+01
   2.6972864e+01
   2.6981409e+01
   2.6990251e+01
   2.6998954e+01
   2.7007560e+01
   2.7016430e+01
   2.7025010e+01
   2.7033858e+01
   2.7042748e+01
   2.7051545e+01
   2.7060288e+01
   2.7068857e+01
   2.7077412e+01
   2.7086875e+01
   2.7095756e+01
   2.7104591e+01
   2.7113567e+01
   2.7122536e+01
   2.7131107e+01
   2.7139648e+01
   2.7148216e+01
   2.7156956e+01
   2.7165785e+01
   2.7174328e+01
   2.7182944e+01
   2.7191530e+01
   2.7201099e+01
   2.7209702e+01
   2.7218349e+01
   2.7226970e+01
   2.7235864e+01
   2.7244581e+01
   2.7253241e+01
   2.7261881e+01
   2.7270616e+01
   2.7279219e+01
   2.7287984e+01
   2.7296532e+01
   2.7305356e+01
   2.7314088e+01
   2.7322754e+01
   2.7331437e+01
   2.7340073e+01
   2.7348675e+01
   2.7357278e+01
   2.7365981e+01
   2.7374729e+01
   2.7383414e+01
   2.7392079e+01
   2.7400751e+01
   2.7409327e+01
   2.7417998e+01
   2.7426713e+01
   2.7435273e+01
   2.7443889e+01
   2.7452540e+01
   2.7461261e+01
   2.7470136e+01
   2.7478840e+01
   2.7487449e+01
   2.7496173e+01
   2.7504847e+01
   2.7513447e+01
   2.7522221e+01
   2.7530844e+01
   2.7539514e+01
   2.7548345e+01
   2.7556924e+01
   2.7565680e+01
   2.7574481e+01
   2.7583258e+01
   2.7591895e+01
   2.7600560e+01
   2.7609342e+01
   2.7618249e+01
   2.7627035e+01
   2.7635662e+01
   2.7644420e+01
   2.7653215e+01
   2.7661815e+01
   2.7670469e+01
   2.7679194e+01
   2.7687990e+01
   2.7696644e+01
   2.7705282e+01
   2.7714034e+01
   2.7722799e+01
   2.7731522e+01
   2.7740268e+01
   2.7748970e+01
   2.7757609e+01
   2.7766440e+01
   2.7775091e+01
   2.7783870e+01
   2.7792689e+01
   2.7801476e+01
   2.7810173e+01
   2.7818828e+01
   2.7827426e+01
   2.7836139e+01
   2.7844849e+01
   2.7853518e+01
   2.7862185e+01
   2.7870745e+01
   2.7879583e+01
   2.7888373e+01
   2.7897169e+01
   2.7905819e+01
   2.7914360e+01
   2.7923033e+01
   2.7931623e+01
   2.7940205e+01
   2.7948857e+01
   2.7957610e+01
   2.7966346e+01
   2.7975018e+01
   2.7988811e+01
   2.7997500e+01
   2.8006110e+01
   2.8015049e+01
   2.8023755e+01
   2.8032524e+01
   2.8041287e+01
   2.8049863e+01
   2.8058578e+01
   2.8067369e+01
   2.8077550e+01
   2.8087125e+01
   2.8096361e+01
   2.8105347e+01
   2.8114155e+01
   2.8122776e+01
   2.8131498e+01
   2.8140273e+01
   2.8149081e+01
   2.8157854e+01
   2.8166510e+01
   2.8175183e+01
   2.8183867e+01
   2.8192645e+01
   2.8201422e+01
   2.8210051e+01
   2.8218903e+01
   2.8227694e+01
   2.8236378e+01
   2.8245060e+01
   2.8253816e+01
   2.8262525e+01
   2.8271085e+01
   2.8279812e+01
   2.8288402e+01
   2.8297104e+01
   2.8305863e+01
   2.8314515e+01
   2.8323284e+01
   2.8331972e+01
   2.8340698e+01
   2.8349380e+01
   2.8357947e+01
   2.8366659e+01
   2.8375595e+01
   2.8384386e+01
   2.8393123e+01
   2.8401835e+01
   2.8410471e+01
   2.8419104e+01
   2.8427734e+01
   2.8436470e+01
   2.8445205e+01
   2.8453787e+01
   2.8462581e+01
   2.8471189e+01
   2.8479978e+01
   2.8488611e+01
   2.8497190e+01
   2.8505979e+01
   2.8514728e+01
   2.8523336e+01
   2.8532001e+01
   2.8540626e+01
   2.8549457e+01
   2.8558169e+01
   2.8566911e+01
   2.8575479e+01
   2.8584039e+01
   2.8592675e+01
   2.8601396e+01
   2.8610129e+01
   2.8618761e+01
   2.8627290e+01
   2.8635973e+01
   2.8644710e+01
   2.8653387e+01
   2.8662007e+01
   2.8670728e+01
   2.8679426e+01
   2.8688090e+01
   2.8696968e+01
   2.8705929e+01
   2.8714865e+01
   2.8723896e+01
   2.8732588e+01
   2.8741264e+01
   2.8750005e+01
   2.8758706e+01
   2.8767380e+01
   2.8776716e+01
   2.8787524e+01
   2.8799197e+01
   2.8810104e+01
   2.8820919e+01
   2.8832875e+01
   2.8847806e+01
   2.8856470e+01
   2.8867466e+01
   2.8878455e+01
   2.8887115e+01
   2.8895815e+01
   2.8904456e+01
   2.8913010e+01
   2.8921746e+01
   2.8930524e+01
   2.8939289e+01
   2.8948048e+01
   2.8956896e+01
   2.8965501e+01
   2.8974161e+01
   2.8982767e+01
   2.8991674e+01
   2.9000390e+01
   2.9009140e+01
   2.9017969e+01
   2.9026753e+01
   2.9035497e+01
   2.9044834e+01
   2.9053556e+01
   2.9062230e+01
   2.9070883e+01
   2.9079455e+01
   2.9088299e+01
   2.9096884e+01
   2.9105560e+01
   2.9114196e+01
   2.9122975e+01
   2.9131723e+01
   2.9140605e+01
   2.9149299e+01
   2.9157877e+01
   2.9166904e+01
   2.9175720e+01
   2.9184441e+01
   2.9193236e+01
   2.9202033e+01
   2.9210705e+01
   2.9219434e+01
   2.9228218e+01
   2.9236842e+01
   2.9245622e+01
   2.9254406e+01
   2.9263069e+01
   2.9271795e+01
   2.9280523e+01
   2.9289143e+01
   2.9299274e+01
   2.9308285e+01
   2.9317056e+01
   2.9325720e+01
   2.9334326e+01
   2.9342974e+01
   2.9351725e+01
   2.9360514e+01
   2.9369236e+01
   2.9377834e+01
   2.9386599e+01
   2.9395277e+01
   2.9403922e+01
   2.9412553e+01
   2.9421364e+01
   2.9430167e+01
   2.9438798e+01
   2.9447506e+01
   2.9456340e+01
   2.9464947e+01
   2.9473716e+01
   2.9482430e+01
   2.9491180e+01
   2.9499908e+01
   2.9508671e+01
   2.9517399e+01
   2.9525987e+01
   2.9534719e+01
   2.9543449e+01
   2.9552141e+01
   2.9560864e+01
   2.9569463e+01
   2.9578163e+01
   2.9586817e+01
   2.9595553e+01
   2.9604258e+01
   2.9613052e+01
   2.9621816e+01
   2.9630354e+01
   2.9639182e+01
   2.9647962e+01
   2.9656797e+01
   2.9665635e+01
   2.9674357e+01
   2.9683043e+01
   2.9691765e+01
   2.9700457e+01
   2.9709154e+01
   2.9718011e+01
   2.9726751e+01
   2.9735555e+01
   2.9744225e+01
   2.9753031e+01
   2.9761729e+01
   2.9770456e+01
   2.9779188e+01
   2.9787896e+01
   2.9796783e+01
   2.9805438e+01
   2.9814221e+01
   2.9822908e+01
   2.9831591e+01
   2.9840468e+01
   2.9849457e+01
   2.9858326e+01
   2.9867196e+01
   2.9876066e+01
   2.9885044e+01
   2.9893829e+01
   2.9902602e+01
   2.9911393e+01
   2.9920072e+01
   2.9928899e+01
   2.9937737e+01
   2.9946410e+01
   2.9955149e+01
   2.9963850e+01
   2.9972524e+01
   2.9981367e+01
   2.9990037e+01
   2.9998762e+01
   3.0007587e+01
   3.0016416e+01
   3.0025196e+01
   3.0034021e+01
   3.0042640e+01
   3.0051394e+01
   3.0060086e+01
   3.0068891e+01
   3.0077733e+01
   3.0086367e+01
   3.0095233e+01
   3.0104032e+01
   3.0112901e+01
   3.0121777e+01
   3.0130658e+01
   3.0139435e+01
   3.0148126e+01
   3.0156917e+01
   3.0165699e+01
   3.0174659e+01
   3.0183331e+01
   3.0192246e+01
   3.0201159e+01
   3.0210107e+01
   3.0218752e+01
   3.0227589e+01
   3.0237117e+01
   3.0245891e+01
   3.0254641e+01
   3.0263436e+01
   3.0272120e+01
   3.0280885e+01
   3.0289628e+01
   3.0298553e+01
   3.0307307e+01
   3.0316044e+01
   3.0325033e+01
   3.0333997e+01
   3.0342968e+01
   3.0351870e+01
   3.0360574e+01
   3.0369424e+01
   3.0378342e+01
   3.0387054e+01
   3.0397382e+01
   3.0407437e+01
   3.0417310e+01
   3.0427016e+01
   3.0436611e+01
   3.0446233e+01
   3.0455214e+01
   3.0463921e+01
   3.0472636e+01
   3.0481438e+01
   3.0490202e+01
   3.0498973e+01
   3.0507767e+01
   3.0516621e+01
   3.0525643e+01
   3.0534383e+01
   3.0543178e+01
   3.0551931e+01
   3.0560718e+01
   3.0569486e+01
   3.0578163e+01
   3.0586988e+01
   3.0595711e+01
   3.0604344e+01
   3.0612988e+01
   3.0621703e+01
   3.0630418e+01
   3.0639180e+01
   3.0650360e+01
   3.0661827e+01
   3.0672939e+01
   3.0683998e+01
   3.0695017e+01
   3.0706051e+01
   3.0717108e+01
   3.0725910e+01
   3.0734848e+01
   3.0743658e+01
   3.0752389e+01
   3.0761204e+01
   3.0769978e+01
   3.0778811e+01
   3.0787522e+01
   3.0796174e+01
   3.0805124e+01
   3.0813882e+01
   3.0822666e+01
   3.0831377e+01
   3.0840065e+01
   3.0848810e+01
   3.0857489e+01
   3.0866237e+01
   3.0875260e+01
   3.0883957e+01
   3.0892625e+01
   3.0901382e+01
   3.0910107e+01
   3.0918934e+01
   3.0927683e+01
   3.0936366e+01
   3.0945107e+01
   3.0953870e+01
   3.0962619e+01
   3.0971368e+01
   3.0980194e+01
   3.0989003e+01
   3.0997692e+01
   3.1006494e+01
   3.1015262e+01
   3.1023924e+01
   3.1032811e+01
   3.1041559e+01
   3.1050258e+01
   3.1059009e+01
   3.1067627e+01
   3.1076573e+01
   3.1085332e+01
   3.1093995e+01
   3.1102610e+01
   3.1111502e+01
   3.1120057e+01
   3.1128791e+01
   3.1137745e+01
   3.1146474e+01
   3.1155084e+01
   3.1163802e+01
   3.1172420e+01
   3.1181036e+01
   3.1189802e+01
   3.1198431e+01
   3.1207021e+01
   3.1215830e+01
   3.1224546e+01
   3.1233187e+01
   3.1241834e+01
   3.1250554e+01
   3.1259360e+01
   3.1268038e+01
   3.1276882e+01
   3.1285636e+01
   3.1294275e+01
   3.1302974e+01
   3.1311737e+01
   3.1320522e+01
   3.1329328e+01
   3.1338119e+01
   3.1346783e+01
   3.1355635e+01
   3.1364337e+01
   3.1372910e+01
   3.1381615e+01
   3.1390376e+01
   3.1399099e+01
   3.1407794e+01
   3.1416403e+01
   3.1425023e+01
   3.1433726e+01
   3.1442359e+01
   3.1451192e+01
   3.1460087e+01
   3.1468752e+01
   3.1477512e+01
   3.1486286e+01
   3.1494854e+01
   3.1503527e+01
   3.1512192e+01
   3.1520726e+01
   3.1529396e+01
   3.1538071e+01
   3.1547563e+01
   3.1556966e+01
   3.1566243e+01
   3.1574961e+01
   3.1583551e+01
   3.1592182e+01
   3.1600584e+01
   3.1609333e+01
   3.1618067e+01
   3.1626916e+01
   3.1635451e+01
   3.1644105e+01
   3.1652934e+01
   3.1661632e+01
   3.1670219e+01
   3.1678944e+01
   3.1687642e+01
   3.1696318e+01
   3.1705020e+01
   3.1713832e+01
   3.1722601e+01
   3.1731362e+01
   3.1740092e+01
   3.1748904e+01
   3.1758657e+01
   3.1767999e+01
   3.1776827e+01
   3.1785371e+01
   3.1794026e+01
   3.1802696e+01
   3.1811316e+01
   3.1819936e+01
   3.1828627e+01
   3.1837386e+01
   3.1846159e+01
   3.1854780e+01
   3.1863566e+01
   3.1872066e+01
   3.1880782e+01
   3.1890954e+01
   3.1899688e+01
   3.1908410e+01
   3.1921886e+01
   3.1936825e+01
   3.1951752e+01
   3.1966481e+01
   3.1975172e+01
   3.1984616e+01
   3.1995778e+01
   3.2006986e+01
   3.2018238e+01
   3.2029517e+01
   3.2038204e+01
   3.2047021e+01
   3.2055683e+01
   3.2064568e+01
   3.2073188e+01
   3.2081973e+01
   3.2090708e+01
   3.2099423e+01
   3.2108072e+01
   3.2116736e+01
   3.2125469e+01
   3.2134114e+01
   3.2142765e+01
   3.2151501e+01
   3.2160088e+01
   3.2168847e+01
   3.2177491e+01
   3.2186130e+01
   3.2194947e+01
   3.2203618e+01
   3.2212445e+01
   3.2221065e+01
   3.2229695e+01
   3.2238401e+01
   3.2247084e+01
   3.2255868e+01
   3.2264491e+01
   3.2273152e+01
   3.2281918e+01
   3.2290637e+01
   3.2299319e+01
   3.2308104e+01
   3.2316761e+01
   3.2325442e+01
   3.2334254e+01
   3.2342993e+01
   3.2351839e+01
   3.2360595e+01
   3.2369276e+01
   3.2378101e+01
   3.2386587e+01
   3.2395299e+01
   3.2404006e+01
   3.2412770e+01
   3.2421436e+01
   3.2430015e+01
   3.2438715e+01
   3.2447280e+01
   3.2459153e+01
   3.2473936e+01
   3.2489432e+01
   3.2504673e+01
   3.2515558e+01
   3.2526348e+01
   3.2537312e+01
   3.2548151e+01
   3.2559011e+01
   3.2569836e+01
   3.2578617e+01
   3.2594067e+01
   3.2606286e+01
   3.2617530e+01
   3.2628745e+01
   3.2640011e+01
   3.2651222e+01
   3.2660031e+01
   3.2668898e+01
   3.2677612e+01
   3.2686371e+01
   3.2695049e+01
   3.2703970e+01
   3.2713026e+01
   3.2721647e+01
   3.2730380e+01
   3.2739025e+01
   3.2747800e+01
   3.2756561e+01
   3.2765214e+01
   3.2774035e+01
   3.2782732e+01
   3.2791509e+01
   3.2801548e+01
   3.2810899e+01
   3.2820274e+01
   3.2829020e+01
   3.2837805e+01
   3.2846574e+01
   3.2855370e+01
   3.2864170e+01
   3.2873380e+01
   3.2882088e+01
   3.2890752e+01
   3.2899385e+01
   3.2908019e+01
   3.2916678e+01
   3.2925404e+01
   3.2934195e+01
   3.2942902e+01
   3.2951653e+01
   3.2960401e+01
   3.2969165e+01
   3.2977845e+01
   3.2986533e+01
   3.2995068e+01
   3.3003795e+01
   3.3012550e+01
   3.3021500e+01
   3.3030124e+01
   3.3038889e+01
   3.3047495e+01
   3.3056204e+01
   3.3064944e+01
   3.3073818e+01
   3.3082659e+01
   3.3091420e+01
   3.3100014e+01
   3.3108687e+01
   3.3117293e+01
   3.3126037e+01
   3.3134865e+01
   3.3143584e+01
   3.3152245e+01
   3.3160836e+01
   3.3169685e+01
   3.3178334e+01
   3.3187077e+01
   3.3195783e+01
   3.3204529e+01
   3.3213137e+01
   3.3221793e+01
   3.3230540e+01
   3.3239507e+01
   3.3248234e+01
   3.3256938e+01
   3.3265745e+01
   3.3274442e+01
   3.3283201e+01
   3.3291898e+01
   3.3300476e+01
   3.3309214e+01
   3.3317898e+01
   3.3326672e+01
   3.3335413e+01
   3.3344192e+01
   3.3353026e+01
   3.3361713e+01
   3.3370362e+01
   3.3379036e+01
   3.3387917e+01
   3.3396797e+01
   3.3405556e+01
   3.3414095e+01
   3.3422657e+01
   3.3431451e+01
   3.3440214e+01
   3.3448831e+01
   3.3457608e+01
   3.3466329e+01
   3.3475101e+01
   3.3483927e+01
   3.3492599e+01
   3.3501412e+01
   3.3510108e+01
   3.3518821e+01
   3.3527494e+01
   3.3536257e+01
   3.3545236e+01
   3.3554053e+01
   3.3562854e+01
   3.3571512e+01
   3.3580325e+01
   3.3589078e+01
   3.3597836e+01
   3.3606729e+01
   3.3615530e+01
   3.3624380e+01
   3.3633157e+01
   3.3641847e+01
   3.3650615e+01
   3.3659364e+01
   3.3668278e+01
   3.3676992e+01
   3.3685759e+01
   3.3694396e+01
   3.3703126e+01
   3.3711889e+01
   3.3720730e+01
   3.3729637e+01
   3.3738403e+01
   3.3747148e+01
   3.3755879e+01
   3.3764688e+01
   3.3773420e+01
   3.3782273e+01
   3.3791114e+01
   3.3799818e+01
   3.3808637e+01
   3.3817352e+01
   3.3826180e+01
   3.3835036e+01
   3.3843664e+01
   3.3852325e+01
   3.3861049e+01
   3.3869889e+01
   3.3878644e+01
   3.3887419e+01
   3.3896184e+01
   3.3904971e+01
   3.3913765e+01
   3.3923559e+01
   3.3932886e+01
   3.3942718e+01
   3.3951738e+01
   3.3960673e+01
   3.3972435e+01
   3.3987236e+01
   3.3998930e+01
   3.4009704e+01
   3.4020685e+01
   3.4031546e+01
   3.4042458e+01
   3.4053352e+01
   3.4064279e+01
   3.4072941e+01
   3.4081676e+01
   3.4090426e+01
   3.4099040e+01
   3.4107631e+01
   3.4116411e+01
   3.4125090e+01
   3.4133832e+01
   3.4142566e+01
   3.4151487e+01
   3.4160262e+01
   3.4168941e+01
   3.4179870e+01
   3.4188549e+01
   3.4197545e+01
   3.4206448e+01
   3.4215195e+01
   3.4223944e+01
   3.4232617e+01
   3.4241353e+01
   3.4250046e+01
   3.4258728e+01
   3.4267427e+01
   3.4276119e+01
   3.4284959e+01
   3.4293700e+01
   3.4302432e+01
   3.4311197e+01
   3.4319868e+01
   3.4328496e+01
   3.4337299e+01
   3.4346024e+01
   3.4354858e+01
   3.4363520e+01
   3.4372269e+01
   3.4381067e+01
   3.4389841e+01
   3.4398535e+01
   3.4407209e+01
   3.4415989e+01
   3.4424818e+01
   3.4433479e+01
   3.4442227e+01
   3.4450935e+01
   3.4459737e+01
   3.4468554e+01
   3.4477380e+01
   3.4486053e+01
   3.4494913e+01
   3.4503677e+01
   3.4512487e+01
   3.4521211e+01
   3.4529877e+01
   3.4538639e+01
   3.4547475e+01
   3.4556255e+01
   3.4564983e+01
   3.4573728e+01
   3.4582513e+01
   3.4591344e+01
   3.4600100e+01
   3.4608789e+01
   3.4617645e+01
   3.4626359e+01
   3.4634940e+01
   3.4643683e+01
   3.4652376e+01
   3.4661407e+01
   3.4670119e+01
   3.4678901e+01
   3.4687710e+01
   3.4696654e+01
   3.4705325e+01
   3.4714064e+01
   3.4722788e+01
   3.4731566e+01
   3.4742464e+01
   3.4751073e+01
   3.4761887e+01
   3.4772766e+01
   3.4783607e+01
   3.4794336e+01
   3.4805123e+01
   3.4815957e+01
   3.4824639e+01
   3.4833291e+01
   3.4842048e+01
   3.4856878e+01
   3.4872238e+01
   3.4887668e+01
   3.4903068e+01
   3.4918463e+01
   3.4930196e+01
   3.4942234e+01
   3.4954111e+01
   3.4966024e+01
   3.4977832e+01
   3.4989635e+01
   3.5001797e+01
   3.5012563e+01
   3.5023396e+01
   3.5034327e+01
   3.5045186e+01
   3.5056065e+01
   3.5064774e+01
   3.5074073e+01
   3.5083040e+01
   3.5092149e+01
   3.5100973e+01
   3.5110065e+01
   3.5118765e+01
   3.5127515e+01
   3.5136204e+01
   3.5144780e+01
   3.5153422e+01
   3.5162232e+01
   3.5170977e+01
   3.5179627e+01
   3.5189362e+01
   3.5198347e+01
   3.5207037e+01
   3.5215815e+01
   3.5224628e+01
   3.5233329e+01
   3.5242126e+01
   3.5250854e+01
   3.5259576e+01
   3.5268284e+01
   3.5276910e+01
   3.5285700e+01
   3.5294590e+01
   3.5303452e+01
   3.5312211e+01
   3.5320813e+01
   3.5329694e+01
   3.5338415e+01
   3.5347204e+01
   3.5355899e+01
   3.5366127e+01
   3.5374849e+01
   3.5383597e+01
   3.5392342e+01
   3.5401077e+01
   3.5409926e+01
   3.5418632e+01
   3.5427507e+01
   3.5436368e+01
   3.5445112e+01
   3.5453890e+01
   3.5462598e+01
   3.5471282e+01
   3.5480129e+01
   3.5488841e+01
   3.5497616e+01
   3.5506441e+01
   3.5515238e+01
   3.5523987e+01
   3.5532769e+01
   3.5541595e+01
   3.5550434e+01
   3.5559170e+01
   3.5567896e+01
   3.5576597e+01
   3.5585202e+01
   3.5594130e+01
   3.5602999e+01
   3.5611831e+01
   3.5620581e+01
   3.5629234e+01
   3.5638130e+01
   3.5646899e+01
   3.5655578e+01
   3.5664423e+01
   3.5673241e+01
   3.5681985e+01
   3.5690787e+01
   3.5699584e+01
   3.5708454e+01
   3.5717272e+01
   3.5726028e+01
   3.5734890e+01
   3.5743669e+01
   3.5752431e+01
   3.5761093e+01
   3.5769819e+01
   3.5778667e+01
   3.5787351e+01
   3.5796104e+01
   3.5804982e+01
   3.5813811e+01
   3.5822564e+01
   3.5831379e+01
   3.5840341e+01
   3.5849150e+01
   3.5857856e+01
   3.5866605e+01
   3.5875539e+01
   3.5884301e+01
   3.5893368e+01
   3.5902054e+01
   3.5910802e+01
   3.5919570e+01
   3.5928425e+01
   3.5937179e+01
   3.5946168e+01
   3.5954992e+01
   3.5963741e+01
   3.5972527e+01
   3.5981213e+01
   3.5989869e+01
   3.5998647e+01
   3.6007299e+01
