   6.5711686e+01
   1.4400789e+02
   1.5393964e+02
   3.3278000e+02
   3.5116039e+02
   3.6665605e+02
   6.9794550e+02
   7.1908710e+02
   7.8723963e+02
   8.1574430e+02
   8.9087463e+02
   9.1713024e+02
   9.2977745e+02
   9.3533597e+02
   9.4941588e+02
   9.6415789e+02
   9.8232971e+02
   1.0453590e+03
   1.1767716e+03
   1.1865242e+03
   1.5190704e+03
   1.5393092e+03
   1.5634280e+03
   1.6541488e+03
   1.6575755e+03
   1.6674177e+03
   1.7007249e+03
   1.7037605e+03
   1.7564633e+03
   1.8184170e+03
   1.8231469e+03
   1.8512521e+03
   1.9382237e+03
   1.9763747e+03
   1.9938829e+03
   2.1530923e+03
   2.2886685e+03
   2.3118447e+03
   2.4505783e+03
   2.5278178e+03
   2.6396006e+03
   2.8823239e+03
   2.9335510e+03
   3.0081656e+03
   3.1709789e+03
   3.1947695e+03
   3.2649658e+03
   3.4465767e+03
   3.4924145e+03
   3.5111389e+03
   4.2352001e+03
   4.2819926e+03
   4.2981073e+03
   4.3198147e+03
   4.3415950e+03
   4.3512557e+03
   4.3648349e+03
   4.3799536e+03
   4.4983903e+03
   4.8970754e+03
   4.9621142e+03
   4.9979882e+03
   5.0221773e+03
   5.0352255e+03
   5.0757468e+03
   5.1318765e+03
   5.1378203e+03
   5.1531502e+03
   5.1988727e+03
   5.2211043e+03
   5.2377138e+03
   5.2600189e+03
   5.2961272e+03
   5.3024853e+03
   5.3417159e+03
   6.0807984e+03
   6.0933769e+03
   6.1244400e+03
   6.2664232e+03
   6.2867364e+03
   6.3343310e+03
   6.4060216e+03
   6.4221249e+03
   6.4313784e+03
   6.5242487e+03
   6.5929472e+03
   6.6138406e+03
   6.7112461e+03
   6.8429261e+03
   7.1959915e+03
   7.2262688e+03
   7.3140906e+03
   7.3440785e+03
   7.3596776e+03
   7.3911770e+03
   7.4766579e+03
   7.5312552e+03
   7.9887135e+03
   8.0148034e+03
   8.0278688e+03
   8.4325600e+03
   8.4435152e+03
   8.7852611e+03
   8.7969800e+03
   8.9588603e+03
   9.1356770e+03
   9.7701992e+03
   9.8934330e+03
   9.9768333e+03
   9.9859648e+03
   1.0012820e+04
   1.0026531e+04
   1.0250528e+04
   1.0267804e+04
   1.0270829e+04
   1.0430468e+04
   1.0620153e+04
   1.0637333e+04
   1.0650662e+04
   1.0663114e+04
   1.0674980e+04
   1.0704772e+04
   1.0728555e+04
   1.0747531e+04
   1.0845775e+04
   1.0862178e+04
   1.0865381e+04
   1.1658026e+04
   1.1773364e+04
   1.1844775e+04
   1.1890598e+04
   1.1971915e+04
   1.1989530e+04
   1.2023175e+04
   1.2057066e+04
   1.2078275e+04
   1.2161921e+04
   1.2210160e+04
   1.3032060e+04
   1.3042567e+04
   1.3058454e+04
   1.3102515e+04
   1.3459227e+04
   1.3479404e+04
   1.4839077e+04
   1.4908351e+04
   1.4935045e+04
   1.4994944e+04
   1.5044710e+04
   1.5058845e+04
   1.5072586e+04
   1.5079973e+04
   1.5095420e+04
   1.5141382e+04
   1.5398993e+04
   1.5414405e+04
   1.5430546e+04
   1.5500447e+04
   1.5576253e+04
   1.5600157e+04
   1.6367391e+04
   1.6481638e+04
   1.6574997e+04
   1.6638984e+04
   1.6774635e+04
   1.6792427e+04
   1.6975233e+04
   1.7006881e+04
   1.7016067e+04
   1.7054362e+04
   1.7075450e+04
   1.7391166e+04
   1.7549440e+04
   1.7575503e+04
   1.7600728e+04
   1.7654949e+04
   1.8542430e+04
   1.8569149e+04
   1.8643001e+04
   1.8676608e+04
   1.8699325e+04
   1.8856589e+04
   1.8900790e+04
   1.8928607e+04
   1.8938992e+04
   1.8947588e+04
   1.9340206e+04
   1.9617443e+04
   1.9623487e+04
   1.9642697e+04
   1.9666253e+04
   1.9682753e+04
   1.9741760e+04
   1.9773442e+04
   1.9793872e+04
   1.9825976e+04
   1.9858314e+04
   1.9885500e+04
   1.9915782e+04
   1.9979380e+04
   1.9999592e+04
   2.0019640e+04
   2.0032055e+04
   2.0065583e+04
   2.1615692e+04
   2.1696665e+04
   2.1708281e+04
   2.1716672e+04
   2.2142995e+04
   2.2152673e+04
   2.2169783e+04
   2.2221294e+04
   2.2252617e+04
   2.2897228e+04
   2.2925764e+04
   2.2934703e+04
   2.3000100e+04
   2.3037036e+04
   2.3445298e+04
   2.3456379e+04
   2.3697933e+04
   2.3774318e+04
   2.3780973e+04
   2.3806324e+04
   2.3814301e+04
   2.4107066e+04
   2.4505747e+04
   2.4597528e+04
   2.4609200e+04
   2.4626419e+04
   2.4775398e+04
   2.4818095e+04
   2.4839507e+04
   2.4847032e+04
   2.4931575e+04
   2.4999902e+04
   2.5015907e+04
   2.5028045e+04
   2.5037792e+04
   2.5063568e+04
   2.5098762e+04
   2.5102408e+04
   2.5149414e+04
   2.5239956e+04
   2.5274648e+04
   2.5293873e+04
   2.5299304e+04
   2.5311226e+04
   2.5394489e+04
   2.5412186e+04
   2.5470609e+04
   2.5817155e+04
   2.5866076e+04
   2.5889555e+04
   2.5906232e+04
   2.5940030e+04
   2.6082645e+04
   2.6092388e+04
   2.6109815e+04
   2.6122171e+04
   2.6148402e+04
   2.6239034e+04
   2.6325346e+04
   2.6335696e+04
   2.6349224e+04
   2.6429540e+04
   2.6456043e+04
   2.6498652e+04
   2.6512772e+04
   2.6630791e+04
   2.6707449e+04
   2.6720212e+04
   2.6736504e+04
   2.6746062e+04
   2.6773315e+04
   2.7161182e+04
   2.7220417e+04
   2.7226934e+04
   2.7234029e+04
   2.7239331e+04
   2.7418111e+04
   2.7546236e+04
   2.7910799e+04
   2.7993586e+04
   2.8017136e+04
   2.8054245e+04
   2.8083797e+04
   2.8095957e+04
   2.8182183e+04
   2.8209599e+04
   2.8231612e+04
   2.8276094e+04
   2.8315344e+04
   2.8325715e+04
   2.8406261e+04
   2.8420036e+04
   2.8465463e+04
   2.8501543e+04
   2.8525331e+04
   2.8534999e+04
   2.8552933e+04
   2.8737277e+04
   2.8813608e+04
   2.8912891e+04
   2.8981160e+04
   2.9040565e+04
   2.9052756e+04
   2.9121042e+04
   2.9690929e+04
   2.9702677e+04
   2.9723311e+04
   2.9732803e+04
   2.9762952e+04
   2.9842047e+04
   2.9882846e+04
   2.9893477e+04
   2.9922354e+04
   3.0136829e+04
   3.0166799e+04
   3.0198594e+04
   3.2271871e+04
   3.2419303e+04
   3.2529069e+04
   3.2593245e+04
   3.2604715e+04
   3.3254218e+04
   3.3496868e+04
   3.3506068e+04
   3.4317281e+04
   3.4939067e+04
   3.4956819e+04
   3.4977718e+04
   3.5030839e+04
   3.5069835e+04
   3.5114217e+04
   3.5146344e+04
   3.5224363e+04
   3.5913636e+04
   3.5932537e+04
   3.5943446e+04
   3.6983747e+04
   3.7183929e+04
   3.7208362e+04
   3.7389574e+04
   3.7445675e+04
   3.7450642e+04
   3.7828667e+04
   3.7867074e+04
   3.8149780e+04
   3.8285769e+04
   3.9228787e+04
   3.9242671e+04
   3.9259375e+04
   4.0608713e+04
   4.0629129e+04
   4.0663792e+04
   4.0674172e+04
   4.0690948e+04
   4.0705276e+04
   4.0744616e+04
   4.0793549e+04
   4.1155638e+04
   4.1240697e+04
   4.1267265e+04
   4.1314570e+04
   4.1480896e+04
   4.1692940e+04
   4.1718902e+04
   4.1848898e+04
   4.2052219e+04
   4.2079356e+04
   4.2195966e+04
   4.2212997e+04
   4.2251807e+04
   4.2298270e+04
   4.2371068e+04
   4.2389931e+04
   4.2718841e+04
   4.2722795e+04
   4.2727745e+04
   4.2758071e+04
   4.2798705e+04
   4.2918441e+04
   4.2930645e+04
   4.2987504e+04
   4.3008458e+04
   4.3179320e+04
   4.3212328e+04
   4.3221464e+04
   4.3225736e+04
   4.3290672e+04
   4.3296888e+04
   4.3323462e+04
   4.3428347e+04
   4.3469049e+04
   4.3629104e+04
   4.3638479e+04
   4.3831843e+04
   4.4633088e+04
   4.4678537e+04
   4.4784944e+04
   4.4915605e+04
   4.4923628e+04
   4.4982769e+04
   4.4988626e+04
   4.4998583e+04
   4.5027647e+04
   4.5143878e+04
   4.5178782e+04
   4.5212372e+04
   4.5267917e+04
   4.5522089e+04
   4.8285292e+04
   4.8308304e+04
   4.8316942e+04
   4.9012905e+04
   4.9199786e+04
   4.9279246e+04
   4.9352807e+04
   4.9396085e+04
   5.1656797e+04
   5.1734967e+04
   5.1746263e+04
   5.1817455e+04
   5.1825917e+04
   5.1891082e+04
   5.1912620e+04
   5.1929185e+04
   5.2035472e+04
   5.2049305e+04
   5.2080182e+04
   5.2091004e+04
   5.2095166e+04
   5.2111068e+04
   5.2140511e+04
   5.2155887e+04
   5.2303664e+04
   5.2320678e+04
   6.9669643e+04
   7.0010720e+04
   7.0049270e+04
   7.0091970e+04
   7.0217000e+04
   7.0225477e+04
   7.0265558e+04
   7.0308616e+04
   7.0513336e+04
   7.0537794e+04
   7.0632643e+04
   7.0665927e+04
   7.0675399e+04
   7.0710961e+04
   7.0738594e+04
   7.0802020e+04
   7.0816943e+04
   7.1132723e+04
   7.1150732e+04
   7.1246909e+04
   7.1412937e+04
   7.1431112e+04
   7.1440512e+04
   7.1560553e+04
   7.1575968e+04
   7.1612277e+04
   7.2720929e+04
   7.2738549e+04
   7.2839267e+04
   7.2861253e+04
   7.6236817e+04
   7.6459755e+04
   1.2297652e+05
   1.2554835e+05
   1.2565054e+05
   1.2569631e+05
   1.2571481e+05
   1.2572148e+05
   1.2574133e+05
   1.2594159e+05
   1.2608184e+05
   1.2610776e+05
   1.2639308e+05
   1.2639791e+05
   1.2641856e+05
   1.2662751e+05
   1.2681586e+05
   1.2687214e+05
   1.2691876e+05
   1.2692864e+05
   1.2703730e+05
   1.2706751e+05
   1.2713629e+05
   1.2717989e+05
   1.2767625e+05
   1.2772446e+05
   1.2774072e+05
   1.2792273e+05
   1.2794422e+05
   1.2802286e+05
   1.2809070e+05
   1.2811782e+05
   1.2846168e+05
   1.2856365e+05
   1.2857866e+05
   1.2861760e+05
   1.2876688e+05
   1.2879113e+05
   1.2882187e+05
   1.2882593e+05
   1.2884519e+05
   1.2886633e+05
   1.2889057e+05
   1.2899674e+05
   1.2904357e+05
   1.3897810e+05
   1.3898079e+05
   1.3901314e+05
   1.3903557e+05
   1.3910259e+05
   1.3912454e+05
   1.3917805e+05
   1.4013044e+05
   1.4018048e+05
   1.4019329e+05
   1.4019613e+05
   1.4020914e+05
   1.4024072e+05
   1.4026891e+05
   1.4037577e+05
   1.4093816e+05
   1.4115735e+05
   1.4121859e+05
   1.4138161e+05
   1.4140442e+05
   1.4152915e+05
   1.4165788e+05
   1.4239767e+05
   1.4241849e+05
   1.4243160e+05
   1.4249156e+05
   1.4251238e+05
   1.4252122e+05
   1.4256929e+05
   1.4258242e+05
   1.4275736e+05
   1.4280227e+05
   1.4283232e+05
   1.4284817e+05
   1.4333090e+05
   1.4335402e+05
   1.4354205e+05
   1.4355137e+05
   1.4731212e+05
   1.4733137e+05
   1.4756648e+05
   1.4759194e+05
   1.4767913e+05
   1.4771944e+05
   1.4772465e+05
   1.4786299e+05
   1.4789683e+05
   1.4791718e+05
   1.4799144e+05
   1.4802972e+05
   1.4804236e+05
   1.4806174e+05
   1.4806805e+05
   1.4839296e+05
   1.4841389e+05
   1.4842431e+05
   1.4844899e+05
   1.4850961e+05
   1.5016871e+05
   1.5025178e+05
   1.5026200e+05
   1.5102219e+05
   1.5102831e+05
   1.5114915e+05
   1.5122124e+05
   1.5123737e+05
   1.5127064e+05
   1.5135002e+05
   1.5155378e+05
   1.5876636e+05
   1.5893840e+05
   1.5895746e+05
   1.5899156e+05
   1.5904605e+05
   1.5923839e+05
   1.5929814e+05
   1.5980488e+05
   1.6024029e+05
   1.6594472e+05
   1.6610426e+05
   1.6748704e+05
   1.6751009e+05
   1.6752304e+05
   1.6763635e+05
   1.6770890e+05
   1.6799550e+05
   1.6802499e+05
   1.6811166e+05
   1.6812306e+05
   1.6813334e+05
   1.6814257e+05
   1.6831025e+05
   1.6843732e+05
   1.6849628e+05
   1.6852230e+05
   1.6854704e+05
   1.6859682e+05
   1.6861499e+05
   1.6862370e+05
   1.6863418e+05
   1.6864564e+05
   1.6877405e+05
   1.6878763e+05
   1.7055598e+05
   1.7060204e+05
   1.7078341e+05
   1.7078994e+05
   1.7092503e+05
   1.7119287e+05
   1.7130928e+05
   1.7133272e+05
   1.7143745e+05
   1.7145908e+05
   1.7161173e+05
   1.7164887e+05
   1.7170182e+05
   1.7173883e+05
   1.7569796e+05
   1.7571498e+05
   1.7581333e+05
   1.7601906e+05
   1.7617384e+05
   1.7618462e+05
   1.7622683e+05
   1.7627166e+05
   1.7636060e+05
   1.7643481e+05
   1.7646856e+05
   1.7649804e+05
   1.7652371e+05
   1.7656132e+05
   1.7665368e+05
   1.7668522e+05
   1.7670271e+05
   1.7680280e+05
   1.7686334e+05
   1.7694367e+05
   1.7696568e+05
   1.7709454e+05
   1.7713054e+05
   1.7717746e+05
   1.7727322e+05
   1.7732718e+05
   1.7734253e+05
   1.7753935e+05
   1.7757349e+05
   1.7776801e+05
   1.7781737e+05
   1.7784665e+05
   1.7785357e+05
   1.7805196e+05
   1.7837863e+05
   1.7839788e+05
   1.7843458e+05
   1.7848915e+05
   1.7849521e+05
   1.7855687e+05
   1.7857890e+05
   1.7859743e+05
   1.7865013e+05
   1.7902095e+05
   1.7905033e+05
   1.7906714e+05
   1.7950003e+05
   1.7959114e+05
   1.7965900e+05
   1.7966948e+05
   1.7967821e+05
   1.7969807e+05
   1.7994199e+05
   1.8027173e+05
   1.8030459e+05
   1.8031695e+05
   1.8034486e+05
   1.8038765e+05
   1.8041155e+05
   1.8046815e+05
   1.8049157e+05
   1.8207785e+05
   1.8217430e+05
   1.8227605e+05
   1.8229198e+05
   1.8236943e+05
   1.8241570e+05
   1.8259619e+05
   1.8261375e+05
   1.8431183e+05
   1.8432155e+05
   1.8436271e+05
   1.8440959e+05
   1.8608010e+05
   1.8621721e+05
   1.8624668e+05
   1.8626578e+05
   1.9806610e+05
   1.9808266e+05
   1.9810849e+05
   1.9811718e+05
   1.9822864e+05
   1.9850532e+05
   1.9878225e+05
   1.9884110e+05
   1.9884919e+05
   1.9886754e+05
   2.0037357e+05
   2.0040013e+05
   2.0041359e+05
   2.0044427e+05
   2.0046289e+05
   2.0048810e+05
   2.0051172e+05
   2.0078658e+05
   2.0086020e+05
   2.0087531e+05
   2.0092070e+05
   2.0100832e+05
   2.0102597e+05
   2.0191733e+05
   2.0194587e+05
   2.0195359e+05
   2.0198255e+05
   2.0200803e+05
   2.0237032e+05
   2.0243616e+05
   2.0245588e+05
   2.0286145e+05
   2.0290220e+05
   2.0290872e+05
   2.0322797e+05
   2.0340803e+05
   2.0341047e+05
   2.0351414e+05
   2.0356980e+05
   2.0359663e+05
   2.0362103e+05
   2.0365586e+05
   2.0384016e+05
   2.0392892e+05
   2.0400846e+05
   2.0919860e+05
   2.1306310e+05
   2.1317606e+05
   2.1320875e+05
   2.1417874e+05
   2.1418898e+05
   2.1496956e+05
   2.1501548e+05
   2.1502848e+05
   2.1525618e+05
   2.1529988e+05
   2.1535562e+05
   2.1536573e+05
   2.1537850e+05
   2.1539809e+05
   2.1540982e+05
   2.1593054e+05
   2.1600401e+05
   2.1657076e+05
   2.1683205e+05
   2.1685527e+05
   2.1702400e+05
   2.1713689e+05
   2.1717716e+05
   2.1721910e+05
   2.1736320e+05
   2.2052430e+05
   2.2053679e+05
   2.2120384e+05
   2.2150902e+05
   2.2153156e+05
   2.2160227e+05
   2.2174776e+05
   2.2189272e+05
   2.2193057e+05
   2.2195820e+05
   2.2199041e+05
   2.2200745e+05
   2.2217227e+05
   2.4116565e+05
   2.4122464e+05
   2.4123956e+05
   2.4125281e+05
   2.4167820e+05
   2.4168383e+05
   2.4206385e+05
   2.4952263e+05
   2.5076800e+05
   2.5080563e+05
   2.5093875e+05
   2.5102074e+05
   2.5105726e+05
   2.5108057e+05
   2.5110032e+05
   2.5114061e+05
   2.5114418e+05
   2.5128595e+05
   2.5131997e+05
   2.5186200e+05
   2.5188462e+05
   2.5192923e+05
   2.5194226e+05
   2.5196676e+05
   2.5225857e+05
   2.5936150e+05
   2.5937873e+05
   2.5945467e+05
   2.5956289e+05
   2.5958302e+05
   2.5960373e+05
   2.5962574e+05
   2.6323833e+05
   2.6349300e+05
   2.6360903e+05
   2.6365065e+05
   2.6368929e+05
   2.6371664e+05
   2.6386949e+05
   2.6395522e+05
   2.6514451e+05
   2.6519722e+05
   2.6523438e+05
   2.6547146e+05
   2.6550954e+05
   2.6563993e+05
   2.6568072e+05
   2.6823436e+05
   2.6835512e+05
   2.6837984e+05
   2.6842837e+05
   2.6855812e+05
   2.6856913e+05
   2.6860002e+05
   2.6880472e+05
   2.6882978e+05
   2.7004253e+05
   2.7327751e+05
   2.7403789e+05
   2.7409292e+05
   2.7415164e+05
   2.7463844e+05
   2.7507843e+05
   2.7535049e+05
   2.7537200e+05
   2.7543067e+05
   2.7544397e+05
   2.7778924e+05
   2.7783710e+05
   2.7789762e+05
   2.7796173e+05
   2.7798437e+05
   2.7799982e+05
   2.7810352e+05
   2.7816109e+05
   2.7819516e+05
   2.7821637e+05
   2.7830212e+05
   2.7831538e+05
   2.7834019e+05
   2.7835198e+05
   2.7850148e+05
   2.7855960e+05
   2.7862988e+05
   2.7864519e+05
   2.7866832e+05
   2.7868521e+05
   2.7876906e+05
   2.7882373e+05
   2.7903219e+05
   2.7913232e+05
   2.7919937e+05
   2.7947303e+05
   2.7948139e+05
   2.7952455e+05
   2.7956892e+05
   3.1653708e+05
   3.1659602e+05
   3.1685820e+05
   3.1700863e+05
   3.1796506e+05
   3.1800053e+05
   3.1823306e+05
   3.1826146e+05
   3.1827557e+05
   3.1832214e+05
   3.1841224e+05
   3.1853141e+05
   3.1854998e+05
   3.1857100e+05
   3.1858676e+05
   3.1860098e+05
   3.1860944e+05
   3.1868873e+05
   3.1869404e+05
   3.1887350e+05
   3.1917444e+05
   3.1920997e+05
   3.1923122e+05
   3.1939714e+05
   3.1941298e+05
   3.1944013e+05
   3.2048523e+05
   3.2049911e+05
   3.2054061e+05
   3.2141219e+05
   3.2154255e+05
   3.2155253e+05
   3.2162976e+05
   3.2165648e+05
   3.2184467e+05
   3.2187082e+05
   3.2201856e+05
   3.2205794e+05
   3.2219761e+05
   3.2225355e+05
   3.2229197e+05
   3.2279791e+05
   3.2283099e+05
   3.2284575e+05
   3.2289459e+05
   3.2294581e+05
   3.2297859e+05
   3.2298280e+05
   3.2311628e+05
   3.2312387e+05
   3.2324420e+05
   3.2332331e+05
   3.2343747e+05
   3.2346620e+05
   3.2375035e+05
   3.2379373e+05
   3.2400463e+05
   3.2401463e+05
   3.2412069e+05
   3.2414749e+05
   3.2416757e+05
   3.2421688e+05
   3.2865581e+05
   3.2868179e+05
   3.3244657e+05
   3.3412753e+05
   3.3416519e+05
   3.3420808e+05
   3.3431383e+05
   3.3510491e+05
   3.3512374e+05
   3.3515889e+05
   3.3522547e+05
   3.3526098e+05
   3.3540019e+05
   3.3547300e+05
   3.3547822e+05
   3.3549126e+05
   3.3550567e+05
   3.3551949e+05
   3.3555414e+05
   4.5638697e+05
   4.5643405e+05
   4.5673017e+05
   4.5677865e+05
   4.5691411e+05
   4.5704442e+05
   4.5706835e+05
   4.5709231e+05
   4.5727468e+05
   4.5728452e+05
   4.5736172e+05
   4.5748667e+05
   4.5792991e+05
   4.5799967e+05
   4.5804882e+05
   4.5806725e+05
   4.5815416e+05
   4.5821160e+05
   4.5821742e+05
   4.5867715e+05
   4.5869622e+05
   4.5870714e+05
   4.5877707e+05
   4.6034125e+05
   4.6036437e+05
   4.6042767e+05
   4.6129584e+05
   4.6143378e+05
   4.6147766e+05
   4.6159317e+05
   4.6164729e+05
   4.6169619e+05
   4.6183904e+05
   4.6185337e+05
   4.6187422e+05
   4.6210732e+05
   4.6215656e+05
   4.6216867e+05
   4.6233893e+05
   4.6245145e+05
   4.6255441e+05
   4.6259265e+05
   4.6266187e+05
   4.6266778e+05
   4.6267861e+05
   4.6268905e+05
   4.6278409e+05
   4.6288188e+05
   4.6289355e+05
   4.6297248e+05
   4.6303205e+05
   4.6312671e+05
   4.6322036e+05
   4.6339612e+05
   4.6341039e+05
   4.6354116e+05
   4.6355558e+05
   4.6409056e+05
   4.6625016e+05
   4.6628291e+05
   4.6630457e+05
   4.6652209e+05
   4.6655228e+05
   4.6660051e+05
   4.6662747e+05
   4.6666813e+05
   4.6667528e+05
   4.6751548e+05
   4.6758291e+05
   4.6759295e+05
   1.1636569e+06
   1.1640874e+06
   1.1641342e+06
   1.1641690e+06
   1.1642759e+06
   1.1643405e+06
   1.1643431e+06
   1.1643565e+06
   1.1650654e+06
   1.1651088e+06
   1.1651869e+06
   1.1652827e+06
   1.1653167e+06
   1.1660730e+06
   1.1661295e+06
   1.1662519e+06
   1.1662619e+06
   1.1662971e+06
   1.1663425e+06
   1.1663743e+06
   1.1670175e+06
   1.1670294e+06
   1.1683838e+06
   1.1684119e+06
   1.1684590e+06
   1.1685016e+06
   1.1685162e+06
   1.1685523e+06
   1.1685723e+06
   1.1687336e+06
   1.1687589e+06
   1.1687944e+06
   1.1688139e+06
   1.1691036e+06
   1.1691194e+06
   1.1691394e+06
   1.1691562e+06
   1.1692907e+06
   1.1693201e+06
   1.1693318e+06
   1.1693717e+06
   1.1795456e+06
   1.1795710e+06
   1.1796571e+06
   1.1797234e+06
   1.1800434e+06
   1.1803458e+06
   1.1803565e+06
   1.1803922e+06
   1.1804898e+06
   1.1833611e+06
   1.1834039e+06
   1.1835100e+06
   1.1835937e+06
   1.1836676e+06
   1.1839171e+06
   1.1840146e+06
   1.1840531e+06
   1.1841088e+06
   1.1841354e+06
   1.1841476e+06
   1.1843449e+06
   1.1844559e+06
   1.2035267e+06
   1.2035465e+06
   1.2035544e+06
   1.2040150e+06
   1.2040440e+06
   1.2041144e+06
   1.2041267e+06
   1.2042177e+06
   1.2042684e+06
   1.2042749e+06
   1.2042912e+06
   1.2043591e+06
   1.2044991e+06
   1.2045327e+06
   1.2081110e+06
   1.2081178e+06
   1.2081941e+06
   1.2082177e+06
   1.2082519e+06
   1.2083116e+06
   1.2083458e+06
   1.2084378e+06
   1.2084973e+06
   1.2085215e+06
   1.2085700e+06
   1.2087885e+06
   1.2088041e+06
   1.2088196e+06
   1.2089051e+06
   1.2089195e+06
   1.2089241e+06
   1.2089364e+06
   1.2089473e+06
   1.2094102e+06
   1.2097070e+06
   1.2098202e+06
   1.2098403e+06
   1.2098732e+06
   1.2098851e+06
   1.2135840e+06
   1.2136099e+06
   1.2136394e+06
   1.2137407e+06
   1.2140584e+06
   1.2143523e+06
   1.2143969e+06
   1.2144235e+06
   1.2144404e+06
   1.2155385e+06
   1.2155668e+06
   1.2157273e+06
   1.2157408e+06
   1.2157973e+06
   1.2158288e+06
   1.2158793e+06
   1.2158917e+06
   1.2159070e+06
   1.2160247e+06
   1.2160366e+06
   1.2164489e+06
   1.2164761e+06
   1.2168072e+06
   1.2171068e+06
   1.2171337e+06
   1.2171425e+06
   1.2172708e+06
   1.2174360e+06
   1.2175004e+06
   1.2175576e+06
   1.2176970e+06
   1.2177552e+06
   1.2178526e+06
   1.2178811e+06
   1.2179242e+06
   1.2180336e+06
   1.2180543e+06
   1.2181008e+06
   1.2181123e+06
   1.2182479e+06
   1.2183598e+06
   1.2183954e+06
   1.2186069e+06
   1.2186105e+06
   1.2186463e+06
   1.2187794e+06
   1.2190007e+06
   1.2190786e+06
   1.2191382e+06
   1.2194578e+06
   1.2194679e+06
   1.2194932e+06
   1.2195091e+06
   1.2200636e+06
   1.2200798e+06
   1.2201055e+06
   1.2201303e+06
   1.2201671e+06
   1.2202248e+06
   1.2203670e+06
   1.2203901e+06
   1.2204185e+06
   1.2204425e+06
   1.2204820e+06
   1.2205196e+06
   1.2205362e+06
   1.2205660e+06
   1.2206279e+06
   1.2209631e+06
   1.2210359e+06
   1.2210853e+06
   1.2215428e+06
   1.2286999e+06
   1.2287906e+06
   1.2288450e+06
   1.2288687e+06
   1.2289276e+06
   1.2291882e+06
   1.2292685e+06
   1.2292854e+06
   1.2292956e+06
   1.2294770e+06
   1.2294982e+06
   1.2295099e+06
   1.2295141e+06
   1.2295240e+06
   1.2300280e+06
   1.2300437e+06
   1.2300557e+06
   1.2300686e+06
   1.2301050e+06
   1.2301284e+06
   1.2301547e+06
   1.2312509e+06
   1.3011540e+06
   1.3011940e+06
   1.3012140e+06
   1.3012509e+06
   1.3012799e+06
   1.3013036e+06
   1.3013576e+06
   1.3074154e+06
   1.3084878e+06
   1.3085098e+06
   1.3085349e+06
   1.3087808e+06
   1.3089599e+06
   1.3089804e+06
   1.3090015e+06
   1.3090329e+06
   1.3090382e+06
   1.3091136e+06
   1.3091643e+06
   1.3091857e+06
   1.3092012e+06
   1.3092941e+06
   1.3093273e+06
   1.3093451e+06
   1.3095476e+06
   1.3096081e+06
   1.3096480e+06
   1.3108207e+06
   1.3108503e+06
   1.3108843e+06
   1.3108988e+06
   1.3109399e+06
   1.3223108e+06
   1.3234357e+06
   1.3234661e+06
   1.3240180e+06
   1.3245899e+06
   1.3247905e+06
   1.3249132e+06
   1.3249775e+06
   1.3253260e+06
   1.3253693e+06
   1.3253998e+06
   1.3255491e+06
   1.3256819e+06
   1.3258817e+06
   1.3283853e+06
   1.3284226e+06
   1.3284425e+06
   1.3285917e+06
   1.3286613e+06
   1.3286700e+06
   1.3288087e+06
   1.3288300e+06
   1.3288384e+06
   1.3288750e+06
   1.3290616e+06
   1.3291444e+06
   1.3295184e+06
   1.3295481e+06
   1.3295662e+06
   1.3295789e+06
   1.3298287e+06
   1.3298812e+06
   1.3298922e+06
   1.3299419e+06
   1.3299585e+06
   1.3299700e+06
   1.3301182e+06
   1.3321618e+06
   1.3321869e+06
   1.3323498e+06
   1.3323647e+06
   1.3325784e+06
   1.3326809e+06
   1.3327929e+06
   1.3328137e+06
   1.3328374e+06
   1.3373003e+06
   1.3373204e+06
   1.3374274e+06
   1.3374448e+06
   1.3389465e+06
   1.3389943e+06
   1.3390398e+06
   1.3390838e+06
   1.3391063e+06
   1.3392139e+06
   1.3395372e+06
   1.3395454e+06
   1.3395921e+06
   1.3399394e+06
   1.3402036e+06
   1.3404327e+06
   1.3405068e+06
   1.3613195e+06
   1.3616062e+06
   1.3621897e+06
   1.3622438e+06
   1.3623449e+06
   1.3624294e+06
   1.3625342e+06
   1.3639983e+06
   1.3640239e+06
   1.3640277e+06
   1.3640365e+06
   1.3642850e+06
   1.3643212e+06
   1.3643441e+06
   1.3643690e+06
   1.3643872e+06
   1.3651879e+06
   1.3652818e+06
   1.3653028e+06
   1.3653207e+06
   1.3653717e+06
   1.3654144e+06
   1.3654792e+06
   1.3664360e+06
   1.3668249e+06
   1.3668373e+06
   1.3669450e+06
   1.3669505e+06
   1.3669709e+06
   1.3669901e+06
   1.3670126e+06
   1.3670223e+06
   1.3670795e+06
   1.3672228e+06
   1.3672431e+06
   1.3672792e+06
   1.3673547e+06
   1.3675694e+06
   1.3675834e+06
   1.3679155e+06
   1.3679278e+06
   1.3683653e+06
   1.3683830e+06
   1.3689563e+06
   1.3689959e+06
   1.3690365e+06
   1.3690492e+06
   1.5304067e+06
   1.5306327e+06
   1.5306815e+06
   1.5306909e+06
   1.5307334e+06
   1.5308656e+06
   1.5309120e+06
   1.5311388e+06
   1.5311565e+06
   1.5326727e+06
   1.5327291e+06
   1.5336571e+06
   1.5337157e+06
   1.5337333e+06
   1.5337526e+06
   1.5337731e+06
   1.5345271e+06
   1.5345475e+06
   1.5345617e+06
   1.5345957e+06
   1.5346430e+06
   1.5346978e+06
   1.5347014e+06
   1.5347230e+06
   1.5355415e+06
   1.5355524e+06
   1.5355656e+06
   1.5516446e+06
   1.5516719e+06
   1.5517781e+06
   1.5521103e+06
   1.5529968e+06
   1.5530257e+06
   1.5530533e+06
   1.5530622e+06
   1.5531812e+06
   1.5532622e+06
   1.5535164e+06
   1.5535270e+06
   1.5535511e+06
   1.5536120e+06
   1.5536308e+06
   1.5537254e+06
   1.5537771e+06
   1.5537931e+06
   1.5540479e+06
   1.5540654e+06
   1.5540729e+06
   1.5540751e+06
   1.5550264e+06
   1.5552269e+06
   1.5552338e+06
   1.5552589e+06
   1.5554897e+06
   1.5554998e+06
   1.5555102e+06
   1.5555519e+06
   1.5555925e+06
   1.5556301e+06
   1.5650017e+06
   1.5655075e+06
   1.5655516e+06
   1.5655734e+06
   1.5658261e+06
   1.5749091e+06
   1.5749718e+06
   1.5750486e+06
   1.5762254e+06
   1.5763166e+06
   1.5763379e+06
   1.5763740e+06
   1.5764383e+06
   1.5764549e+06
   1.5764692e+06
   1.5768512e+06
   1.5768950e+06
   1.5769045e+06
   1.5769785e+06
   1.5769900e+06
   1.5770899e+06
   1.5771003e+06
   1.5779727e+06
   1.5781051e+06
   1.5872805e+06
   1.5877105e+06
   1.5877685e+06
   1.5879488e+06
   1.5880010e+06
   1.5880210e+06
   1.5880423e+06
   1.5880582e+06
   1.5881849e+06
   1.5884350e+06
   1.5887941e+06
   1.5888932e+06
   1.5889224e+06
   1.5889691e+06
   1.5890030e+06
   1.5890324e+06
   1.5890496e+06
   1.5890567e+06
   1.5890721e+06
   1.5890971e+06
   1.5891043e+06
   1.5891164e+06
   1.5891487e+06
   1.6083789e+06
   1.6085210e+06
   1.6085866e+06
   1.6086206e+06
   1.6123163e+06
   1.6123611e+06
   1.6123728e+06
   1.6124399e+06
   1.6431610e+06
   1.6432104e+06
   1.6432340e+06
   1.6432871e+06
   1.6434015e+06
   1.6434060e+06
   1.6437511e+06
   1.6437564e+06
   1.6437978e+06
   1.6438050e+06
   1.6439389e+06
   1.6444641e+06
   1.6447101e+06
   1.6447427e+06
   1.6449702e+06
   1.6450064e+06
   1.6450274e+06
   1.6664722e+06
   1.6665072e+06
   1.6678827e+06
   1.6684452e+06
   1.6685099e+06
   1.6688676e+06
   1.6688790e+06
   1.6688997e+06
   1.6690056e+06
   1.6690157e+06
   1.6695800e+06
   1.6699049e+06
   1.6707502e+06
   1.6707582e+06
   1.6707966e+06
   1.6708237e+06
   1.6711971e+06
   1.6712173e+06
   1.6713152e+06
   1.6714093e+06
   1.6714885e+06
   1.6714927e+06
   1.6719873e+06
   1.6719925e+06
   1.6723357e+06
   1.6728238e+06
   1.6728341e+06
   1.6736033e+06
   1.6736103e+06
   1.6737147e+06
   1.6737839e+06
   1.6738075e+06
   1.6739183e+06
   1.6739232e+06
   1.6741062e+06
   1.6741156e+06
   1.6747253e+06
   1.6747888e+06
   1.6748910e+06
   1.6749146e+06
   1.6749347e+06
   1.6749473e+06
   1.6749558e+06
   1.6750123e+06
   1.6750218e+06
   1.6750444e+06
   1.6750802e+06
   1.6751379e+06
   1.6751557e+06
   1.6757217e+06
   1.6757276e+06
   1.7359807e+06
   1.7359975e+06
   1.7420551e+06
   1.7421189e+06
   1.7432660e+06
   1.7433216e+06
   1.7434030e+06
   1.7434422e+06
   1.7434487e+06
   1.7434635e+06
   1.7437986e+06
   1.7538573e+06
   1.7538692e+06
   1.7539049e+06
   1.7540053e+06
   1.7540605e+06
   1.7540765e+06
   1.7541257e+06
   1.7542121e+06
   1.7546774e+06
   1.7547050e+06
   1.7547369e+06
   1.7547493e+06
   1.8002745e+06
   1.8003044e+06
   1.8004113e+06
   1.8004633e+06
   1.8005213e+06
   1.8005452e+06
   1.8005810e+06
   1.8005915e+06
   1.8007064e+06
   1.8007311e+06
   1.8007658e+06
   1.8008358e+06
   1.8008890e+06
   1.8009632e+06
   1.8019849e+06
   1.8027776e+06
   1.8028120e+06
   1.8029960e+06
   1.8030271e+06
   1.8031058e+06
   1.8031409e+06
   1.8031708e+06
   1.8031766e+06
   1.8036127e+06
   1.8043606e+06
   1.8044143e+06
   1.8044301e+06
   1.8044481e+06
   1.8044682e+06
   1.8044954e+06
   1.8045176e+06
   1.8045500e+06
   1.8048178e+06
   1.8051432e+06
   1.8052853e+06
   1.8053669e+06
   1.8054713e+06
   1.8058799e+06
   1.8059527e+06
   1.8062110e+06
   1.8062361e+06
   1.8067149e+06
   1.8068298e+06
   1.8073195e+06
   1.8073824e+06
   1.8074167e+06
   1.8074260e+06
   1.8076740e+06
   1.8077962e+06
   1.8078181e+06
   1.8085295e+06
   1.8085418e+06
   1.8085872e+06
   1.8086726e+06
   1.8089139e+06
   1.8089356e+06
   1.8089760e+06
   1.8090075e+06
   1.8090577e+06
   1.8090639e+06
   1.8090834e+06
   1.8090910e+06
   1.8091000e+06
   1.8093489e+06
   1.8093655e+06
   1.8094200e+06
   1.8094340e+06
   1.8095578e+06
   1.8100055e+06
   1.8101384e+06
   1.8101707e+06
   1.8101783e+06
   1.8102041e+06
   1.8102180e+06
   1.8120656e+06
   1.8120834e+06
   1.8122572e+06
   1.8122662e+06
   1.8125148e+06
   1.8125454e+06
   1.8125508e+06
   1.8125884e+06
   1.8126150e+06
   1.8128711e+06
   1.8143000e+06
   1.8143554e+06
   1.8143827e+06
   1.8144135e+06
   1.8144624e+06
   1.8144972e+06
   1.8145836e+06
   1.8153936e+06
   1.8154279e+06
   1.8154946e+06
   1.8156398e+06
   1.8157565e+06
   1.8157896e+06
   1.8159477e+06
   1.8160253e+06
   1.8160492e+06
   1.8162613e+06
   1.8162860e+06
   1.8164527e+06
   1.8167045e+06
   1.8167376e+06
   1.8171662e+06
   1.8172120e+06
   1.8173679e+06
   1.8174542e+06
   1.8174648e+06
   1.8176961e+06
   1.8177624e+06
   1.8178601e+06
   1.8179771e+06
   1.8179934e+06
   1.8181759e+06
   1.8182058e+06
   1.8183985e+06
   1.8184608e+06
   1.8190374e+06
   1.8190623e+06
   1.8190904e+06
   1.8191920e+06
   1.8192956e+06
   1.8216783e+06
   1.8220369e+06
   1.8220762e+06
   1.8224759e+06
   1.8225829e+06
   1.8226256e+06
   1.8226314e+06
   1.8226543e+06
   1.8237028e+06
   1.8241030e+06
   1.8242112e+06
   1.8242202e+06
   1.8242713e+06
   1.8242826e+06
   1.8243966e+06
   1.8247341e+06
   1.8251057e+06
   1.8251216e+06
   1.8251477e+06
   1.8252500e+06
   1.8252569e+06
   1.8253032e+06
   1.8253115e+06
   1.8269234e+06
   1.8272262e+06
   1.8274026e+06
   1.8274183e+06
   1.8274422e+06
   1.8274712e+06
   1.8274766e+06
   1.8279042e+06
   1.8280879e+06
   1.8281016e+06
   1.8282736e+06
   1.8283221e+06
   1.8285667e+06
   1.8299042e+06
   1.8299385e+06
   1.8299730e+06
   1.8314319e+06
   1.8315642e+06
   1.8316252e+06
   1.8316655e+06
   1.8316734e+06
   1.8317089e+06
   1.8317390e+06
   1.8317887e+06
   1.8318254e+06
   1.8320277e+06
   1.8320558e+06
   1.8320744e+06
   1.8320877e+06
   1.8321422e+06
   1.8321530e+06
   1.8325142e+06
   1.8325718e+06
   1.8334974e+06
   1.8335861e+06
   1.8336282e+06
   1.8336420e+06
   1.8337320e+06
   1.8338241e+06
   1.8339071e+06
   1.8339466e+06
   1.8339777e+06
   1.8341325e+06
   1.8342320e+06
   1.8342441e+06
   1.8342890e+06
   1.8343113e+06
   1.8344266e+06
   1.8344315e+06
   1.8344395e+06
   1.8345398e+06
   1.8345688e+06
   1.8346209e+06
   1.8354495e+06
   1.8357587e+06
   1.8358167e+06
   1.8358939e+06
   1.8385082e+06
   1.8385812e+06
   1.8386404e+06
   1.8386896e+06
   1.8386967e+06
   1.8387151e+06
   1.8387292e+06
   1.8392299e+06
   1.8393811e+06
   1.8393876e+06
   1.8395331e+06
   1.8397406e+06
   1.8397938e+06
   1.8398129e+06
   1.8399215e+06
   1.8399267e+06
   1.8399593e+06
   1.8401246e+06
   1.8401796e+06
   1.8402986e+06
   1.8406556e+06
   1.8407810e+06
   1.8411355e+06
   1.8411524e+06
   1.8419999e+06
   1.8420172e+06
   1.8420376e+06
   1.8460221e+06
   1.8464672e+06
   1.8464804e+06
   1.8466874e+06
   1.8467332e+06
   1.8528035e+06
   1.8528476e+06
   1.8528890e+06
   1.8557378e+06
   1.8557458e+06
   1.8562870e+06
   1.8563283e+06
   1.8564890e+06
   1.8568978e+06
   1.8569092e+06
   1.8569170e+06
   1.8569498e+06
   1.8570024e+06
   1.8574356e+06
   1.8578085e+06
   1.8578397e+06
   1.8578436e+06
   1.8582279e+06
   1.8582603e+06
   1.8582919e+06
   1.8583278e+06
   1.8935555e+06
   1.8935686e+06
   1.8935803e+06
   1.8936121e+06
   1.8937082e+06
   1.8937665e+06
   1.8938156e+06
   1.8938316e+06
   1.8970338e+06
   1.8971589e+06
   1.8971920e+06
   1.8976475e+06
   1.8978312e+06
   1.8978437e+06
   1.8981635e+06
   1.8982646e+06
   1.8990326e+06
   1.8990611e+06
   1.8990862e+06
   1.8991222e+06
   1.8991456e+06
   1.8992049e+06
   1.9004728e+06
   1.9007640e+06
   1.9007853e+06
   1.9008313e+06
   1.9008758e+06
   1.9008841e+06
   1.9008957e+06
   1.9043293e+06
   1.9044132e+06
   1.9044395e+06
   1.9045721e+06
   1.9046561e+06
   1.9048139e+06
   1.9050962e+06
   1.9051147e+06
   1.9051402e+06
   1.9051583e+06
   1.9054367e+06
   1.9054697e+06
   1.9054891e+06
   1.9055135e+06
   1.9056043e+06
   1.9057581e+06
   1.9058466e+06
   1.9058769e+06
   1.9059315e+06
   1.9061301e+06
   1.9061535e+06
   1.9061750e+06
   1.9061812e+06
   1.9061968e+06
   1.9062098e+06
   1.9062314e+06
   1.9062456e+06
   1.9062949e+06
   1.9063357e+06
   1.9063518e+06
   1.9065463e+06
   1.9408081e+06
   1.9408557e+06
   1.9408833e+06
   1.9411418e+06
   1.9412011e+06
   1.9412575e+06
   1.9413031e+06
   1.9413935e+06
   1.9414654e+06
   1.9414831e+06
   1.9415022e+06
   1.9415529e+06
   1.9415791e+06
   1.9417022e+06
   1.9417374e+06
   1.9423779e+06
   1.9424478e+06
   1.9427338e+06
   1.9434130e+06
   1.9436325e+06
   1.9436450e+06
   1.9436568e+06
   1.9524619e+06
   1.9528707e+06
   1.9528917e+06
   1.9530246e+06
   1.9530854e+06
   1.9530987e+06
   1.9531643e+06
   1.9532169e+06
   1.9534417e+06
   1.9534760e+06
   1.9534861e+06
   1.9537792e+06
   1.9538625e+06
   1.9538747e+06
   1.9539549e+06
   1.9540643e+06
   1.9540706e+06
   1.9542165e+06
   1.9543627e+06
   1.9544461e+06
   1.9545703e+06
   1.9546022e+06
   1.9597827e+06
   1.9601135e+06
   1.9601776e+06
   1.9601915e+06
   1.9602054e+06
   1.9638712e+06
   1.9648030e+06
   1.9652563e+06
   1.9653170e+06
   1.9653553e+06
   2.0527028e+06
   2.0527164e+06
   2.0527336e+06
   2.0529120e+06
   2.0529917e+06
   2.0530090e+06
   2.0530659e+06
   2.0530929e+06
   2.0531101e+06
   2.0531345e+06
   2.0531822e+06
   2.0532007e+06
   2.0538138e+06
   2.0555386e+06
   2.0555591e+06
   2.0561603e+06
   2.0561811e+06
   2.0562186e+06
   2.0574238e+06
   2.0576908e+06
   2.0577427e+06
   2.0579806e+06
   2.0580357e+06
   2.0580461e+06
   2.0581668e+06
   2.0603175e+06
   2.0611570e+06
   2.0611797e+06
   2.0613443e+06
   2.0614948e+06
   2.0615176e+06
   2.0615585e+06
   2.0616070e+06
   2.0616736e+06
   2.0616960e+06
   2.0617017e+06
   2.0617167e+06
   2.0617347e+06
   2.0618109e+06
   2.0618274e+06
   2.0618899e+06
   2.0618968e+06
   2.0637212e+06
   2.0637488e+06
   2.0637648e+06
   2.0639716e+06
   2.0640170e+06
   2.0640908e+06
   2.0641235e+06
   2.0641283e+06
   2.0641575e+06
   2.0641780e+06
   2.0643255e+06
   2.0643951e+06
   2.0644293e+06
   2.0645602e+06
   2.0645957e+06
   2.0645994e+06
   2.0648229e+06
   2.0648622e+06
   2.0649121e+06
   2.0649208e+06
   2.0649323e+06
   2.0649858e+06
   2.0649990e+06
   2.0650262e+06
   2.0650622e+06
   2.0651172e+06
   2.0651237e+06
   2.0651392e+06
   2.0651455e+06
   2.0651833e+06
   2.0652102e+06
   2.0652826e+06
   2.0655804e+06
   2.0656033e+06
   2.0657049e+06
   2.0657803e+06
   2.0658490e+06
   2.0658951e+06
   2.0659417e+06
   2.0660063e+06
   2.0660326e+06
   2.0660742e+06
   2.0661249e+06
   2.0667458e+06
   2.0670355e+06
   2.0670714e+06
   2.0671251e+06
   2.0671312e+06
   2.0671571e+06
   2.0671687e+06
   2.0672215e+06
   2.0672412e+06
   2.0672868e+06
   2.0672979e+06
   2.0673465e+06
   2.0673671e+06
   2.0673955e+06
   2.0675617e+06
   2.0675725e+06
   2.0676361e+06
   2.0682668e+06
   2.0683289e+06
   2.0683638e+06
   2.0684215e+06
   2.0684492e+06
   2.0686611e+06
   2.0686757e+06
   2.0687187e+06
   2.0688730e+06
   2.0688838e+06
   2.0689437e+06
   2.0689625e+06
   2.0690248e+06
   2.0690759e+06
   2.0698342e+06
   2.0699343e+06
   2.0706060e+06
   2.0707140e+06
   2.0707397e+06
   2.0707444e+06
   2.0707780e+06
   2.0711600e+06
   2.0711901e+06
   2.0713705e+06
   2.0714263e+06
   2.0717303e+06
   2.0718560e+06
   2.0718833e+06
   2.0719466e+06
   2.0719811e+06
   2.0720246e+06
   2.0721064e+06
   2.0721126e+06
   2.0721947e+06
   2.0722156e+06
   2.0725290e+06
   2.0725475e+06
   2.0725900e+06
   2.0726891e+06
   2.0726944e+06
   2.0727357e+06
   2.0727580e+06
   2.0729943e+06
   2.0730222e+06
   2.0730596e+06
   2.0730773e+06
   2.0731197e+06
   2.0731342e+06
   2.0732215e+06
   2.0737017e+06
   2.0737621e+06
   2.0737835e+06
   2.0739613e+06
   2.0831728e+06
   2.0835581e+06
   2.0844064e+06
   2.0844252e+06
   2.0844332e+06
   2.0844987e+06
   2.0845574e+06
   2.0846122e+06
   2.0849319e+06
   2.0849575e+06
   2.0849641e+06
   2.0851013e+06
   2.0851520e+06
   2.0904534e+06
   2.0904789e+06
   2.0906499e+06
   2.0908487e+06
   2.0908873e+06
   2.0909256e+06
   2.0909527e+06
   2.0910418e+06
   2.0915460e+06
   2.0915884e+06
   2.0915989e+06
   2.0916089e+06
   2.0916287e+06
   2.0916561e+06
   2.0930015e+06
   2.0933282e+06
   2.0933478e+06
   2.0933740e+06
   2.0933909e+06
   2.0934251e+06
   2.0934677e+06
   2.0935673e+06
   2.0935887e+06
   2.0936004e+06
   2.0936986e+06
   2.0938566e+06
   2.0939297e+06
   2.0939925e+06
   2.0940981e+06
   2.0941945e+06
   2.0942099e+06
   2.0942794e+06
   2.0943000e+06
   2.0949529e+06
   2.0949599e+06
   2.0949705e+06
   2.0983225e+06
   2.0983316e+06
   2.0983386e+06
   2.0983647e+06
   2.0984269e+06
   2.0985445e+06
   2.0985652e+06
   2.0985916e+06
   2.0986111e+06
   2.0986357e+06
   2.0987054e+06
   2.0987361e+06
   2.0992085e+06
   2.0993170e+06
   2.0996880e+06
   2.0999646e+06
   2.0999797e+06
   2.1001691e+06
   2.1002779e+06
   2.1002906e+06
   2.1003239e+06
   2.1003382e+06
   2.1004669e+06
   2.1005166e+06
   2.1005366e+06
   2.5268774e+06
   2.5268910e+06
   2.5270811e+06
   2.5270940e+06
   2.5271182e+06
   2.5271654e+06
   2.5272869e+06
   2.5273045e+06
   2.5275072e+06
   2.5275227e+06
   2.5276587e+06
   2.5276748e+06
   2.5276979e+06
   2.5277143e+06
   2.5278740e+06
   2.5278996e+06
   2.5279104e+06
   2.5279863e+06
   2.5280844e+06
   2.5281540e+06
   2.5281820e+06
   2.5283392e+06
   2.5283695e+06
   2.5283974e+06
   2.5284143e+06
   2.5284477e+06
   2.5285905e+06
   2.5415855e+06
   2.5416033e+06
   2.5417246e+06
   2.5424197e+06
   2.5424687e+06
   2.5448338e+06
   2.5448478e+06
   2.5452161e+06
   2.5452833e+06
   2.5454083e+06
   2.5455589e+06
   2.5471046e+06
   2.5471267e+06
   2.5471539e+06
   2.5472279e+06
   2.5472684e+06
   2.5472828e+06
   2.5505514e+06
   2.5506239e+06
   2.5507142e+06
   2.5507163e+06
   2.5530670e+06
   2.5530902e+06
   2.5534731e+06
   2.5535086e+06
   2.5535361e+06
   2.5536032e+06
   2.5536483e+06
   2.5540663e+06
   2.5541085e+06
   2.5541543e+06
   2.5541742e+06
   2.5542097e+06
   2.5542237e+06
   2.5542638e+06
   2.5542856e+06
   2.5543061e+06
   2.5547251e+06
   2.5547476e+06
   2.5603296e+06
   2.5604687e+06
   2.5604832e+06
   2.5604947e+06
   2.5605421e+06
   2.5606318e+06
   2.5606601e+06
   2.5608446e+06
   2.5609215e+06
   2.5610624e+06
   2.5610776e+06
   2.5611078e+06
   2.5611318e+06
   2.5611728e+06
   2.5612363e+06
   2.5612832e+06
   2.5616548e+06
   2.5616720e+06
   2.5617046e+06
   2.5617486e+06
   2.5617846e+06
   2.5617919e+06
   2.5620634e+06
   2.5620897e+06
   2.5621349e+06
   2.5621458e+06
   2.5623541e+06
   2.5624146e+06
   2.5624250e+06
   2.5624666e+06
   2.5627677e+06
   2.5627875e+06
   2.5628255e+06
   2.5628648e+06
   2.5628807e+06
   2.5630676e+06
   2.5630924e+06
   2.5632040e+06
   2.5632200e+06
   2.5632439e+06
   2.5633106e+06
   2.5633815e+06
   2.5633850e+06
   2.5634450e+06
   2.5634653e+06
   2.5634944e+06
   2.5636219e+06
   2.5637596e+06
   2.5638492e+06
   2.5640809e+06
   2.5641169e+06
   2.5641327e+06
   2.5642348e+06
   2.5642724e+06
   2.5643068e+06
   2.5643824e+06
   2.5644809e+06
   2.5663076e+06
   2.5663384e+06
   2.5663772e+06
   2.5663972e+06
   2.5664139e+06
   2.5671303e+06
   2.5672488e+06
   2.5673578e+06
   2.5673711e+06
   2.5675382e+06
   2.5675630e+06
   2.5680308e+06
   2.5680759e+06
   2.5681093e+06
   2.5681253e+06
   2.5681457e+06
   2.5681932e+06
   2.5684578e+06
   2.5685158e+06
   2.5685469e+06
   2.5685794e+06
   2.5686031e+06
   2.5688033e+06
   2.5688372e+06
   2.5688898e+06
   2.5689204e+06
   2.5689581e+06
   2.5689910e+06
   2.5693079e+06
   2.5693626e+06
   2.5693782e+06
   2.5697543e+06
   2.5697795e+06
   2.5699317e+06
   2.5699649e+06
   2.5699946e+06
   2.5700369e+06
   2.5700415e+06
   2.5701638e+06
   2.5702023e+06
   2.5703595e+06
   2.5703673e+06
   2.5704095e+06
   2.5712283e+06
   2.5712815e+06
   2.5712945e+06
   2.5713890e+06
   2.5714973e+06
   2.5715046e+06
   2.5723048e+06
   2.5723935e+06
   2.6151055e+06
   2.6153354e+06
   2.6161821e+06
   2.6162169e+06
   2.6162516e+06
   2.6163790e+06
   2.6164243e+06
   2.6164668e+06
   2.6164913e+06
   2.6165629e+06
   2.6166788e+06
   2.6172684e+06
   2.6175425e+06
   2.6175669e+06
   2.6178119e+06
   2.6180336e+06
   2.6180518e+06
   2.6181730e+06
   2.6182556e+06
   2.6188232e+06
   2.6188521e+06
   2.6188731e+06
   2.6189693e+06
   2.6189781e+06
   2.6190007e+06
   2.6193459e+06
   2.6193658e+06
   2.6194862e+06
   2.6195041e+06
   2.6196548e+06
   2.6196780e+06
   2.6198347e+06
   2.6199099e+06
   2.6199347e+06
   2.6200236e+06
   2.6201230e+06
   2.6201682e+06
   2.6202094e+06
   2.6205346e+06
   2.6205801e+06
   2.6205943e+06
   2.6206606e+06
   2.6221019e+06
   2.6221045e+06
   2.6221273e+06
   2.6221972e+06
   2.6228674e+06
   2.6229300e+06
   2.6229451e+06
   2.6229811e+06
   2.6229967e+06
   2.6230091e+06
   2.6230696e+06
   2.6230791e+06
   2.6232158e+06
   2.6232257e+06
   2.6232386e+06
   2.6232520e+06
   2.6233184e+06
   2.6233943e+06
   2.6235806e+06
   2.6236214e+06
   2.6236827e+06
   2.6236885e+06
   2.6237813e+06
   2.6238331e+06
   2.6239104e+06
   2.6242513e+06
   2.6243412e+06
   2.6243679e+06
   2.6315973e+06
   2.6316148e+06
   2.6327913e+06
   2.6328665e+06
   2.6328888e+06
   2.6329301e+06
   2.6329857e+06
   2.6332052e+06
   2.6334672e+06
   2.6335072e+06
   2.6335103e+06
   2.6335492e+06
   2.6335559e+06
   2.6338724e+06
   2.6338912e+06
   2.6339036e+06
   2.6339316e+06
   2.6339816e+06
   2.6340186e+06
   2.6340537e+06
   2.6343706e+06
   2.6363035e+06
   2.6363121e+06
   2.6363666e+06
   2.6363877e+06
   2.6365633e+06
   2.6365873e+06
   2.6368673e+06
   2.6369067e+06
   2.6369270e+06
   2.6369445e+06
   2.6370262e+06
   2.6370359e+06
   2.6547220e+06
   2.6547267e+06
   2.6706605e+06
   2.6706851e+06
   2.6707237e+06
   2.6710104e+06
   2.6710422e+06
   2.6710746e+06
   2.6711374e+06
   2.6712150e+06
   2.6712470e+06
   2.6712744e+06
   2.6714639e+06
   2.6714875e+06
   2.6715040e+06
   2.6715891e+06
   2.6716859e+06
   2.6716950e+06
   2.6717396e+06
   2.6720019e+06
   2.6720190e+06
   2.6720788e+06
   2.6721010e+06
   2.6722460e+06
   2.6726549e+06
   2.6727171e+06
   2.6727466e+06
   2.6736876e+06
   2.6737980e+06
   2.6738083e+06
   2.6738390e+06
   2.6738706e+06
   2.6739095e+06
   2.6739859e+06
   2.6741296e+06
   2.6741505e+06
   2.6741846e+06
   2.6742540e+06
   2.6742682e+06
   2.6742920e+06
   2.6751410e+06
   2.6753027e+06
   2.6753389e+06
   2.6758493e+06
   2.6758631e+06
   2.6760302e+06
   2.6760418e+06
   2.6761092e+06
   2.6761149e+06
   2.6761363e+06
   2.6762296e+06
   2.6762925e+06
   2.6764628e+06
   2.6764746e+06
   2.6765134e+06
   2.6770974e+06
   2.6772260e+06
   2.6772367e+06
   2.6772462e+06
   2.6773489e+06
   2.6774564e+06
   2.6774961e+06
   2.6775219e+06
   2.6775428e+06
   2.6775535e+06
   2.6776591e+06
   2.6776633e+06
   2.6777079e+06
   2.6779223e+06
   2.6779282e+06
   2.6779522e+06
   2.6780257e+06
   2.6780892e+06
   2.6783287e+06
   2.6931758e+06
   2.6932823e+06
   2.6932936e+06
   2.6933153e+06
   2.6933363e+06
   2.6934025e+06
   2.6936985e+06
   2.6941338e+06
   2.6941685e+06
   2.6941993e+06
   2.6942133e+06
   2.6942893e+06
   2.6943257e+06
   2.6943574e+06
   2.6943634e+06
   2.6944311e+06
   2.6944409e+06
   2.6944506e+06
   2.6945458e+06
   2.6946505e+06
   2.6946658e+06
   2.6946880e+06
   2.6947015e+06
   2.6947105e+06
   2.6954515e+06
   2.6955586e+06
   2.6955675e+06
   2.6955968e+06
   2.6955996e+06
   2.6956123e+06
   2.6956367e+06
   2.6957152e+06
   2.6957721e+06
   2.6958206e+06
   2.6958227e+06
   2.6958760e+06
   2.6959701e+06
   2.6961294e+06
   2.6961669e+06
   2.6961970e+06
   2.6962046e+06
   2.6979058e+06
   2.6979103e+06
   2.6979554e+06
   2.6980300e+06
   2.6981536e+06
   2.6981735e+06
   2.6981764e+06
   2.6981812e+06
   2.6983092e+06
   2.6983334e+06
   2.6983403e+06
   2.6983555e+06
   2.6985634e+06
   2.6985716e+06
   2.6985748e+06
   2.6986137e+06
   2.6986752e+06
   2.6986881e+06
   2.7011511e+06
   2.7011745e+06
   2.7015862e+06
   2.7016644e+06
   2.7017683e+06
   2.7018418e+06
   2.7018624e+06
   2.7019043e+06
   2.7036830e+06
   2.7045611e+06
   2.7046180e+06
   2.7046524e+06
   2.7047776e+06
   2.7048349e+06
   2.7048477e+06
   2.7050801e+06
   2.7052146e+06
   2.7055451e+06
   2.7055712e+06
   2.7056417e+06
   2.7056508e+06
   2.7056706e+06
   2.7056781e+06
   2.7057365e+06
   2.7057957e+06
   2.7058368e+06
   2.7062637e+06
   2.7062864e+06
   2.7063903e+06
   2.7064443e+06
   2.7064625e+06
   2.7064788e+06
   2.7065766e+06
   2.7065836e+06
   2.7065888e+06
   2.7066159e+06
   2.7067810e+06
   2.7068170e+06
   2.7068878e+06
   2.7069059e+06
   2.7069163e+06
   2.7074936e+06
   2.7075548e+06
   2.7075831e+06
   2.7075974e+06
   2.7076040e+06
   2.7076485e+06
   2.7076582e+06
   2.7077054e+06
   2.7077244e+06
   2.7077361e+06
   2.7078121e+06
   2.7078470e+06
   2.7078829e+06
   2.7103010e+06
   2.7103095e+06
   2.7103226e+06
   2.7104210e+06
   2.7104381e+06
   2.7114879e+06
   2.7115285e+06
   2.7122398e+06
   2.7122563e+06
   2.7148478e+06
   2.7148579e+06
   2.7149077e+06
   2.7149825e+06
   2.7150934e+06
   2.7155403e+06
   2.7157272e+06
   2.7158017e+06
   2.7158467e+06
   2.7160948e+06
   2.7166054e+06
   2.7166276e+06
   2.7168061e+06
   2.7168466e+06
   2.7168567e+06
   2.7168721e+06
   2.7168888e+06
   2.7169162e+06
   2.7169573e+06
   2.7169652e+06
   2.7169770e+06
   2.7170545e+06
   2.7170645e+06
   2.7170994e+06
   2.7171665e+06
   2.7171807e+06
   2.7172855e+06
   2.7173283e+06
   2.7173722e+06
   2.7174240e+06
   2.7178261e+06
   2.7178513e+06
   2.7230280e+06
   2.7231973e+06
   2.7232260e+06
   2.7232933e+06
   2.7234865e+06
   2.7234967e+06
   2.7235636e+06
   2.7235849e+06
   2.7236059e+06
   2.7236392e+06
   2.7240241e+06
   2.7240667e+06
   2.7241701e+06
   2.7244283e+06
   2.7246855e+06
   2.7247106e+06
   2.7249571e+06
   2.7252754e+06
   2.7253242e+06
   2.7253560e+06
   2.7255226e+06
   2.7255619e+06
   2.7255703e+06
   2.7256060e+06
   2.7256735e+06
   2.7260559e+06
   2.7261038e+06
   2.7261676e+06
   2.7262231e+06
   2.7262877e+06
   2.7263200e+06
   2.7263329e+06
   2.7264939e+06
   2.7265311e+06
   2.7265564e+06
   2.7265795e+06
   2.7267933e+06
   2.7268514e+06
   2.7268908e+06
   2.7269097e+06
   2.7269182e+06
   2.7269623e+06
   2.7269994e+06
   2.7270080e+06
   2.7271137e+06
   2.7271419e+06
   2.7272361e+06
   2.7272767e+06
   2.7295762e+06
   2.7296024e+06
   2.7296642e+06
   2.7298061e+06
   2.7298292e+06
   2.7298776e+06
   2.7298888e+06
   2.7299206e+06
   2.7299430e+06
   2.7299574e+06
   2.7299592e+06
   2.7299823e+06
   2.7301133e+06
   2.7301224e+06
   2.7301343e+06
   2.7301658e+06
   2.7302226e+06
   2.7302475e+06
   2.7307987e+06
   2.7308994e+06
   2.7309232e+06
   2.7310138e+06
   2.7314096e+06
   2.7314415e+06
   2.7314741e+06
   2.7315126e+06
   2.7315193e+06
   2.7315452e+06
   2.7315634e+06
   2.7316406e+06
   2.7316499e+06
   2.7317341e+06
   2.7317602e+06
   2.7317839e+06
   2.7318230e+06
   2.7318545e+06
   2.7326441e+06
   2.7326925e+06
   2.7328591e+06
   2.7329528e+06
   2.7330339e+06
   2.7330526e+06
   2.7330725e+06
   2.7331082e+06
   2.7331767e+06
   2.7332077e+06
   2.7333569e+06
   2.7333788e+06
   2.7334078e+06
   2.7334497e+06
   2.7335280e+06
   2.7335483e+06
   2.7336465e+06
   2.7336679e+06
   2.7340838e+06
   2.7341403e+06
   2.7341577e+06
   2.7358701e+06
   2.7359568e+06
   2.7359890e+06
   2.7368545e+06
   2.7368705e+06
   2.7369090e+06
   2.7375483e+06
   2.7376186e+06
   2.7376304e+06
   2.7377657e+06
   2.7378310e+06
   2.7379267e+06
   2.7380575e+06
   2.7381149e+06
   2.7386422e+06
   2.7386815e+06
   2.7387684e+06
   2.7394674e+06
   2.7394916e+06
   2.7400675e+06
   2.7400923e+06
   2.7401267e+06
   2.7406627e+06
   2.7406806e+06
   2.7407462e+06
   2.7408554e+06
   2.7425106e+06
   2.7425608e+06
   2.7426007e+06
   2.7426219e+06
   2.7426438e+06
   2.7426913e+06
   2.7429829e+06
   2.7430571e+06
   2.7430642e+06
   2.7431139e+06
   2.7432749e+06
   2.7433000e+06
   2.7442077e+06
   2.7442726e+06
   2.7447076e+06
   2.7723477e+06
   2.7724181e+06
   2.7724517e+06
   2.7727501e+06
   2.7753982e+06
   2.7754811e+06
   2.7757382e+06
   2.7757723e+06
   2.7759439e+06
   2.7760170e+06
   2.7761930e+06
   2.7762146e+06
   2.7762610e+06
   2.7762869e+06
   2.7782863e+06
   2.7783104e+06
   2.7783323e+06
   2.7783646e+06
   2.7783976e+06
   2.7787501e+06
   2.7788156e+06
   2.7788393e+06
   2.7789609e+06
   2.7790013e+06
   2.7790717e+06
   2.7791526e+06
   2.7791645e+06
   2.7791741e+06
   2.7795956e+06
   2.8421767e+06
   2.8428608e+06
   2.8428868e+06
   2.8429479e+06
   2.8432495e+06
   2.8487497e+06
   2.8487588e+06
   2.8487708e+06
   2.8490596e+06
   2.8490755e+06
   2.8495144e+06
   2.8495459e+06
   2.8498464e+06
   2.8499192e+06
   2.8502717e+06
   2.8502790e+06
   2.8505059e+06
   2.8505191e+06
   2.8510011e+06
   2.8510210e+06
   2.8510885e+06
   2.8510989e+06
   2.8511349e+06
   2.8512785e+06
   2.8512980e+06
   2.8515816e+06
   2.8515848e+06
   2.8516031e+06
   2.8516955e+06
   2.8517318e+06
   2.8527410e+06
   2.8540338e+06
   2.8542073e+06
   2.8542351e+06
   2.8542395e+06
   2.8543431e+06
   2.8551487e+06
   2.8551873e+06
   2.8552005e+06
   2.8552115e+06
   2.8553116e+06
   2.8555654e+06
   2.8559660e+06
   2.8559921e+06
   2.8565932e+06
   2.8566239e+06
   2.8566716e+06
   2.8568185e+06
   2.8568759e+06
   2.8568792e+06
   2.8569078e+06
   2.8576268e+06
   2.8576556e+06
   2.8576925e+06
   2.8579418e+06
   2.8585383e+06
   2.8586026e+06
   2.8587551e+06
   2.8590251e+06
   2.8591274e+06
   2.8594397e+06
   2.8594546e+06
   2.8594687e+06
   2.8597392e+06
   2.8602285e+06
   2.8602413e+06
   2.8602500e+06
   2.8602624e+06
   2.8603139e+06
   2.8603433e+06
   2.8603613e+06
   2.8608127e+06
   2.8615015e+06
   2.8615801e+06
   2.8616203e+06
   2.8616772e+06
   2.8616988e+06
   2.8617122e+06
   2.8617963e+06
   2.8618536e+06
   2.8619355e+06
   2.8623161e+06
   2.8625454e+06
   2.8625521e+06
   2.8625742e+06
   2.8626545e+06
   2.8627314e+06
   2.8628628e+06
   2.8629617e+06
   2.8652335e+06
   2.8652566e+06
   2.8653768e+06
   2.8653956e+06
   2.8663687e+06
   2.8663983e+06
   2.8664402e+06
   2.8665084e+06
   2.8665311e+06
   2.8666002e+06
   2.8666184e+06
   2.8666251e+06
   2.8667992e+06
   2.8668511e+06
   2.8668742e+06
   2.8669177e+06
   2.8669286e+06
   2.8675769e+06
   2.8676211e+06
   2.8676426e+06
   2.8676794e+06
   2.8677646e+06
   2.8677795e+06
   2.8678509e+06
   2.8679521e+06
   2.8680195e+06
   2.8686304e+06
   2.8686773e+06
   2.8686863e+06
   2.8686942e+06
   2.8687907e+06
   2.8688294e+06
   2.8703416e+06
   2.8703751e+06
   2.8704430e+06
   2.8705164e+06
   2.8705633e+06
   3.5518478e+06
   3.5526414e+06
   3.5526523e+06
   3.5526841e+06
   3.5527329e+06
   3.5527510e+06
   3.5531638e+06
   3.5531703e+06
   3.5531827e+06
   3.5535576e+06
   3.5535810e+06
   3.5535905e+06
   3.5536030e+06
   3.5536243e+06
   3.5536743e+06
   3.5537138e+06
   3.5537632e+06
   3.5537786e+06
   3.5538078e+06
   3.5538569e+06
   3.5538946e+06
   3.5539860e+06
   3.5543551e+06
   3.6282892e+06
   3.6283591e+06
   3.6283717e+06
   3.6313227e+06
   3.6314805e+06
   3.6323363e+06
   3.6324781e+06
   3.6325174e+06
   3.6325212e+06
   3.6327674e+06
   3.6330022e+06
   3.6330181e+06
   3.6330241e+06
   3.6330873e+06
   3.6337327e+06
   3.6339049e+06
   3.6339218e+06
   3.6340628e+06
   3.6340905e+06
   3.6340932e+06
   3.6341137e+06
   3.6342665e+06
   3.6343041e+06
   3.6345701e+06
   3.6347061e+06
   3.6347162e+06
   3.6352193e+06
   3.6352709e+06
   3.6352762e+06
   3.6353787e+06
   3.6354328e+06
   3.6363211e+06
   3.6369804e+06
   3.6370153e+06
   3.6370333e+06
   3.6370511e+06
   3.6371216e+06
   3.6389267e+06
   3.6405797e+06
   3.6414892e+06
   3.6415168e+06
   3.6415616e+06
   3.6415712e+06
   3.6416101e+06
   3.6416217e+06
   3.6416654e+06
   3.6418967e+06
   3.6419135e+06
   3.6419948e+06
   3.6420101e+06
   3.6421148e+06
   3.6421354e+06
   3.6421644e+06
   3.6580290e+06
   3.6581804e+06
   3.6582869e+06
   3.6588653e+06
   3.6589254e+06
   3.6589821e+06
   3.6591370e+06
   3.6591835e+06
   3.6591932e+06
   3.6592088e+06
   3.6592831e+06
   3.6593714e+06
   3.6607907e+06
   3.6608190e+06
   3.6609258e+06
   3.6610040e+06
   3.6610166e+06
   3.6625739e+06
   3.6626944e+06
   3.6629717e+06
   3.6631775e+06
   3.6632036e+06
   3.6632385e+06
   3.6632856e+06
   3.6633171e+06
   3.6634845e+06
   3.6635316e+06
   3.6635395e+06
   3.6635497e+06
   3.6635595e+06
   3.6635870e+06
   3.6636919e+06
   3.6637700e+06
   3.6637829e+06
   3.6637968e+06
   3.6638694e+06
   3.6644957e+06
   3.6645093e+06
   3.6646009e+06
   3.6646673e+06
   3.6646788e+06
   3.6648356e+06
   3.6648625e+06
   3.6650082e+06
   3.6650284e+06
   3.6650870e+06
   3.6651379e+06
   3.6652673e+06
   3.6652757e+06
   3.6685211e+06
   3.6685627e+06
   3.6686451e+06
   3.6695790e+06
   3.6696813e+06
   3.6697079e+06
   3.6697158e+06
   3.6697349e+06
   3.6697536e+06
   3.6698718e+06
   3.6700671e+06
   3.6700815e+06
   3.6701755e+06
   3.6702054e+06
   3.6702298e+06
   3.6702584e+06
   3.6702749e+06
   3.6808860e+06
   3.6814337e+06
   3.6818334e+06
   3.6819397e+06
   3.6821577e+06
   3.6821760e+06
   3.6822075e+06
   3.6822838e+06
   3.6823592e+06
   3.6823724e+06
   3.6824122e+06
   3.6829102e+06
   3.6829556e+06
   3.6830176e+06
   3.6855701e+06
   3.6856355e+06
   3.6857812e+06
   3.6857863e+06
   3.6858041e+06
   3.6859768e+06
   3.6860245e+06
   3.6860725e+06
   3.6860998e+06
   3.6862732e+06
   3.6862831e+06
   3.6863404e+06
   3.6864663e+06
   3.6864812e+06
   3.6865267e+06
   3.6865401e+06
   3.6865706e+06
   3.6865753e+06
   3.6866206e+06
   3.6866356e+06
   3.6866522e+06
   3.6867456e+06
   3.6867744e+06
   3.6869165e+06
   3.6869645e+06
   3.6869786e+06
   3.6877618e+06
   3.6877697e+06
   3.6877779e+06
   3.6877897e+06
   3.6878234e+06
   3.6880857e+06
   3.6961130e+06
   3.6962386e+06
   3.6963096e+06
   3.7019704e+06
   3.7019792e+06
   3.7020013e+06
   3.7022365e+06
   3.7025513e+06
   3.7025876e+06
   3.7049419e+06
   3.7050267e+06
   3.7050956e+06
   3.7053653e+06
   3.7053876e+06
   3.7054115e+06
   3.7080592e+06
   3.7084111e+06
   3.7084256e+06
   3.7084625e+06
   3.7084728e+06
   3.7085468e+06
   3.7091322e+06
   3.7091555e+06
   3.7092728e+06
   3.7092956e+06
   3.7098173e+06
   3.7099512e+06
   3.7119858e+06
   3.7119952e+06
   3.7120267e+06
   3.7120395e+06
   3.7120529e+06
   3.7121267e+06
   3.7121455e+06
   3.7121563e+06
   3.7121697e+06
   3.7126068e+06
   3.7126351e+06
   3.7126717e+06
   3.7127396e+06
   3.7127690e+06
   3.7142256e+06
   3.7142864e+06
   3.7144162e+06
   3.7144281e+06
   3.7144482e+06
   3.7144679e+06
   3.7145028e+06
   3.7146696e+06
   3.7147345e+06
   3.7147657e+06
   3.7147691e+06
   3.7182493e+06
   3.7182822e+06
   3.7200967e+06
   3.7201284e+06
   3.7210178e+06
   3.7210465e+06
   3.7210634e+06
   3.7211312e+06
   3.7213509e+06
   3.7213712e+06
   3.7213856e+06
   3.7214184e+06
   3.7217563e+06
   3.7217806e+06
   3.7217932e+06
   3.7218278e+06
   3.7233986e+06
   3.7234173e+06
   3.7236095e+06
   3.7237832e+06
   3.7238142e+06
   3.7242950e+06
   3.7243551e+06
   3.7245288e+06
   3.7245622e+06
   3.7255065e+06
   3.7255262e+06
   3.7255882e+06
   3.7256241e+06
   3.7326697e+06
   3.7326954e+06
   3.7327049e+06
   3.7327437e+06
   3.7328866e+06
   3.7330408e+06
   3.7331075e+06
   3.7332346e+06
   3.7333565e+06
   3.7333901e+06
   3.7334575e+06
   3.7336741e+06
   3.7356985e+06
   3.7357425e+06
   3.7363238e+06
   3.7363521e+06
   3.7364336e+06
   3.7364762e+06
   3.7365248e+06
   3.7370255e+06
   3.7370458e+06
   3.7370673e+06
   3.7374826e+06
   3.7374974e+06
   3.7375369e+06
   3.7375581e+06
   3.7382338e+06
   3.7383640e+06
   3.7383720e+06
   3.7384096e+06
   3.7384156e+06
   3.7385068e+06
   3.7385206e+06
   3.7385936e+06
   3.7386277e+06
   3.7396091e+06
   3.7396735e+06
   3.7397561e+06
   3.7398913e+06
   3.7399508e+06
   3.7409421e+06
   3.7411837e+06
   3.7413605e+06
   3.7413992e+06
   3.7429480e+06
   3.7429633e+06
   3.7432868e+06
   3.7433015e+06
   3.7441312e+06
   3.7441704e+06
   3.7442080e+06
   3.7443596e+06
   3.7443797e+06
   3.7445028e+06
   3.7734547e+06
   3.7734851e+06
   3.7735251e+06
   3.7735428e+06
   3.7736005e+06
   3.7736179e+06
   3.7736657e+06
   3.7737327e+06
   3.7737476e+06
   3.7737531e+06
   3.7737776e+06
   3.7740717e+06
   3.7740905e+06
   3.7741050e+06
   3.7745028e+06
   3.7747038e+06
   3.7747324e+06
   3.7747660e+06
   3.7747823e+06
   3.7755766e+06
   3.7756132e+06
   3.7756646e+06
   3.7757142e+06
   3.7757430e+06
   3.7758885e+06
   3.7759694e+06
   3.7759977e+06
   3.7760852e+06
   3.7760943e+06
   3.7761230e+06
   3.7761766e+06
   3.7761977e+06
   3.7762228e+06
   3.7764212e+06
   3.7764339e+06
   3.7764724e+06
   3.7765292e+06
   3.7765527e+06
   3.7765894e+06
   3.7766247e+06
   3.7766732e+06
   3.7767035e+06
   3.7767946e+06
   3.7768096e+06
   3.7768568e+06
   3.7768777e+06
   3.7770139e+06
   3.7770477e+06
   3.7770636e+06
   3.7772189e+06
   3.7772288e+06
   3.7784678e+06
   3.7816504e+06
   3.7820377e+06
   3.7823104e+06
   3.7826640e+06
   3.7827419e+06
   3.7827979e+06
   3.7830694e+06
   3.7830934e+06
   3.7832555e+06
   3.7833388e+06
   3.7833999e+06
   3.7836538e+06
   3.7836766e+06
   3.7837071e+06
   3.7837556e+06
   3.7843811e+06
   3.7844807e+06
   3.7845141e+06
   3.7854126e+06
   3.7862806e+06
   3.7863041e+06
   3.7863461e+06
   3.7877743e+06
   3.7877957e+06
   3.7878101e+06
   3.7931215e+06
   3.7931324e+06
   3.7931696e+06
   3.7931990e+06
   3.7932396e+06
   3.7932562e+06
   3.8011987e+06
   3.8012430e+06
   3.8012899e+06
   3.8030319e+06
   3.8031160e+06
   3.8031461e+06
   3.8033666e+06
   3.8034061e+06
   3.8034321e+06
   3.8034589e+06
   3.8034753e+06
   3.8036502e+06
   3.8036638e+06
   3.8036728e+06
   3.8036814e+06
   3.8037309e+06
   3.8056881e+06
   3.8057956e+06
   3.8058357e+06
   3.8058453e+06
   3.8058855e+06
   3.8058921e+06
   3.8059403e+06
   3.8059691e+06
   3.8064548e+06
   3.8066133e+06
   3.8073949e+06
   3.8074139e+06
   3.8074270e+06
   3.8074298e+06
   3.8122462e+06
   3.8123057e+06
   3.8123136e+06
   3.8172973e+06
   3.8173197e+06
   3.8173304e+06
   3.8174218e+06
   3.8174425e+06
   3.8174531e+06
   3.8176954e+06
   3.8177116e+06
   3.8177568e+06
   3.8178111e+06
   3.8178179e+06
   3.8178279e+06
   3.8182881e+06
   3.8183004e+06
   3.8183184e+06
   3.8184505e+06
   3.8185445e+06
   3.8185924e+06
   3.8186096e+06
   3.8186232e+06
   3.8186359e+06
   3.8186512e+06
   3.8192809e+06
   3.8194049e+06
   3.8194217e+06
   3.8194978e+06
   3.8195991e+06
   3.8196052e+06
   3.8196228e+06
   3.8204584e+06
   3.8204881e+06
   3.8205131e+06
   3.8205572e+06
   3.8206565e+06
   3.8207047e+06
   3.8207563e+06
   3.8207611e+06
   3.8207739e+06
   3.8208242e+06
   3.8208886e+06
   3.8214704e+06
   3.8214874e+06
   3.8217539e+06
   3.8218297e+06
   3.8219577e+06
   3.8219855e+06
   3.8220804e+06
   3.8221072e+06
   3.8254634e+06
   3.8254845e+06
   3.8255392e+06
   3.8258182e+06
   3.8258431e+06
   3.8258459e+06
   3.8258981e+06
   3.8260422e+06
   3.8260491e+06
   3.8260526e+06
   3.8260904e+06
   3.8261312e+06
   3.8261913e+06
   3.8265477e+06
   3.8265598e+06
   3.8270297e+06
   3.8270471e+06
   3.8271063e+06
   3.8271275e+06
   3.8271851e+06
   3.8272877e+06
   3.8284070e+06
   3.8284347e+06
   3.8284502e+06
   3.8284817e+06
   3.8285330e+06
   3.8285411e+06
   3.8285935e+06
   3.8286252e+06
   3.8286474e+06
   3.8287197e+06
   3.8287345e+06
   3.8288524e+06
   3.8288640e+06
   3.8289216e+06
   3.8290524e+06
   3.8290776e+06
   3.8290840e+06
   3.8291047e+06
   3.8295708e+06
   3.8296238e+06
   3.8297181e+06
   3.8297871e+06
   3.8298186e+06
   3.8298723e+06
   3.8298983e+06
   3.8299110e+06
   3.8338278e+06
   3.8338750e+06
   3.8339501e+06
   3.8339642e+06
   3.8339794e+06
   3.8339978e+06
   3.8349277e+06
   3.8351703e+06
   3.8352554e+06
   3.8352645e+06
   3.8352873e+06
   3.8354586e+06
   3.8354740e+06
   3.8354802e+06
   3.8355051e+06
   3.8355254e+06
   3.8359705e+06
   3.8368729e+06
   3.8369424e+06
   3.8370009e+06
   3.8370377e+06
   3.8371817e+06
   3.8371909e+06
   3.8372553e+06
   3.8373250e+06
   3.8374779e+06
   3.8375011e+06
   3.8375279e+06
   3.8375578e+06
   3.8376116e+06
   3.8376400e+06
   3.8377378e+06
   3.8379138e+06
   3.8379251e+06
   3.8379391e+06
   3.8381303e+06
   3.8381733e+06
   3.8382942e+06
   3.8383093e+06
   3.8386697e+06
   3.8387394e+06
   3.8387710e+06
   3.8388406e+06
   3.8388533e+06
   3.8388917e+06
   3.8389321e+06
   3.8395114e+06
   3.8396520e+06
   3.8397417e+06
   3.8400159e+06
   3.8400392e+06
   3.8401101e+06
   3.8401200e+06
   3.8401286e+06
   3.8402225e+06
   3.8404245e+06
   3.8406474e+06
   3.8408360e+06
   3.8408433e+06
   3.8409063e+06
   3.8411133e+06
   3.8445364e+06
   3.8445553e+06
   3.8446226e+06
   3.8446343e+06
   3.8446441e+06
   3.8607652e+06
   3.8609513e+06
   3.8610625e+06
   3.8621724e+06
   3.8621836e+06
   3.8622106e+06
   3.8622513e+06
   3.8623121e+06
   3.8624635e+06
   3.8624786e+06
   3.8628352e+06
   3.8628607e+06
   3.8628792e+06
   3.8630210e+06
   3.8630369e+06
   3.8630876e+06
   3.8631370e+06
   3.8633659e+06
   3.8633852e+06
   3.8633998e+06
   3.8634361e+06
   3.8635255e+06
   3.8635494e+06
   3.8637796e+06
   3.8637877e+06
   3.8637980e+06
   3.8638393e+06
   3.8640736e+06
   3.8641775e+06
   3.8642140e+06
   3.8643194e+06
   3.8644009e+06
   3.8644139e+06
   3.8715971e+06
   3.8716139e+06
   3.8716372e+06
   3.8717134e+06
   3.8717381e+06
   3.8718379e+06
   3.8718636e+06
   3.8719041e+06
   3.8719549e+06
   3.8719688e+06
   3.8720087e+06
   3.8720265e+06
   3.8720429e+06
   3.8720541e+06
   3.8720957e+06
   3.8763511e+06
   3.8763670e+06
   3.8764057e+06
   3.8766972e+06
   3.8767501e+06
   3.8782800e+06
   3.8783524e+06
   3.8792324e+06
   3.8792464e+06
   3.8795062e+06
   3.8796426e+06
   3.8965414e+06
   3.8965581e+06
   3.8965671e+06
   3.8966140e+06
   3.8966442e+06
   3.9105477e+06
   3.9105736e+06
   3.9106033e+06
   3.9109360e+06
   3.9109676e+06
   3.9137621e+06
   3.9142878e+06
   3.9143305e+06
   3.9143780e+06
   3.9163225e+06
   3.9168762e+06
   3.9169263e+06
   3.9173573e+06
   3.9243067e+06
   3.9243361e+06
   3.9243677e+06
   3.9245063e+06
   3.9245392e+06
   3.9245592e+06
   3.9245961e+06
   3.9246712e+06
   3.9246885e+06
   3.9247075e+06
   3.9247508e+06
   3.9248646e+06
   3.9249668e+06
   3.9250371e+06
   3.9250521e+06
   3.9250959e+06
   3.9251531e+06
   3.9251613e+06
   3.9302430e+06
   3.9302741e+06
   3.9303057e+06
   3.9314268e+06
   3.9314818e+06
   3.9315046e+06
   3.9315464e+06
   3.9316145e+06
   3.9316323e+06
   3.9320619e+06
   3.9321173e+06
   3.9324004e+06
   3.9324108e+06
   3.9324964e+06
   3.9325514e+06
   3.9326073e+06
   3.9326477e+06
   3.9327862e+06
   3.9331843e+06
   3.9332086e+06
   3.9332448e+06
   3.9332951e+06
   3.9333470e+06
   3.9335087e+06
   3.9335721e+06
   3.9383435e+06
   3.9383704e+06
   3.9384349e+06
   3.9736453e+06
   3.9736587e+06
   3.9736699e+06
   3.9736894e+06
   3.9737780e+06
   3.9797116e+06
   3.9797177e+06
   3.9798445e+06
   3.9798721e+06
   3.9804885e+06
   3.9810428e+06
   3.9810888e+06
   3.9811274e+06
   3.9814431e+06
   3.9814663e+06
   3.9846798e+06
   3.9848410e+06
   3.9848657e+06
   3.9849359e+06
   3.9851254e+06
   3.9851858e+06
   3.9852979e+06
   3.9854027e+06
   3.9854407e+06
   3.9855641e+06
   3.9857601e+06
   3.9858460e+06
   3.9879081e+06
   3.9881440e+06
   3.9882621e+06
   3.9883565e+06
   3.9884167e+06
   3.9884296e+06
   3.9884461e+06
   3.9884890e+06
   3.9885113e+06
   3.9885583e+06
   3.9923847e+06
   3.9924203e+06
   3.9924961e+06
   3.9925114e+06
   3.9930903e+06
   3.9931065e+06
   3.9931118e+06
   3.9931859e+06
   3.9931938e+06
   3.9932515e+06
   3.9934688e+06
   3.9935002e+06
   3.9936552e+06
   3.9936943e+06
   3.9937067e+06
   3.9937447e+06
   3.9937695e+06
   3.9939001e+06
   3.9939259e+06
   3.9997018e+06
   3.9997163e+06
   3.9997240e+06
   3.9997381e+06
   3.9997469e+06
   3.9997776e+06
   3.9997915e+06
   4.0000480e+06
   4.0002439e+06
   4.0005369e+06
   4.0005979e+06
   4.0006243e+06
   4.0006469e+06
   4.0007254e+06
   4.0008531e+06
   4.0016276e+06
   4.0016499e+06
   4.0016782e+06
   4.0066645e+06
   4.0066748e+06
   4.0066973e+06
   4.0067048e+06
   4.0067742e+06
   4.0069799e+06
   4.0070038e+06
   4.0070262e+06
   4.0648892e+06
   4.0654796e+06
   4.0656171e+06
   4.0657074e+06
   4.0657222e+06
   4.0657703e+06
   4.0659505e+06
   4.0659577e+06
   4.0659662e+06
   4.0659762e+06
   4.0659938e+06
   4.0660241e+06
   4.0660600e+06
   4.0660778e+06
   4.0660995e+06
   4.0662025e+06
   4.0662177e+06
   4.0662562e+06
   4.0662941e+06
   4.0663404e+06
   4.0664622e+06
   4.0664721e+06
   4.0664810e+06
   4.0664866e+06
   4.0665102e+06
   4.0666306e+06
   4.0666347e+06
   4.0666371e+06
   4.0677374e+06
   4.0678815e+06
   4.0679296e+06
   4.0679460e+06
   4.0680330e+06
   4.0681333e+06
   4.0682212e+06
   4.0683429e+06
   4.0683879e+06
   4.0684753e+06
   4.0685301e+06
   4.0685537e+06
   4.0685784e+06
   4.0686299e+06
   4.0686634e+06
   4.0686818e+06
   4.2932715e+06
   4.2932836e+06
   4.2933261e+06
   4.2935719e+06
   4.2935909e+06
   4.2936353e+06
   4.2938002e+06
   4.2938027e+06
   4.2939051e+06
   4.2939226e+06
   4.2939331e+06
   4.2940150e+06
   4.2940444e+06
   4.2941077e+06
   4.2941269e+06
   4.3005015e+06
   4.3005060e+06
   4.3005182e+06
   4.3006163e+06
   4.3006289e+06
   4.3006571e+06
   4.3006659e+06
   4.3009906e+06
   4.3010233e+06
   4.3010424e+06
   4.3011398e+06
   4.3011670e+06
   4.3013626e+06
   4.3014405e+06
   4.3014529e+06
   4.3015216e+06
   4.3015984e+06
   4.3016485e+06
   4.3017685e+06
   4.3017826e+06
   4.3019670e+06
   4.3020438e+06
   4.3020593e+06
   4.3021873e+06
   4.3021990e+06
   4.3034377e+06
   4.3034795e+06
   4.3040280e+06
   4.3040883e+06
   4.3040976e+06
   4.3041821e+06
   4.3042085e+06
   4.3042486e+06
   4.3043117e+06
   4.3043163e+06
   4.3049200e+06
   4.3049403e+06
   4.3050792e+06
   4.3051822e+06
   4.3052448e+06
   4.3054171e+06
   4.3054378e+06
   4.3054707e+06
   4.3055160e+06
   4.3055686e+06
   4.3055806e+06
   4.3055973e+06
   4.3056344e+06
   4.3057148e+06
   4.3057668e+06
   4.3061343e+06
   4.3062994e+06
   4.3063396e+06
   4.3063616e+06
   4.3065713e+06
   4.3070152e+06
   4.3070423e+06
   4.3070601e+06
   4.3070627e+06
   4.3070833e+06
   4.3081071e+06
   4.3081258e+06
   4.3081419e+06
   4.3081476e+06
   4.3081685e+06
   4.3084836e+06
   4.3180382e+06
   4.3180794e+06
   4.3181313e+06
   4.3182281e+06
   4.3184350e+06
   4.3184872e+06
   4.3185015e+06
   4.3186424e+06
   4.3203886e+06
   4.3204278e+06
   4.3204908e+06
   4.3205172e+06
   4.3208447e+06
   4.3210118e+06
   4.3210332e+06
   4.3210909e+06
   4.3211179e+06
   4.3222950e+06
   4.3225747e+06
   4.3230531e+06
   4.3777320e+06
   4.3777797e+06
   4.3784442e+06
   4.3784839e+06
   4.3785155e+06
   4.3786880e+06
   4.3811723e+06
   4.3812275e+06
   4.3812475e+06
   4.3812629e+06
   4.3813212e+06
   4.3814059e+06
   4.3814225e+06
   4.3814337e+06
   4.3814712e+06
   4.3815834e+06
   4.3816167e+06
   4.3816226e+06
   4.3816378e+06
   4.3816740e+06
   4.3819745e+06
   4.3820423e+06
   4.3848220e+06
   4.3848718e+06
   4.3849682e+06
   4.3850568e+06
   4.3850764e+06
   4.3850955e+06
   4.3851389e+06
   4.3854795e+06
   4.3855693e+06
   4.3855963e+06
   4.3856016e+06
   4.3857314e+06
   4.3857692e+06
   4.3858546e+06
   4.3858965e+06
   4.3859405e+06
   4.3859546e+06
   4.3860023e+06
   4.3860455e+06
   4.3860538e+06
   4.3863526e+06
   4.3927738e+06
   4.3928501e+06
   4.3930497e+06
   4.3933167e+06
   4.3933545e+06
   4.3933672e+06
   4.3934326e+06
   4.3934502e+06
   4.3935599e+06
   4.3938378e+06
   4.3939775e+06
   4.3943145e+06
   4.3951171e+06
   4.3952631e+06
   4.3953024e+06
