   9.6284499e-10
   5.7787905e-09
   1.1043022e-08
   1.1874638e-08
   1.2878298e-08
   1.4909274e-08
   1.5815705e-08
   1.6869304e-08
   1.8451844e-08
   2.2543770e-08
   2.7483474e-08
   2.7828642e-08
   3.0265279e-08
   3.1897605e-08
   3.4014323e-08
   3.6564494e-08
   4.0309896e-08
   4.2877706e-08
   4.4899012e-08
   4.8103644e-08
   5.1227786e-08
   5.3170824e-08
   5.5509920e-08
   5.6267263e-08
   5.6484680e-08
   5.7803586e-08
   5.9244555e-08
   6.1532826e-08
   6.3553657e-08
   6.5672869e-08
   6.9952771e-08
   7.2757074e-08
   7.3201962e-08
   7.5231548e-08
   7.7622779e-08
   7.8329642e-08
   7.9206993e-08
   8.1245576e-08
   8.3601848e-08
   8.5079452e-08
   8.5205568e-08
   8.7608329e-08
   8.9858892e-08
   9.2276348e-08
   9.5275575e-08
   9.9866031e-08
   1.0088312e-07
   1.0291890e-07
   1.0452651e-07
   1.0613366e-07
   1.1068801e-07
   1.1469550e-07
   1.1836414e-07
   1.2015477e-07
   1.2212206e-07
   1.2459655e-07
   1.2614984e-07
   1.2640487e-07
   1.2781976e-07
   1.3079742e-07
   1.3250042e-07
   1.3432647e-07
   1.3548666e-07
   1.3603046e-07
   1.3886162e-07
   1.4016852e-07
   1.4183518e-07
   1.4382516e-07
   1.4476757e-07
   1.4654211e-07
   1.4820873e-07
   1.5075224e-07
   1.5202218e-07
   1.5634929e-07
   1.5893171e-07
   1.5956231e-07
   1.6057826e-07
   1.6289241e-07
   1.6347074e-07
   1.6445084e-07
   1.6578347e-07
   1.6763381e-07
   1.7168186e-07
   1.7378891e-07
   1.7491250e-07
   1.7616530e-07
   1.7719927e-07
   1.7902387e-07
   1.8014063e-07
   1.8282797e-07
   1.8540502e-07
   1.8943996e-07
   1.9174193e-07
   1.9387838e-07
   1.9634972e-07
   1.9737140e-07
   1.9805016e-07
   1.9991292e-07
   2.0155701e-07
   2.0513060e-07
   2.0845654e-07
   2.1194543e-07
   2.1399154e-07
   2.1513864e-07
   2.1605025e-07
   2.1846794e-07
   2.1951601e-07
   2.2416207e-07
   2.2789522e-07
   2.2997406e-07
   2.3151839e-07
   2.3277158e-07
   2.3421944e-07
   2.3730995e-07
   2.3988497e-07
   2.4082595e-07
   2.4351279e-07
   2.4841316e-07
   2.5022042e-07
   2.5235382e-07
   2.5445259e-07
   2.5756553e-07
   2.6014664e-07
   2.6123903e-07
   2.6363404e-07
   2.6775768e-07
   2.6903936e-07
   2.7051234e-07
   2.7147713e-07
   2.7273828e-07
   2.7345305e-07
   2.7541416e-07
   2.7608697e-07
   2.7795788e-07
   2.7844018e-07
   2.8153623e-07
   2.8317523e-07
   2.8488599e-07
   2.8724511e-07
   2.9093978e-07
   2.9144675e-07
   2.9333609e-07
   2.9515837e-07
   2.9764157e-07
   2.9949424e-07
   3.0193873e-07
   3.0253361e-07
   3.0338807e-07
   3.0393440e-07
   3.0460850e-07
   3.0691437e-07
   3.0963124e-07
   3.1148080e-07
   3.1434045e-07
   3.1635334e-07
   3.1669753e-07
   3.1942842e-07
   3.2145493e-07
   3.2222747e-07
   3.2427795e-07
   3.2581915e-07
   3.2660828e-07
   3.2844676e-07
   3.3011362e-07
   3.3107959e-07
   3.3400506e-07
   3.3467647e-07
   3.3581594e-07
   3.3775101e-07
   3.3942762e-07
   3.4192688e-07
   3.4294898e-07
   3.4575145e-07
   3.4643928e-07
   3.4707022e-07
   3.4792976e-07
   3.5085723e-07
   3.5333628e-07
   3.5420620e-07
   3.5514366e-07
   3.5692246e-07
   3.6000152e-07
   3.6106388e-07
   3.6326028e-07
   3.6464887e-07
   3.6606259e-07
   3.6757701e-07
   3.6806445e-07
   3.7118731e-07
   3.7381058e-07
   3.7394920e-07
   3.7753822e-07
   3.8016182e-07
   3.8249540e-07
   3.8436407e-07
   3.8591493e-07
   3.8765224e-07
   3.9118182e-07
   3.9450466e-07
   3.9569177e-07
   3.9880982e-07
   4.0095684e-07
   4.0222190e-07
   4.0280169e-07
   4.0535820e-07
   4.1018010e-07
   4.1384606e-07
   4.1649410e-07
   4.2009906e-07
   4.2390991e-07
   4.2520831e-07
   4.2673800e-07
   4.2793156e-07
   4.3041862e-07
   4.3338016e-07
   4.3388569e-07
   4.3684918e-07
   4.3787750e-07
   4.4086723e-07
   4.4218421e-07
   4.4605714e-07
   4.4796227e-07
   4.4887297e-07
   4.5184456e-07
   4.5402634e-07
   4.5492497e-07
   4.5669814e-07
   4.5842128e-07
   4.6034760e-07
   4.6328353e-07
   4.6658484e-07
   4.6828523e-07
   4.7000765e-07
   4.7244815e-07
   4.7347127e-07
   4.7470685e-07
   4.7513739e-07
   4.7593858e-07
   4.7824474e-07
   4.8063145e-07
   4.8329185e-07
   4.8417670e-07
   4.8689429e-07
   4.8983735e-07
   4.9064903e-07
   4.9366807e-07
   4.9621251e-07
   4.9954465e-07
   5.0176500e-07
   5.0413713e-07
   5.0538775e-07
   5.0785960e-07
   5.1043849e-07
   5.1085276e-07
   5.1269347e-07
   5.1335890e-07
   5.1495474e-07
   5.1883823e-07
   5.2262469e-07
   5.2401985e-07
   5.2725287e-07
   5.3248741e-07
   5.3355111e-07
   5.3588058e-07
   5.3855868e-07
   5.3942599e-07
   5.3970127e-07
   5.4160312e-07
   5.4408022e-07
   5.4496317e-07
   5.4825652e-07
   5.4966278e-07
   5.5120613e-07
   5.5214187e-07
   5.5535417e-07
   5.5958607e-07
   5.6131468e-07
   5.6230044e-07
   5.6551697e-07
   5.6789862e-07
   5.7113864e-07
   5.7231338e-07
   5.7302660e-07
   5.7656837e-07
   5.8022042e-07
   5.8139566e-07
   5.8188166e-07
   5.8466885e-07
   5.8679602e-07
   5.8821329e-07
   5.9062858e-07
   5.9336289e-07
   5.9575028e-07
   5.9734986e-07
   5.9978420e-07
   6.0207987e-07
   6.0477309e-07
   6.0638984e-07
   6.0790975e-07
   6.0828670e-07
   6.1018702e-07
   6.1080093e-07
   6.1281681e-07
   6.1505415e-07
   6.1546441e-07
   6.1723849e-07
   6.2028397e-07
   6.2239720e-07
   6.2485401e-07
   6.2621844e-07
   6.2868737e-07
   6.3048350e-07
   6.3308501e-07
   6.3440993e-07
   6.3521889e-07
   6.3609663e-07
   6.3806444e-07
   6.3961346e-07
   6.4187524e-07
   6.4322239e-07
   6.4599192e-07
   6.4794140e-07
   6.4840099e-07
   6.5088993e-07
   6.5457125e-07
   6.5614922e-07
   6.5698977e-07
   6.5936759e-07
   6.6186825e-07
   6.6256144e-07
   6.6495000e-07
   6.6811408e-07
   6.7200061e-07
   6.7347442e-07
   6.7540187e-07
   6.7600844e-07
   6.7636103e-07
   6.7742694e-07
   6.7813542e-07
   6.7994209e-07
   6.8228028e-07
   6.8362312e-07
   6.8513241e-07
   6.8748403e-07
   6.8817348e-07
   6.9013031e-07
   6.9193286e-07
   6.9273106e-07
   6.9385345e-07
   6.9547140e-07
   6.9860217e-07
   7.0026436e-07
   7.0240957e-07
   7.0330690e-07
   7.0431926e-07
   7.0473126e-07
   7.0727262e-07
   7.0759899e-07
   7.0994445e-07
   7.1212500e-07
   7.1370506e-07
   7.1435772e-07
   7.1598381e-07
   7.1949572e-07
   7.2173408e-07
   7.2330131e-07
   7.2473784e-07
   7.2541133e-07
   7.2614364e-07
   7.2703377e-07
   7.2762051e-07
   7.2992293e-07
   7.3375934e-07
   7.3708752e-07
   7.4090006e-07
   7.4517046e-07
   7.4671228e-07
   7.4879235e-07
   7.5242622e-07
   7.5524796e-07
   7.5693186e-07
   7.5880583e-07
   7.5994427e-07
   7.6056435e-07
   7.6092550e-07
   7.6265265e-07
   7.6646631e-07
   7.7025420e-07
   7.7133178e-07
   7.7363007e-07
   7.7707658e-07
   7.8004733e-07
   7.8172506e-07
   7.8331783e-07
   7.8572456e-07
   7.8988921e-07
   7.9045254e-07
   7.9404927e-07
   7.9559027e-07
   7.9696141e-07
   7.9943716e-07
   8.0131900e-07
   8.0310478e-07
   8.0367357e-07
   8.0618813e-07
   8.0840556e-07
   8.1049732e-07
   8.1203140e-07
   8.1474201e-07
   8.1726315e-07
   8.1845796e-07
   8.1971166e-07
   8.1998039e-07
   8.2168382e-07
   8.2457388e-07
   8.2556902e-07
   8.2815423e-07
   8.2941345e-07
   8.3128354e-07
   8.3256473e-07
   8.3444783e-07
   8.3690533e-07
   8.3939108e-07
   8.4328825e-07
   8.4684331e-07
   8.4782326e-07
   8.4996902e-07
   8.5337111e-07
   8.5450354e-07
   8.5644493e-07
   8.5784040e-07
   8.5907481e-07
   8.6212204e-07
   8.6580641e-07
   8.6604373e-07
   8.6722975e-07
   8.7031632e-07
   8.7341556e-07
   8.7734670e-07
   8.8148998e-07
   8.8441477e-07
   8.8594509e-07
   8.8871051e-07
   8.9125700e-07
   8.9522726e-07
   8.9649170e-07
   8.9746143e-07
   8.9876009e-07
   8.9918045e-07
   9.0267277e-07
   9.0539179e-07
   9.0697418e-07
   9.0916922e-07
   9.1075513e-07
   9.1289767e-07
   9.1613525e-07
   9.1956421e-07
   9.2218020e-07
   9.2312379e-07
   9.2422884e-07
   9.2617102e-07
   9.2883741e-07
   9.3065935e-07
   9.3256114e-07
   9.3447337e-07
   9.3553507e-07
   9.3846200e-07
   9.4061643e-07
   9.4140320e-07
   9.4425876e-07
   9.4615652e-07
   9.4769844e-07
   9.5060454e-07
   9.5493670e-07
   9.5787474e-07
   9.5861114e-07
   9.6119719e-07
   9.6245148e-07
   9.6372272e-07
   9.6654409e-07
   9.6691797e-07
   9.6831723e-07
   9.6989370e-07
   9.7149235e-07
   9.7477358e-07
   9.7626892e-07
   9.7771658e-07
   9.7807283e-07
   9.7956922e-07
   9.8072969e-07
   9.8190845e-07
   9.8557003e-07
   9.8772313e-07
   9.9067642e-07
   9.9447352e-07
   9.9588570e-07
   9.9792290e-07
   9.9817637e-07
   9.9883770e-07
   1.0409606e-06
   1.0479177e-06
   1.0536170e-06
   1.0562267e-06
   1.0614917e-06
   1.0642436e-06
   1.0726032e-06
   1.0836069e-06
   1.0899200e-06
   1.0952992e-06
   1.1175057e-06
   1.1251565e-06
   1.1399787e-06
   1.1441471e-06
   1.1452461e-06
   1.1524668e-06
   1.1591636e-06
   1.1660479e-06
   1.1740543e-06
   1.1837914e-06
   1.1931804e-06
   1.2051199e-06
   1.2106742e-06
   1.2188011e-06
   1.2226183e-06
   1.2256781e-06
   1.2294219e-06
   1.2342735e-06
   1.2429605e-06
   1.2516860e-06
   1.2607221e-06
   1.2700057e-06
   1.2782954e-06
   1.2885473e-06
   1.2970950e-06
   1.2995025e-06
   1.3028249e-06
   1.3080406e-06
   1.3204028e-06
   1.3255395e-06
   1.3277992e-06
   1.3299725e-06
   1.3320622e-06
   1.3409480e-06
   1.3452990e-06
   1.3490017e-06
   1.3541969e-06
   1.3687436e-06
   1.3865802e-06
   1.4042949e-06
   1.4136088e-06
   1.4185775e-06
   1.4281475e-06
   1.4371042e-06
   1.4384815e-06
   1.4483655e-06
   1.4577994e-06
   1.4685897e-06
   1.4762698e-06
   1.4885789e-06
   1.4976096e-06
   1.5016729e-06
   1.5064166e-06
   1.5190267e-06
   1.5222948e-06
   1.5280790e-06
   1.5333187e-06
   1.5429095e-06
   1.5464663e-06
   1.5594685e-06
   1.5621850e-06
   1.5703198e-06
   1.5846452e-06
   1.5945104e-06
   1.6039998e-06
   1.6144671e-06
   1.6199995e-06
   1.6303279e-06
   1.6517348e-06
   1.6674005e-06
   1.6818497e-06
   1.6891800e-06
   1.7005245e-06
   1.7187189e-06
   1.7283829e-06
   1.7354305e-06
   1.7392795e-06
   1.7440301e-06
   1.7448517e-06
   1.7495692e-06
   1.7567008e-06
   1.7629303e-06
   1.7757789e-06
   1.7855596e-06
   1.7932572e-06
   1.8099777e-06
   1.8191188e-06
   1.8410691e-06
   1.8557694e-06
   1.8606291e-06
   1.8767049e-06
   1.8847956e-06
   1.8878388e-06
   1.8942516e-06
   1.8999210e-06
   1.9112946e-06
   1.9153725e-06
   1.9189441e-06
   1.9282243e-06
   1.9317800e-06
   1.9391396e-06
   1.9480246e-06
   1.9535457e-06
   1.9574565e-06
   1.9624589e-06
   1.9750440e-06
   1.9870716e-06
   1.9960086e-06
   2.0007815e-06
   2.0120807e-06
   2.0271920e-06
   2.0389917e-06
   2.0484036e-06
   2.0678727e-06
   2.0713841e-06
   2.0737998e-06
   2.0866074e-06
   2.0910632e-06
   2.1062011e-06
   2.1103796e-06
   2.1302129e-06
   2.1378284e-06
   2.1591369e-06
   2.1688337e-06
   2.1762036e-06
   2.1828997e-06
   2.1877582e-06
   2.2039050e-06
   2.2106920e-06
   2.2186553e-06
   2.2268885e-06
   2.2407046e-06
   2.2476669e-06
   2.2557330e-06
   2.2672839e-06
   2.2738313e-06
   2.2903413e-06
   2.3018077e-06
   2.3071712e-06
   2.3110664e-06
   2.3160709e-06
   2.3289616e-06
   2.3448980e-06
   2.3544030e-06
   2.3621696e-06
   2.3672433e-06
   2.3798423e-06
   2.3859374e-06
   2.3905165e-06
   2.3959305e-06
   2.4175824e-06
   2.4214637e-06
   2.4226138e-06
   2.4276183e-06
   2.4306159e-06
   2.4368521e-06
   2.4477654e-06
   2.4667496e-06
   2.4760967e-06
   2.4888197e-06
   2.4924267e-06
   2.5032650e-06
   2.5103271e-06
   2.5189262e-06
   2.5245448e-06
   2.5274906e-06
   2.5307452e-06
   2.5414788e-06
   2.5545587e-06
   2.5548706e-06
   2.5616489e-06
   2.5710243e-06
   2.5789795e-06
   2.5843628e-06
   2.5876894e-06
   2.5907102e-06
   2.5946764e-06
   2.6035818e-06
   2.6096446e-06
   2.6138847e-06
   2.6162480e-06
   2.6210215e-06
   2.6316274e-06
   2.6394579e-06
   2.6478279e-06
   2.6564555e-06
   2.6609357e-06
   2.6685505e-06
   2.6838274e-06
   2.6961793e-06
   2.7072974e-06
   2.7113576e-06
   2.7142010e-06
   2.7234699e-06
   2.7269526e-06
   2.7425859e-06
   2.7544821e-06
   2.7599480e-06
   2.7656096e-06
   2.7692814e-06
   2.7763757e-06
   2.7786779e-06
   2.7907918e-06
   2.7940884e-06
   2.8002110e-06
   2.8133932e-06
   2.8212537e-06
   2.8244512e-06
   2.8324783e-06
   2.8507685e-06
   2.8643572e-06
   2.8669984e-06
   2.8754863e-06
   2.8843044e-06
   2.8926927e-06
   2.8999613e-06
   2.9115433e-06
   2.9182357e-06
   2.9204602e-06
   2.9245441e-06
   2.9377659e-06
   2.9557738e-06
   2.9606369e-06
   2.9626724e-06
   2.9696161e-06
   2.9794622e-06
   2.9950308e-06
   3.0052733e-06
   3.0083374e-06
   3.0144938e-06
   3.0172982e-06
   3.0260289e-06
   3.0304649e-06
   3.0522342e-06
   3.0553157e-06
   3.0572412e-06
   3.0639162e-06
   3.0708800e-06
   3.0768149e-06
   3.0859098e-06
   3.0988714e-06
   3.1037772e-06
   3.1091473e-06
   3.1171345e-06
   3.1224661e-06
   3.1379908e-06
   3.1440844e-06
   3.1578502e-06
   3.1650389e-06
   3.1880492e-06
   3.2064735e-06
   3.2165166e-06
   3.2181053e-06
   3.2259438e-06
   3.2419154e-06
   3.2462074e-06
   3.2535569e-06
   3.2652372e-06
   3.2734856e-06
   3.2751574e-06
   3.2855062e-06
   3.2924249e-06
   3.2972563e-06
   3.3048549e-06
   3.3165021e-06
   3.3240539e-06
   3.3334075e-06
   3.3473076e-06
   3.3593674e-06
   3.3757985e-06
   3.3908455e-06
   3.4026908e-06
   3.4078260e-06
   3.4143293e-06
   3.4227767e-06
   3.4324825e-06
   3.4483977e-06
   3.4582643e-06
   3.4631214e-06
   3.4691167e-06
   3.4773062e-06
   3.4837508e-06
   3.5000517e-06
   3.5079013e-06
   3.5090735e-06
   3.5183996e-06
   3.5235926e-06
   3.5320440e-06
   3.5535407e-06
   3.5689021e-06
   3.5727665e-06
   3.5767514e-06
   3.5834344e-06
   3.5886424e-06
   3.5909642e-06
   3.6046040e-06
   3.6118026e-06
   3.6188193e-06
   3.6306902e-06
   3.6347046e-06
   3.6377668e-06
   3.6473321e-06
   3.6585712e-06
   3.6604476e-06
   3.6635012e-06
   3.6709927e-06
   3.6755694e-06
   3.6773470e-06
   3.6791879e-06
   3.6901318e-06
   3.6965164e-06
   3.7055549e-06
   3.7139740e-06
   3.7261537e-06
   3.7303844e-06
   3.7315531e-06
   3.7374898e-06
   3.7400616e-06
   3.7468059e-06
   3.7567200e-06
   3.7624514e-06
   3.7649763e-06
   3.7726743e-06
   3.7768391e-06
   3.7916797e-06
   3.8005503e-06
   3.8086831e-06
   3.8144539e-06
   3.8279928e-06
   3.8334864e-06
   3.8384196e-06
   3.8513210e-06
   3.8676211e-06
   3.8805899e-06
   3.8847977e-06
   3.9021086e-06
   3.9194137e-06
   3.9244622e-06
   3.9300271e-06
   3.9362973e-06
   3.9486962e-06
   3.9606693e-06
   3.9701695e-06
   3.9786802e-06
   3.9821825e-06
   3.9863024e-06
   3.9968269e-06
   4.0073995e-06
   4.0213626e-06
   4.0489518e-06
   4.0564598e-06
   4.0670505e-06
   4.0759241e-06
   4.0832339e-06
   4.0958854e-06
   4.1054669e-06
   4.1079943e-06
   4.1142797e-06
   4.1211730e-06
   4.1358674e-06
   4.1391946e-06
   4.1501136e-06
   4.1586941e-06
   4.1733468e-06
   4.1838042e-06
   4.1888962e-06
   4.2038047e-06
   4.2158069e-06
   4.2207411e-06
   4.2318587e-06
   4.2384024e-06
   4.2417085e-06
   4.2468848e-06
   4.2500900e-06
   4.2670350e-06
   4.2822446e-06
   4.2859040e-06
   4.2915548e-06
   4.2971415e-06
   4.3017491e-06
   4.3093644e-06
   4.3124286e-06
   4.3155031e-06
   4.3293555e-06
   4.3459209e-06
   4.3569352e-06
   4.3739899e-06
   4.3875018e-06
   4.3951945e-06
   4.3970833e-06
   4.4009241e-06
   4.4042043e-06
   4.4143259e-06
   4.4246700e-06
   4.4340084e-06
   4.4414610e-06
   4.4652806e-06
   4.4698133e-06
   4.4784948e-06
   4.4887006e-06
   4.4965218e-06
   4.5053157e-06
   4.5147624e-06
   4.5235106e-06
   4.5366139e-06
   4.5504282e-06
   4.5566940e-06
   4.5704487e-06
   4.5750205e-06
   4.5827070e-06
   4.5861680e-06
   4.5999408e-06
   4.6019519e-06
   4.6091266e-06
   4.6264440e-06
   4.6294119e-06
   4.6424759e-06
   4.6629655e-06
   4.6730120e-06
   4.6933315e-06
   4.7005934e-06
   4.7117661e-06
   4.7180082e-06
   4.7215618e-06
   4.7278382e-06
   4.7341731e-06
   4.7406634e-06
   4.7454551e-06
   4.7556100e-06
   4.7603439e-06
   4.7638337e-06
   4.7707366e-06
   4.7823407e-06
   4.7841219e-06
   4.7901427e-06
   4.8003560e-06
   4.8085291e-06
   4.8213568e-06
   4.8315096e-06
   4.8399308e-06
   4.8629017e-06
   4.8735384e-06
   4.8813871e-06
   4.8909768e-06
   4.9055448e-06
   4.9164517e-06
   4.9245849e-06
   4.9334062e-06
   4.9392253e-06
   4.9491362e-06
   4.9614581e-06
   4.9648623e-06
   4.9679755e-06
   4.9786426e-06
   4.9866924e-06
   5.0008067e-06
   5.0115746e-06
   5.0175779e-06
   5.0284373e-06
   5.0354692e-06
   5.0451487e-06
   5.0476368e-06
   5.0496831e-06
   5.0642740e-06
   5.0672704e-06
   5.0827636e-06
   5.0937884e-06
   5.1019470e-06
   5.1135612e-06
   5.1187453e-06
   5.1335739e-06
   5.1460161e-06
   5.1601032e-06
   5.1665218e-06
   5.1795657e-06
   5.1834468e-06
   5.1880800e-06
   5.1955775e-06
   5.2003928e-06
   5.2032893e-06
   5.2179139e-06
   5.2199904e-06
   5.2354356e-06
   5.2498682e-06
   5.2600522e-06
   5.2659797e-06
   5.2732699e-06
   5.2836647e-06
   5.2939424e-06
   5.3056977e-06
