   3.7962580e-03
   8.7120386e-01
   9.4044796e-01
   1.0410695e+00
   1.0855630e+00
   1.1617937e+00
   1.1827920e+00
   1.2013986e+00
   1.2192099e+00
   1.2371430e+00
   1.2541940e+00
   1.2711909e+00
   1.2886901e+00
   1.3046923e+00
   1.3217911e+00
   1.3387551e+00
   1.3551753e+00
   1.3732476e+00
   1.3896642e+00
   1.4064969e+00
   1.4230061e+00
   1.4393814e+00
   1.4556413e+00
   1.4717094e+00
   1.4875336e+00
   1.5032186e+00
   1.5187076e+00
   1.5352862e+00
   1.5507949e+00
   1.5674197e+00
   1.5852458e+00
   1.6012544e+00
   1.6189826e+00
   1.6347346e+00
   1.6507568e+00
   1.6665342e+00
   1.6826010e+00
   1.6996121e+00
   1.7149887e+00
   1.7323535e+00
   1.7498043e+00
   1.7665531e+00
   1.7819860e+00
   1.7986562e+00
   1.8157263e+00
   1.8332231e+00
   1.8497205e+00
   1.8649341e+00
   1.8812524e+00
   1.8970909e+00
   1.9133701e+00
   1.9290112e+00
   1.9446948e+00
   1.9607594e+00
   1.9761067e+00
   1.9912111e+00
   2.0072162e+00
   2.0232125e+00
   2.0394910e+00
   2.0545085e+00
   2.0701809e+00
   2.0858192e+00
   2.1031537e+00
   2.1182140e+00
   2.1333073e+00
   2.1503710e+00
   2.1653635e+00
   2.1814770e+00
   2.1975305e+00
   2.2123052e+00
   2.2274127e+00
   2.2440696e+00
   2.2609893e+00
   2.2771645e+00
   2.2926749e+00
   2.3088269e+00
   2.3249157e+00
   2.3406933e+00
   2.3565183e+00
   2.3724731e+00
   2.3873199e+00
   2.4027536e+00
   2.4187775e+00
   2.4343892e+00
   2.4516748e+00
   2.4684615e+00
   2.4869780e+00
   2.5037787e+00
   2.5205039e+00
   2.5372369e+00
   2.5545229e+00
   2.5723643e+00
   2.5886139e+00
   2.6055913e+00
   2.6234157e+00
   2.6400267e+00
   2.6568009e+00
   2.6734375e+00
   2.6899750e+00
   2.7057913e+00
   2.7227471e+00
   2.7409478e+00
   2.7627685e+00
   2.7827428e+00
   2.8026681e+00
   2.8243656e+00
   2.8440777e+00
   2.8640045e+00
   2.8804978e+00
   2.8973294e+00
   2.9133845e+00
   2.9301743e+00
   2.9476406e+00
   2.9675080e+00
   2.9863137e+00
   3.0028379e+00
   3.0190443e+00
   3.0354887e+00
   3.0518438e+00
   3.0682696e+00
   3.0844338e+00
   3.0985147e+00
   3.1164895e+00
   3.1350674e+00
   3.1511629e+00
   3.1689134e+00
   3.1860416e+00
   3.2046527e+00
   3.2227749e+00
   3.2444772e+00
   3.2656763e+00
   3.2876941e+00
   3.3076429e+00
   3.3273554e+00
   3.3467579e+00
   3.3627032e+00
   3.3810663e+00
   3.3997652e+00
   3.4168750e+00
   3.4347041e+00
   3.4521037e+00
   3.4694598e+00
   3.4856889e+00
   3.5064131e+00
   3.5238207e+00
   3.5407831e+00
   3.5588737e+00
   3.5758267e+00
   3.5920671e+00
   3.6099190e+00
   3.6276979e+00
   3.6445145e+00
   3.6606529e+00
   3.6791086e+00
   3.6958019e+00
   3.7111083e+00
   3.7285612e+00
   3.7469918e+00
   3.7650267e+00
   3.7826864e+00
   3.8023267e+00
   3.8197854e+00
   3.8350908e+00
   3.8541499e+00
   3.8731437e+00
   3.8891559e+00
   3.9042536e+00
   3.9216944e+00
   3.9406904e+00
   3.9575813e+00
   3.9740959e+00
   3.9877344e+00
   4.0049401e+00
   4.0207730e+00
   4.0378669e+00
   4.0536849e+00
   4.0698771e+00
   4.0856482e+00
   4.1016398e+00
   4.1165183e+00
   4.1327058e+00
   4.1492453e+00
   4.1654645e+00
   4.1819984e+00
   4.1991800e+00
   4.2153247e+00
   4.2320288e+00
   4.2493379e+00
   4.2657744e+00
   4.2821910e+00
   4.2972484e+00
   4.3140275e+00
   4.3292170e+00
   4.3422398e+00
   4.3607938e+00
   4.3767573e+00
   4.3904084e+00
   4.4152781e+00
   4.4298933e+00
   4.4457294e+00
   4.4634747e+00
   4.4800730e+00
   4.4975871e+00
   4.5145145e+00
   4.5305906e+00
   4.5444836e+00
   4.5605439e+00
   4.5738622e+00
   4.5900808e+00
   4.6060054e+00
   4.6233801e+00
   4.6398348e+00
   4.6542071e+00
   4.6717842e+00
   4.6873461e+00
   4.7044216e+00
   4.7197182e+00
   4.7373720e+00
   4.7525245e+00
   4.7695646e+00
   4.7851092e+00
   4.8012160e+00
   4.8176038e+00
   4.8331385e+00
   4.8500395e+00
   4.8669185e+00
   4.8828278e+00
   4.9002121e+00
   4.9165426e+00
   4.9316671e+00
   4.9476818e+00
   4.9605412e+00
   4.9791568e+00
   4.9929746e+00
   5.0104927e+00
   5.0242774e+00
   5.0414717e+00
   5.0560786e+00
   5.0743411e+00
   5.0885368e+00
   5.1052551e+00
   5.1195216e+00
   5.1350143e+00
   5.1524403e+00
   5.1664336e+00
   5.1826835e+00
   5.1956943e+00
   5.2120615e+00
   5.2264823e+00
   5.2431580e+00
   5.2615952e+00
   5.2779042e+00
   5.2942221e+00
   5.3145234e+00
   5.3298782e+00
   5.3461774e+00
   5.3618198e+00
   5.3799495e+00
   5.3999815e+00
   5.4178565e+00
   5.4376364e+00
   5.4553245e+00
   5.4715179e+00
   5.4888690e+00
   5.5041149e+00
   5.5202369e+00
   5.5386919e+00
   5.5563743e+00
   5.5726603e+00
   5.5925883e+00
   5.6139927e+00
   5.6279652e+00
   5.6484872e+00
   5.6634698e+00
   5.6799369e+00
   5.6958597e+00
   5.7155887e+00
   5.7327651e+00
   5.7488458e+00
   5.7683146e+00
   5.7823304e+00
   5.8000597e+00
   5.8150725e+00
   5.8318701e+00
   5.8463754e+00
   5.8624968e+00
   5.8774968e+00
   5.8957782e+00
   5.9090472e+00
   5.9231205e+00
   5.9412928e+00
   5.9561839e+00
   5.9748237e+00
   5.9891110e+00
   6.0062101e+00
   6.0204540e+00
   6.0345053e+00
   6.0516285e+00
   6.0661957e+00
   6.0826479e+00
   6.0959650e+00
   6.1158331e+00
   6.1286116e+00
   6.1486551e+00
   6.1628370e+00
   6.1800719e+00
   6.1937680e+00
   6.2114715e+00
   6.2257321e+00
   6.2401699e+00
   6.2552164e+00
   6.2696988e+00
   6.2847343e+00
   6.2995737e+00
   6.3160778e+00
   6.3294429e+00
   6.3469762e+00
   6.3611010e+00
   6.3754972e+00
   6.3898668e+00
   6.4039475e+00
   6.4202856e+00
   6.4362015e+00
   6.4583927e+00
   6.4743437e+00
   6.4949498e+00
   6.5124896e+00
   6.5317487e+00
   6.5503728e+00
   6.5689892e+00
   6.5856804e+00
   6.6032883e+00
   6.6196129e+00
   6.6419291e+00
   6.6623561e+00
   6.6826221e+00
   6.6994322e+00
   6.7204401e+00
   6.7376553e+00
   6.7541608e+00
   6.7721197e+00
   6.7901488e+00
   6.8065678e+00
   6.8246504e+00
   6.8385953e+00
   6.8547519e+00
   6.8751020e+00
   6.8923816e+00
   6.9128227e+00
   6.9297806e+00
   6.9495056e+00
   6.9632226e+00
   6.9812073e+00
   6.9972316e+00
   7.0160753e+00
   7.0295452e+00
   7.0441380e+00
   7.0594049e+00
   7.0739136e+00
   7.0879078e+00
   7.1056993e+00
   7.1203036e+00
   7.1341036e+00
   7.1525620e+00
   7.1652527e+00
   7.1848846e+00
   7.1979394e+00
   7.2130515e+00
   7.2322766e+00
   7.2472528e+00
   7.2648341e+00
   7.2816062e+00
   7.2972716e+00
   7.3160019e+00
   7.3327813e+00
   7.3501450e+00
   7.3642191e+00
   7.3928465e+00
   7.4074560e+00
   7.4224229e+00
   7.4372361e+00
   7.4500858e+00
   7.4655981e+00
   7.4859475e+00
   7.4990111e+00
   7.5142618e+00
   7.5320145e+00
   7.5479669e+00
   7.5663833e+00
   7.5818819e+00
   7.6007306e+00
   7.6169300e+00
   7.6347207e+00
   7.6487978e+00
   7.6642276e+00
   7.6790277e+00
   7.6946967e+00
   7.7096783e+00
   7.7241871e+00
   7.7381673e+00
   7.7531586e+00
   7.7670672e+00
   7.7829060e+00
   7.7978123e+00
   7.8120852e+00
   7.8273457e+00
   7.8415366e+00
   7.8558517e+00
   7.8705286e+00
   7.8841080e+00
   7.8996207e+00
   7.9154612e+00
   7.9313072e+00
   7.9464014e+00
   7.9618322e+00
   7.9771307e+00
   7.9918446e+00
   8.0063813e+00
   8.0199329e+00
   8.0341017e+00
   8.0487936e+00
   8.0631976e+00
   8.0785690e+00
   8.0939827e+00
   8.1104098e+00
   8.1250032e+00
   8.1436040e+00
   8.1584394e+00
   8.1730149e+00
   8.1877397e+00
   8.2027252e+00
   8.2215028e+00
   8.2354352e+00
   8.2559002e+00
   8.2721581e+00
   8.2897044e+00
   8.3061709e+00
   8.3212346e+00
   8.3349382e+00
   8.3543978e+00
   8.3677139e+00
   8.3845361e+00
   8.4017888e+00
   8.4205512e+00
   8.4343395e+00
   8.4505588e+00
   8.4665768e+00
   8.4822744e+00
   8.4980716e+00
   8.5134877e+00
   8.5282377e+00
   8.5431073e+00
   8.5644909e+00
   8.5834378e+00
   8.5994292e+00
   8.6196469e+00
   8.6397554e+00
   8.6536411e+00
   8.6674267e+00
   8.6834037e+00
   8.6987678e+00
   8.7142260e+00
   8.7293544e+00
   8.7435086e+00
   8.7577080e+00
   8.7710210e+00
   8.7844448e+00
   8.8004540e+00
   8.8146644e+00
   8.8296394e+00
   8.8442262e+00
   8.8595150e+00
   8.8750457e+00
   8.8890892e+00
   8.9029694e+00
   8.9188978e+00
   8.9353542e+00
   8.9512748e+00
   8.9664140e+00
   8.9822621e+00
   8.9978795e+00
   9.0136207e+00
   9.0296031e+00
   9.0447952e+00
   9.0604861e+00
   9.0749751e+00
   9.0896805e+00
   9.1042056e+00
   9.1194736e+00
   9.1354573e+00
   9.1509816e+00
   9.1667857e+00
   9.1826787e+00
   9.1975571e+00
   9.2121015e+00
   9.2270102e+00
   9.2420888e+00
   9.2575366e+00
   9.2710148e+00
   9.2868225e+00
   9.3079347e+00
   9.3262084e+00
   9.3448544e+00
   9.3619859e+00
   9.3800504e+00
   9.3971810e+00
   9.4164578e+00
   9.4329809e+00
   9.4500524e+00
   9.4695950e+00
   9.4863844e+00
   9.5045667e+00
   9.5250974e+00
   9.5419080e+00
   9.5580384e+00
   9.5742405e+00
   9.5914933e+00
   9.6088092e+00
   9.6267537e+00
   9.6441045e+00
   9.6619304e+00
   9.6806246e+00
   9.7007706e+00
   9.7203454e+00
   9.7428003e+00
   9.7628224e+00
   9.7838693e+00
   9.8089972e+00
   9.8295530e+00
   9.8508772e+00
   9.8696490e+00
   9.8895680e+00
   9.9130998e+00
   9.9326554e+00
   9.9532828e+00
   9.9733325e+00
   9.9918549e+00
   1.0013377e+01
   1.0034352e+01
   1.0064689e+01
   1.0086598e+01
   1.0106330e+01
   1.0127024e+01
   1.0145864e+01
   1.0166030e+01
   1.0187166e+01
   1.0205882e+01
   1.0226946e+01
   1.0247392e+01
   1.0267744e+01
   1.0286921e+01
   1.0307173e+01
   1.0327859e+01
   1.0345658e+01
   1.0364184e+01
   1.0383126e+01
   1.0405164e+01
   1.0427614e+01
   1.0444707e+01
   1.0467317e+01
   1.0487180e+01
   1.0510828e+01
   1.0529863e+01
   1.0548512e+01
   1.0568387e+01
   1.0588398e+01
   1.0608239e+01
   1.0627695e+01
   1.0646348e+01
   1.0665734e+01
   1.0684645e+01
   1.0704519e+01
   1.0723748e+01
   1.0744662e+01
   1.0762546e+01
   1.0781410e+01
   1.0799536e+01
   1.0818344e+01
   1.0836832e+01
   1.0854446e+01
   1.0872998e+01
   1.0893503e+01
   1.0910302e+01
   1.0927073e+01
   1.0946678e+01
   1.0965215e+01
   1.0983411e+01
   1.1000553e+01
   1.1017644e+01
   1.1036062e+01
   1.1054872e+01
   1.1074442e+01
   1.1094810e+01
   1.1113011e+01
   1.1130607e+01
   1.1148787e+01
   1.1168136e+01
   1.1187102e+01
   1.1204480e+01
   1.1221598e+01
   1.1238964e+01
   1.1256179e+01
   1.1273106e+01
   1.1290359e+01
   1.1307057e+01
   1.1323120e+01
   1.1340839e+01
   1.1357459e+01
   1.1374082e+01
   1.1390166e+01
   1.1407531e+01
   1.1424569e+01
   1.1442952e+01
   1.1460676e+01
   1.1476211e+01
   1.1492693e+01
   1.1509638e+01
   1.1527516e+01
   1.1546103e+01
   1.1562784e+01
   1.1579190e+01
   1.1595611e+01
   1.1613750e+01
   1.1630331e+01
   1.1647007e+01
   1.1663497e+01
   1.1680529e+01
   1.1695825e+01
   1.1713410e+01
   1.1730262e+01
   1.1745026e+01
   1.1760680e+01
   1.1777800e+01
   1.1794961e+01
   1.1813245e+01
   1.1831123e+01
   1.1846905e+01
   1.1864501e+01
   1.1881741e+01
   1.1897977e+01
   1.1914187e+01
   1.1929656e+01
   1.1946487e+01
   1.1962708e+01
   1.1978589e+01
   1.1995851e+01
   1.2013124e+01
   1.2028955e+01
   1.2046599e+01
   1.2062764e+01
   1.2079607e+01
   1.2097079e+01
   1.2113210e+01
   1.2128974e+01
   1.2144961e+01
   1.2162704e+01
   1.2180542e+01
   1.2198014e+01
   1.2214651e+01
   1.2231510e+01
   1.2245872e+01
   1.2263580e+01
   1.2280635e+01
   1.2297916e+01
   1.2315487e+01
   1.2332491e+01
   1.2348296e+01
   1.2364803e+01
   1.2381850e+01
   1.2396754e+01
   1.2412967e+01
   1.2430934e+01
   1.2452426e+01
   1.2469320e+01
   1.2486338e+01
   1.2503453e+01
   1.2521139e+01
   1.2537644e+01
   1.2553335e+01
   1.2569363e+01
   1.2585594e+01
   1.2602089e+01
   1.2619165e+01
   1.2635426e+01
   1.2651772e+01
   1.2668142e+01
   1.2684985e+01
   1.2702618e+01
   1.2719393e+01
   1.2736632e+01
   1.2750533e+01
   1.2768699e+01
   1.2784861e+01
   1.2800930e+01
   1.2817528e+01
   1.2834371e+01
   1.2850045e+01
   1.2864765e+01
   1.2880888e+01
   1.2898459e+01
   1.2915451e+01
   1.2932878e+01
   1.2950886e+01
   1.2966567e+01
   1.2982363e+01
   1.3260150e+01
   1.3275035e+01
   1.3284842e+01
   1.3302234e+01
   1.3311650e+01
   1.3326647e+01
   1.3343592e+01
   1.3360573e+01
   1.3376735e+01
   1.3393859e+01
   1.3411921e+01
   1.3429102e+01
   1.3445032e+01
   1.3461919e+01
   1.3479262e+01
   1.3495338e+01
   1.3512416e+01
   1.3528500e+01
   1.3545631e+01
   1.3561783e+01
   1.3577317e+01
   1.3594137e+01
   1.3610458e+01
   1.3627631e+01
   1.3644476e+01
   1.3660907e+01
   1.3677119e+01
   1.3693374e+01
   1.3709655e+01
   1.3725316e+01
   1.3742323e+01
   1.3758742e+01
   1.3774832e+01
   1.3790961e+01
   1.3806935e+01
   1.3823005e+01
   1.3841079e+01
   1.3856849e+01
   1.3873269e+01
   1.3889690e+01
   1.3905753e+01
   1.3921822e+01
   1.3937784e+01
   1.3954177e+01
   1.3970215e+01
   1.3984914e+01
   1.4000871e+01
   1.4017244e+01
   1.4030693e+01
   1.4046656e+01
   1.4061666e+01
   1.4076682e+01
   1.4095527e+01
   1.4110020e+01
   1.4128080e+01
   1.4142728e+01
   1.4158032e+01
   1.4171800e+01
   1.4185994e+01
   1.4201374e+01
   1.4217493e+01
   1.4233412e+01
   1.4248520e+01
   1.4263876e+01
   1.4279157e+01
   1.4295892e+01
   1.4312689e+01
   1.4329397e+01
   1.4346681e+01
   1.4361772e+01
   1.4376206e+01
   1.4394411e+01
   1.4408202e+01
   1.4423146e+01
   1.4436409e+01
   1.4450533e+01
   1.4465263e+01
   1.4480704e+01
   1.4496257e+01
   1.4510538e+01
   1.4525481e+01
   1.4540063e+01
   1.4554152e+01
   1.4568287e+01
   1.4582878e+01
   1.4599420e+01
   1.4615122e+01
   1.4631449e+01
   1.4647548e+01
   1.4663584e+01
   1.4677816e+01
   1.4692900e+01
   1.4707822e+01
   1.4722301e+01
   1.4736034e+01
   1.4752162e+01
   1.4767772e+01
   1.4782698e+01
   1.4798210e+01
   1.4814326e+01
   1.4829354e+01
   1.4845617e+01
   1.4860293e+01
   1.4875179e+01
   1.4890022e+01
   1.4903765e+01
   1.4918513e+01
   1.4933547e+01
   1.4949123e+01
   1.4964627e+01
   1.4979875e+01
   1.4992293e+01
   1.5010270e+01
   1.5023835e+01
   1.5036742e+01
   1.5051732e+01
   1.5066078e+01
   1.5080132e+01
   1.5094399e+01
   1.5108044e+01
   1.5122120e+01
   1.5134848e+01
   1.5154425e+01
   1.5168115e+01
   1.5183777e+01
   1.5198485e+01
   1.5212004e+01
   1.5226134e+01
   1.5240876e+01
   1.5254580e+01
   1.5269497e+01
   1.5284461e+01
   1.5298802e+01
   1.5312595e+01
   1.5326689e+01
   1.5341071e+01
   1.5357939e+01
   1.5372289e+01
   1.5387298e+01
   1.5402777e+01
   1.5420547e+01
   1.5437651e+01
   1.5451849e+01
   1.5466967e+01
   1.5480528e+01
   1.5495025e+01
   1.5509648e+01
   1.5523622e+01
   1.5536748e+01
   1.5551604e+01
   1.5566166e+01
   1.5580207e+01
   1.5594423e+01
   1.5608953e+01
   1.5621875e+01
   1.5636811e+01
   1.5652468e+01
   1.5667635e+01
   1.5682406e+01
   1.5696430e+01
   1.5710937e+01
   1.5725713e+01
   1.5739317e+01
   1.5754734e+01
   1.5769372e+01
   1.5784898e+01
   1.5800115e+01
   1.5814997e+01
   1.5828855e+01
   1.5843256e+01
   1.5856836e+01
   1.5871376e+01
   1.5885466e+01
   1.5900832e+01
   1.5912945e+01
   1.5929403e+01
   1.5943521e+01
   1.5956839e+01
   1.5971619e+01
   1.5985554e+01
   1.6000016e+01
   1.6014264e+01
   1.6028123e+01
   1.6046316e+01
   1.6060401e+01
   1.6073268e+01
   1.6088502e+01
   1.6103614e+01
   1.6117804e+01
   1.6131770e+01
   1.6145832e+01
   1.6163938e+01
   1.6178205e+01
   1.6195965e+01
   1.6210276e+01
   1.6223479e+01
   1.6238565e+01
   1.6253145e+01
   1.6268049e+01
   1.6282042e+01
   1.6304398e+01
   1.6318111e+01
   1.6336270e+01
   1.6351048e+01
   1.6365651e+01
   1.6379729e+01
   1.6393380e+01
   1.6407992e+01
   1.6427102e+01
   1.6440091e+01
   1.6454821e+01
   1.6470064e+01
   1.6485153e+01
   1.6499457e+01
   1.6513998e+01
   1.6528631e+01
   1.6542009e+01
   1.6556577e+01
   1.6571520e+01
   1.6586610e+01
   1.6602105e+01
   1.6616952e+01
   1.6635108e+01
   1.6651242e+01
   1.6670404e+01
   1.6687812e+01
   1.6706691e+01
   1.6723388e+01
   1.6738840e+01
   1.6756492e+01
   1.6771310e+01
   1.6786085e+01
   1.6800339e+01
   1.6815174e+01
   1.6829900e+01
   1.6844121e+01
   1.6858732e+01
   1.6870698e+01
   1.6888149e+01
   1.6903368e+01
   1.6918134e+01
   1.6932548e+01
   1.6947043e+01
   1.6960594e+01
   1.6973227e+01
   1.6988601e+01
   1.7003162e+01
   1.7017025e+01
   1.7030656e+01
   1.7044141e+01
   1.7056968e+01
   1.7072113e+01
   1.7086943e+01
   1.7102201e+01
   1.7116118e+01
   1.7132626e+01
   1.7147083e+01
   1.7161959e+01
   1.7175400e+01
   1.7189404e+01
   1.7204633e+01
   1.7219533e+01
   1.7233489e+01
   1.7247366e+01
   1.7261824e+01
   1.7274954e+01
   1.7289247e+01
   1.7304442e+01
   1.7318699e+01
   1.7332925e+01
   1.7347697e+01
   1.7362993e+01
   1.7375936e+01
   1.7390382e+01
   1.7405143e+01
   1.7420623e+01
   1.7435606e+01
   1.7454428e+01
   1.7468566e+01
   1.7482624e+01
   1.7497319e+01
   1.7511004e+01
   1.7526725e+01
   1.7541789e+01
   1.7556568e+01
   1.7571729e+01
   1.7585743e+01
   1.7600366e+01
   1.7615359e+01
   1.7630108e+01
   1.7644630e+01
   1.7660149e+01
   1.7678180e+01
   1.7697147e+01
   1.7714390e+01
