   2.3466261e+08
   3.5853575e+08
   3.9633597e+08
   4.2016504e+08
   4.2541686e+08
   4.3436624e+08
   4.3862533e+08
   5.2689334e+08
   7.1228491e+08
   7.9541412e+08
   8.5192929e+08
   8.5668676e+08
   8.7108137e+08
   9.7334159e+08
   2.3718422e+09
   3.7519744e+09
   3.8094505e+09
   4.0001795e+09
   4.1622879e+09
   4.1937759e+09
   4.3765502e+09
   4.4588656e+09
   4.5176240e+09
   4.7095486e+09
   4.7111610e+09
   4.8997467e+09
   5.0112075e+09
   5.0698791e+09
   5.3877481e+09
   5.5298781e+09
   5.5855536e+09
   5.8448054e+09
   5.9624790e+09
   5.9630181e+09
   5.9900187e+09
   6.0139730e+09
   6.0167999e+09
   6.1319776e+09
   6.2814366e+09
   6.3610970e+09
   6.3621530e+09
   6.4855293e+09
   6.6158906e+09
   6.7264668e+09
   6.8319432e+09
   6.8540860e+09
   6.9026883e+09
   6.9751846e+09
   7.0021404e+09
   7.0021721e+09
   7.0298994e+09
   7.0658123e+09
   7.0728082e+09
   7.0804446e+09
   7.1882511e+09
   7.2976320e+09
   7.3230681e+09
   7.3351534e+09
   7.8265191e+09
   8.0875503e+09
   8.2160403e+09
   8.2224061e+09
   8.2224708e+09
   8.6290910e+09
   9.0363442e+09
   9.0621647e+09
   9.0901579e+09
   9.0915163e+09
   9.0954929e+09
   9.5301345e+09
   9.9016903e+09
   1.0324655e+10
   1.0655410e+10
   1.0747147e+10
   1.0771026e+10
   1.0774367e+10
   1.0777548e+10
   1.0786466e+10
   1.0869877e+10
   1.0935789e+10
   1.0954292e+10
   1.1060729e+10
   1.1184877e+10
   1.1193578e+10
   1.1221833e+10
   1.1285526e+10
   1.1302837e+10
   1.1330308e+10
   1.1345051e+10
   1.1794012e+10
   1.2206505e+10
   1.2247565e+10
   1.2454265e+10
   1.2559559e+10
   1.2564825e+10
   1.2577828e+10
   1.2587076e+10
   1.2702618e+10
   1.2748880e+10
   1.2877066e+10
   1.3233799e+10
   1.3320602e+10
   1.3348105e+10
   1.3460648e+10
   1.3566094e+10
   1.3580717e+10
   1.3670680e+10
   1.3731554e+10
   1.3852903e+10
   1.3954874e+10
   1.3986035e+10
   1.4009294e+10
   1.4021410e+10
   1.4023489e+10
   1.4025046e+10
   1.4033766e+10
   1.4058210e+10
   1.4462473e+10
   1.4881192e+10
   1.4987922e+10
   1.5093204e+10
   1.5093754e+10
   1.5195362e+10
   1.5314417e+10
   1.5536110e+10
   1.5787704e+10
   1.6163850e+10
   1.6188721e+10
   1.6198912e+10
   1.6215413e+10
   1.6235842e+10
   1.6359118e+10
   1.6386868e+10
   1.6708323e+10
   1.6830184e+10
   1.7289783e+10
   1.7492792e+10
   1.7521882e+10
   1.7524859e+10
   1.7568485e+10
   1.7663470e+10
   1.8140557e+10
   1.8758587e+10
   1.8863061e+10
   1.8887078e+10
   1.8909709e+10
   1.9006250e+10
   1.9125632e+10
   1.9176190e+10
   1.9268778e+10
   1.9710729e+10
   2.0118415e+10
   2.0119077e+10
   2.0123507e+10
   2.0127453e+10
   2.0128128e+10
   2.0160990e+10
   2.0219309e+10
   2.0359860e+10
   2.0463216e+10
   2.0870910e+10
   2.1302181e+10
   2.2050392e+10
   2.2361540e+10
   2.2572309e+10
   2.2613144e+10
   2.2669217e+10
   2.2776319e+10
   2.2777658e+10
   2.2786760e+10
   2.2791477e+10
   2.2796726e+10
   2.2809889e+10
   2.2817584e+10
   2.2821703e+10
   2.2846034e+10
   2.2863860e+10
   2.3251983e+10
   2.3724415e+10
   2.4436006e+10
   2.4918415e+10
   2.5385992e+10
   2.5918231e+10
   2.5974326e+10
   2.6014413e+10
   2.6143985e+10
   2.6248901e+10
   2.6328003e+10
   2.6536756e+10
   2.6562390e+10
   2.6576147e+10
   2.6597397e+10
   2.6597836e+10
   2.6597873e+10
   2.6705634e+10
   2.6810590e+10
   2.6852062e+10
   2.6899832e+10
   2.6972877e+10
   2.7076786e+10
   2.7087167e+10
   2.7088257e+10
   2.7193146e+10
   2.7299567e+10
   2.7377355e+10
   2.7431956e+10
   2.7445322e+10
   2.7446978e+10
   2.7487603e+10
   2.7964950e+10
   2.8985974e+10
   2.9392631e+10
   2.9418022e+10
   2.9459398e+10
   2.9520138e+10
   3.0259673e+10
   3.0646688e+10
   3.0654444e+10
   3.0658184e+10
   3.1079708e+10
   3.1786801e+10
   3.1918123e+10
   3.1939681e+10
   3.2468769e+10
   3.2839238e+10
   3.2900228e+10
   3.2922715e+10
   3.3101517e+10
   3.3291342e+10
   3.3302480e+10
   3.3433708e+10
   3.3543677e+10
   3.3908334e+10
   3.4221119e+10
   3.4252260e+10
   3.4254981e+10
   3.4257349e+10
   3.4270834e+10
   3.4399209e+10
   3.4548882e+10
   3.4691836e+10
   3.4813501e+10
   3.4816083e+10
   3.4846012e+10
   3.5398388e+10
   3.5944438e+10
   3.5968731e+10
   3.6068763e+10
   3.6171535e+10
   3.6177275e+10
   3.6182589e+10
   3.6284559e+10
   3.6398364e+10
   3.6758915e+10
   3.7236906e+10
   3.7275558e+10
   3.7311205e+10
   3.7334672e+10
   3.7439579e+10
   3.7504073e+10
   3.7510452e+10
   3.7537093e+10
   3.7622651e+10
   3.7797296e+10
   3.8353638e+10
   3.8741549e+10
   3.8827212e+10
   3.8940770e+10
   3.9056667e+10
   3.9261654e+10
   3.9301556e+10
   3.9403666e+10
   3.9675766e+10
   4.0107514e+10
   4.0419332e+10
   4.0495497e+10
   4.0499912e+10
   4.0504832e+10
   4.0510404e+10
   4.0908417e+10
   4.1843032e+10
   4.2247254e+10
   4.2353734e+10
   4.2482572e+10
   4.2488163e+10
   4.2577159e+10
   4.2659380e+10
   4.2758354e+10
   4.2874795e+10
   4.2931790e+10
   4.3064082e+10
   4.3165377e+10
   4.3584586e+10
   4.3993177e+10
   4.3999457e+10
   4.4036469e+10
   4.4124209e+10
   4.4188611e+10
   4.4607961e+10
   4.5025203e+10
   4.5107073e+10
   4.5149531e+10
   4.5173044e+10
   4.5564113e+10
   4.5910228e+10
   4.6376984e+10
   4.6748180e+10
   4.6779374e+10
   4.6805947e+10
   4.6810369e+10
   4.6852496e+10
   4.6877620e+10
   4.6981215e+10
   4.7074177e+10
   4.7102217e+10
   4.7125560e+10
   4.7149007e+10
   4.7158847e+10
   4.7205203e+10
   4.7231865e+10
   4.7232493e+10
   4.7239467e+10
   4.7305919e+10
   4.7404802e+10
   4.7844917e+10
   4.8286312e+10
   4.8315431e+10
   4.8419492e+10
   4.8504449e+10
   4.8850227e+10
   4.9234961e+10
   4.9260605e+10
   4.9296129e+10
   4.9347891e+10
   4.9374048e+10
   4.9375229e+10
   4.9377371e+10
   4.9378102e+10
   4.9406647e+10
   4.9429381e+10
   4.9521557e+10
   4.9672112e+10
   5.0033024e+10
   5.0619492e+10
   5.0668189e+10
   5.0759684e+10
   5.0789151e+10
   5.0824645e+10
   5.0979935e+10
   5.1124269e+10
   5.1711192e+10
   5.2120391e+10
   5.2120867e+10
   5.2123698e+10
   5.2126589e+10
   5.2135759e+10
   5.2530597e+10
   5.2700063e+10
   5.3465086e+10
   5.3570969e+10
   5.3577067e+10
   5.3639092e+10
   5.3735883e+10
   5.3747211e+10
   5.3788451e+10
   5.3848808e+10
   5.3876808e+10
   5.3889868e+10
   5.3959231e+10
   5.4011466e+10
   5.4037576e+10
   5.4065945e+10
   5.4065968e+10
   5.4067804e+10
   5.4113232e+10
   5.4156543e+10
   5.4156851e+10
   5.4211190e+10
   5.4273615e+10
   5.4680039e+10
   5.5119649e+10
   5.5121465e+10
   5.5121717e+10
   5.5153001e+10
   5.5285419e+10
   5.5514375e+10
   5.5630600e+10
   5.5636301e+10
   5.5966856e+10
   5.6472885e+10
   5.6586293e+10
   5.7083308e+10
   5.7492587e+10
   5.7497049e+10
   5.7593812e+10
   5.7681466e+10
   5.7684978e+10
   5.7687303e+10
   5.7690996e+10
   5.7746397e+10
   5.7758225e+10
   5.7932097e+10
   5.8032962e+10
   5.8389952e+10
   5.8759451e+10
   5.8762802e+10
   5.8854027e+10
   5.8947132e+10
   5.8962816e+10
   5.8985909e+10
   5.9004318e+10
   5.9004482e+10
   5.9010779e+10
   5.9029482e+10
   5.9083873e+10
   5.9130018e+10
   5.9404460e+10
   5.9504562e+10
   5.9524092e+10
   5.9599086e+10
   5.9743826e+10
   5.9786610e+10
   5.9787593e+10
   5.9805288e+10
   5.9899829e+10
   6.0182448e+10
   6.0287634e+10
   6.0315463e+10
   6.0339111e+10
   6.0456311e+10
   6.0552105e+10
   6.0588848e+10
   6.0643446e+10
   6.0690018e+10
   6.0779101e+10
   6.0780088e+10
   6.0781110e+10
   6.1199254e+10
   6.1706400e+10
   6.2039686e+10
   6.2436324e+10
   6.2495244e+10
   6.2578724e+10
   6.2671105e+10
   6.2864607e+10
   6.2890291e+10
   6.2998747e+10
   6.3171660e+10
   6.3182918e+10
   6.3282253e+10
   6.3639182e+10
   6.4090237e+10
   6.4126977e+10
   6.4286856e+10
   6.4397200e+10
   6.4511166e+10
   6.4598228e+10
   6.4961096e+10
   6.5374578e+10
   6.5761390e+10
   6.6356818e+10
   6.6466567e+10
   6.6468624e+10
   6.6588184e+10
   6.6691667e+10
   6.6794667e+10
   6.6912993e+10
   6.6939222e+10
   6.6991673e+10
   6.7022806e+10
   6.7147711e+10
   6.7235558e+10
   6.7270552e+10
   6.7283193e+10
   6.7349113e+10
   6.7447345e+10
   6.7447478e+10
   6.7474786e+10
   6.7530296e+10
   6.7557925e+10
   6.7563750e+10
   6.8011499e+10
   6.8425897e+10
   6.8466043e+10
   6.8488539e+10
   6.9106359e+10
   7.0081271e+10
   7.0607175e+10
   7.0711968e+10
   7.0755405e+10
   7.1014999e+10
   7.1276315e+10
   7.1277565e+10
   7.1279224e+10
   7.1295214e+10
   7.1304982e+10
   7.1348160e+10
   7.1355465e+10
   7.1385122e+10
   7.1434230e+10
   7.1450000e+10
   7.1903737e+10
   7.2286998e+10
   7.2309919e+10
   7.2321405e+10
   7.2818030e+10
   7.3237575e+10
   7.3661823e+10
   7.4559197e+10
   7.4972949e+10
   7.4980644e+10
   7.5475152e+10
   7.5882045e+10
   7.5884814e+10
   7.5886295e+10
   7.5889233e+10
   7.5890713e+10
   7.5890872e+10
   7.5915988e+10
   7.5992239e+10
   7.6163414e+10
   7.6530177e+10
   7.6744382e+10
   7.7164136e+10
   7.7587929e+10
   7.7604726e+10
   7.8028462e+10
   7.8578914e+10
   7.8602550e+10
   7.8625915e+10
   7.8686082e+10
   7.8701004e+10
   7.8710768e+10
   7.8843542e+10
   7.8956632e+10
   7.9351275e+10
   7.9923591e+10
   8.0376908e+10
   8.0423940e+10
   8.0462710e+10
   8.0526163e+10
   8.1004286e+10
   8.2386057e+10
   8.2750723e+10
   8.2785692e+10
   8.2798779e+10
   8.2866873e+10
   8.3079340e+10
   8.3154432e+10
   8.3164421e+10
   8.3165035e+10
   8.3262586e+10
   8.3501833e+10
   8.4027994e+10
   8.4712980e+10
   8.4774145e+10
   8.4937601e+10
   8.5200396e+10
   8.5271341e+10
   8.5408774e+10
   8.5478210e+10
   8.5585328e+10
   8.5710604e+10
   8.5811840e+10
   8.5914023e+10
   8.6019041e+10
   8.6433336e+10
   8.7079298e+10
   8.7181075e+10
   8.7255784e+10
   8.7289528e+10
   8.7318366e+10
   8.7343682e+10
   8.7345894e+10
   8.7445119e+10
   8.7662966e+10
   8.8082453e+10
   8.8121087e+10
   8.8156749e+10
   8.8528030e+10
   8.9114737e+10
   8.9218235e+10
   8.9634717e+10
   9.1221879e+10
   9.1639412e+10
   9.1740148e+10
   9.1955597e+10
   9.1985082e+10
   9.2397906e+10
   9.2819078e+10
   9.3222653e+10
   9.3749119e+10
   9.3859170e+10
   9.3864837e+10
   9.3889944e+10
   9.3914036e+10
   9.3931794e+10
   9.4059950e+10
   9.4421424e+10
   9.4871376e+10
   9.4989934e+10
   9.5020883e+10
   9.5043643e+10
   9.5050429e+10
   9.5057041e+10
   9.5077703e+10
   9.5103952e+10
   9.5140414e+10
   9.5166148e+10
   9.5188628e+10
   9.5284954e+10
   9.5641851e+10
   9.5748151e+10
   9.5851761e+10
   9.5929373e+10
   9.6105292e+10
   9.6213290e+10
   9.7103447e+10
   9.7220733e+10
   9.7328800e+10
   9.7446723e+10
   9.7854305e+10
   9.7954162e+10
   9.7991713e+10
   9.8014065e+10
   9.8021073e+10
   9.8024483e+10
   9.8457809e+10
   9.8863972e+10
   9.9276775e+10
   9.9701174e+10
   1.0138456e+11
   1.0305915e+11
   1.0305919e+11
   1.0306090e+11
   1.0350142e+11
   1.0443955e+11
   1.0480859e+11
   1.0492931e+11
   1.0521284e+11
   1.0673104e+11
   1.0716856e+11
   1.0730378e+11
   1.0732827e+11
   1.0774925e+11
   1.0813183e+11
   1.0815997e+11
   1.0817176e+11
   1.0853516e+11
   1.0895375e+11
   1.0905734e+11
   1.0916122e+11
   1.0927146e+11
   1.0933618e+11
   1.0938594e+11
   1.0979096e+11
   1.1088168e+11
   1.1158800e+11
   1.1255986e+11
   1.1296255e+11
   1.1306886e+11
   1.1308619e+11
   1.1309468e+11
   1.1351133e+11
   1.1393374e+11
   1.1437027e+11
   1.1479367e+11
   1.1479386e+11
   1.1480057e+11
   1.1480200e+11
   1.1480720e+11
   1.1481454e+11
   1.1524948e+11
   1.1606814e+11
   1.1619098e+11
   1.1627593e+11
   1.1636354e+11
   1.1643487e+11
   1.1658328e+11
   1.1686889e+11
   1.1755304e+11
   1.1797688e+11
   1.1837829e+11
   1.1837877e+11
   1.1838842e+11
   1.1847229e+11
   1.1857368e+11
   1.1857862e+11
   1.1868530e+11
   1.1874371e+11
   1.1876084e+11
   1.1878980e+11
   1.1886891e+11
   1.1898889e+11
   1.1899321e+11
   1.1940496e+11
   1.2018154e+11
   1.2028767e+11
   1.2067072e+11
   1.2110397e+11
   1.2150259e+11
   1.2186537e+11
   1.2220485e+11
   1.2281185e+11
   1.2288883e+11
   1.2326809e+11
   1.2476692e+11
   1.2515068e+11
   1.2527387e+11
   1.2549506e+11
   1.2560481e+11
   1.2601188e+11
   1.2618720e+11
   1.2655207e+11
   1.2657687e+11
   1.2659754e+11
   1.2663054e+11
   1.2667663e+11
   1.2670356e+11
   1.2681426e+11
   1.2699151e+11
   1.2728097e+11
   1.2734935e+11
   1.2938191e+11
   1.3109513e+11
   1.3110411e+11
   1.3288359e+11
   1.3454474e+11
   1.3456626e+11
   1.3471220e+11
   1.3533470e+11
   1.3571880e+11
   1.3572143e+11
   1.3580944e+11
   1.3612048e+11
   1.3623920e+11
   1.3634862e+11
   1.3645933e+11
   1.3678941e+11
   1.3685278e+11
   1.3698160e+11
   1.3706708e+11
   1.3710665e+11
   1.3713738e+11
   1.3714254e+11
   1.3714640e+11
   1.3725258e+11
   1.3737725e+11
   1.3738765e+11
   1.3749194e+11
   1.3759452e+11
   1.3804634e+11
   1.3916349e+11
   1.3948253e+11
   1.3951665e+11
   1.3996111e+11
   1.4029914e+11
   1.4030562e+11
   1.4030565e+11
   1.4041072e+11
   1.4050568e+11
   1.4051025e+11
   1.4095733e+11
   1.4124824e+11
   1.4127783e+11
   1.4131375e+11
   1.4131706e+11
   1.4134789e+11
   1.4143016e+11
   1.4183504e+11
   1.4217595e+11
   1.4237957e+11
   1.4245137e+11
   1.4247737e+11
   1.4249830e+11
   1.4258635e+11
   1.4268592e+11
   1.4278812e+11
   1.4282917e+11
   1.4297848e+11
   1.4335170e+11
   1.4348061e+11
   1.4361080e+11
   1.4375921e+11
   1.4378186e+11
   1.4378777e+11
   1.4379270e+11
   1.4388065e+11
   1.4406062e+11
   1.4415771e+11
   1.4455949e+11
   1.4495541e+11
   1.4498902e+11
   1.4501535e+11
   1.4508642e+11
   1.4513480e+11
   1.4521388e+11
   1.4531993e+11
   1.4572405e+11
   1.4615915e+11
   1.4626116e+11
   1.4636710e+11
   1.4636917e+11
   1.4647907e+11
   1.4657943e+11
   1.4668392e+11
   1.4679007e+11
   1.4680132e+11
   1.4681318e+11
   1.4686129e+11
   1.4687477e+11
   1.4747183e+11
   1.4790409e+11
   1.4791752e+11
   1.4792603e+11
   1.4793535e+11
   1.4796139e+11
   1.4845425e+11
   1.4886962e+11
   1.4890057e+11
   1.4926256e+11
   1.4969355e+11
   1.4979962e+11
   1.5008709e+11
   1.5081471e+11
   1.5087788e+11
   1.5090436e+11
   1.5131751e+11
   1.5187454e+11
   1.5191594e+11
   1.5191867e+11
   1.5191906e+11
   1.5194285e+11
   1.5207045e+11
   1.5240572e+11
   1.5253868e+11
   1.5300793e+11
   1.5335290e+11
   1.5338346e+11
   1.5357524e+11
   1.5375767e+11
   1.5384844e+11
   1.5387476e+11
   1.5388639e+11
   1.5388996e+11
   1.5429451e+11
   1.5547229e+11
   1.5581198e+11
   1.5583982e+11
   1.5587212e+11
   1.5603393e+11
   1.5620447e+11
   1.5639995e+11
   1.5652927e+11
   1.5681125e+11
   1.5689729e+11
   1.5870856e+11
   1.6016617e+11
   1.6016921e+11
   1.6028207e+11
   1.6045060e+11
   1.6057314e+11
   1.6061940e+11
   1.6116834e+11
   1.6150122e+11
   1.6154533e+11
   1.6157331e+11
   1.6159526e+11
   1.6164194e+11
   1.6172321e+11
   1.6188180e+11
   1.6206812e+11
   1.6223785e+11
   1.6241837e+11
   1.6250476e+11
   1.6253925e+11
   1.6254179e+11
   1.6259952e+11
   1.6260738e+11
   1.6276463e+11
   1.6288279e+11
   1.6338864e+11
   1.6381692e+11
   1.6394167e+11
   1.6404688e+11
   1.6414132e+11
   1.6467668e+11
   1.6515435e+11
   1.6518085e+11
   1.6559839e+11
   1.6583038e+11
   1.6592477e+11
   1.6597044e+11
   1.6600499e+11
   1.6603692e+11
   1.6603898e+11
   1.6606337e+11
   1.6617648e+11
   1.6625831e+11
   1.6636304e+11
   1.6636539e+11
   1.6638534e+11
   1.6643783e+11
   1.6673057e+11
   1.6693126e+11
   1.6696920e+11
   1.6697729e+11
   1.6706143e+11
   1.6716892e+11
   1.6719902e+11
   1.6725213e+11
   1.6732672e+11
   1.6735226e+11
   1.6735404e+11
   1.6775028e+11
   1.6814011e+11
   1.6851640e+11
   1.6887854e+11
   1.6888771e+11
   1.6890864e+11
   1.6930495e+11
   1.7006919e+11
   1.7039043e+11
   1.7110659e+11
   1.7150244e+11
   1.7150417e+11
   1.7150456e+11
   1.7150996e+11
   1.7151848e+11
   1.7159721e+11
   1.7202473e+11
   1.7244688e+11
   1.7253581e+11
   1.7257560e+11
   1.7286167e+11
   1.7298359e+11
   1.7310207e+11
   1.7317180e+11
   1.7327695e+11
   1.7384385e+11
   1.7441607e+11
   1.7443718e+11
   1.7454950e+11
   1.7468491e+11
   1.7469027e+11
   1.7469757e+11
   1.7471949e+11
   1.7499280e+11
   1.7553553e+11
   1.7565576e+11
   1.7575835e+11
   1.7577262e+11
   1.7577324e+11
   1.7577444e+11
   1.7588009e+11
   1.7599940e+11
   1.7601774e+11
   1.7603432e+11
   1.7613596e+11
   1.7623847e+11
   1.7626595e+11
   1.7651839e+11
   1.7704776e+11
   1.7708967e+11
   1.7771481e+11
   1.7808000e+11
   1.7820437e+11
   1.7830784e+11
   1.7842880e+11
   1.7853047e+11
   1.7858640e+11
   1.7863667e+11
   1.7866226e+11
   1.7869046e+11
   1.7872567e+11
   1.7872778e+11
   1.7882836e+11
   1.7919789e+11
   1.7960783e+11
   1.7964101e+11
   1.7971650e+11
   1.7976237e+11
   1.7979129e+11
   1.8033405e+11
   1.8074549e+11
   1.8074719e+11
   1.8074934e+11
   1.8076110e+11
   1.8078808e+11
   1.8087140e+11
   1.8111337e+11
   1.8122435e+11
   1.8122643e+11
   1.8125634e+11
   1.8178394e+11
   1.8222652e+11
   1.8230488e+11
   1.8235891e+11
   1.8237124e+11
