   6.9298145e-01
   1.3859315e+00
   2.0788820e+00
   2.7718777e+00
   3.4647080e+00
   4.1576424e+00
   4.8504229e+00
   5.5430614e+00
   6.2355834e+00
   6.9280778e+00
   7.6203390e+00
   8.3122591e+00
   9.0050958e+00
   9.6980804e+00
   1.0390862e+01
   1.1074762e+01
   1.1767370e+01
   1.2459899e+01
   1.3152223e+01
   1.3844441e+01
   1.4537048e+01
   1.5229703e+01
   1.5921630e+01
   1.6613986e+01
   1.7306811e+01
   1.7998952e+01
   1.8690908e+01
   1.9383204e+01
   2.0074855e+01
   2.0766785e+01
   2.1458863e+01
   2.2150862e+01
   2.2842450e+01
   2.3534605e+01
   2.4227099e+01
   2.4918974e+01
   2.5610631e+01
   2.6301930e+01
   2.6993584e+01
   2.7685595e+01
   2.8376779e+01
   2.9068479e+01
   2.9759235e+01
   3.0450798e+01
   3.1142247e+01
   3.1833722e+01
   3.2525929e+01
   3.3218087e+01
   3.3910254e+01
   3.4599732e+01
   3.5291132e+01
   3.5981435e+01
   3.6672161e+01
   3.7361493e+01
   3.8051575e+01
   3.8743882e+01
   3.9435159e+01
   4.0124988e+01
   4.0815442e+01
   4.1503678e+01
   4.2194418e+01
   4.2886999e+01
   4.3577049e+01
   4.4268822e+01
   4.4959289e+01
   4.5648462e+01
   4.6338508e+01
   4.7028587e+01
   4.7719361e+01
   4.8409992e+01
   4.9100401e+01
   4.9794637e+01
   5.0484340e+01
   5.1173196e+01
   5.1865308e+01
   5.2557732e+01
   5.3247083e+01
   5.3939491e+01
   5.4632098e+01
   5.5320941e+01
   5.6012072e+01
   5.6700132e+01
   5.7392149e+01
   5.8083125e+01
   5.8772757e+01
   5.9461928e+01
   6.0150978e+01
   6.0840566e+01
   6.1530715e+01
   6.2221473e+01
   6.2910453e+01
   6.3600780e+01
   6.4289875e+01
   6.4977417e+01
   6.5670950e+01
   6.6357380e+01
   6.7048051e+01
   6.7734997e+01
   6.8421746e+01
   6.9113852e+01
   6.9802880e+01
   7.0484873e+01
   7.1174527e+01
   7.1862621e+01
   7.2550927e+01
   7.3237149e+01
   7.3923938e+01
   7.4614858e+01
   7.5304677e+01
   7.5992809e+01
   7.6681847e+01
   7.7365127e+01
   7.8052810e+01
   7.8740363e+01
   7.9430943e+01
   8.0122530e+01
   8.0809308e+01
   8.1498007e+01
   8.2185166e+01
   8.2875496e+01
   8.3561997e+01
   8.4254581e+01
   8.4939661e+01
   8.5625777e+01
   8.6313794e+01
   8.7004821e+01
   8.7694138e+01
   8.8381763e+01
   8.9066918e+01
   8.9757534e+01
   9.0442451e+01
   9.1123402e+01
   9.1812636e+01
   9.2499495e+01
   9.3189157e+01
   9.3881487e+01
   9.4565044e+01
   9.5251077e+01
   9.5940037e+01
   9.6627643e+01
   9.7315733e+01
   9.8007346e+01
   9.8702912e+01
   9.9390668e+01
   1.0007947e+02
   1.0076872e+02
   1.0145867e+02
   1.0215119e+02
   1.0284028e+02
   1.0352733e+02
   1.0421776e+02
   1.0490419e+02
   1.0559238e+02
   1.0627980e+02
   1.0697130e+02
   1.0766072e+02
   1.0834668e+02
   1.0903612e+02
   1.0972297e+02
   1.1040422e+02
   1.1108886e+02
   1.1177275e+02
   1.1245246e+02
   1.1313513e+02
   1.1382066e+02
   1.1450139e+02
   1.1519088e+02
   1.1587974e+02
   1.1655983e+02
   1.1724500e+02
   1.1793152e+02
   1.1861665e+02
   1.1930401e+02
   1.1999166e+02
   1.2067951e+02
   1.2136779e+02
   1.2205723e+02
   1.2274383e+02
   1.2343200e+02
   1.2411295e+02
   1.2479836e+02
   1.2548125e+02
   1.2616763e+02
   1.2685382e+02
   1.2753502e+02
   1.2821526e+02
   1.2890102e+02
   1.2958059e+02
   1.3026463e+02
   1.3094927e+02
   1.3162656e+02
   1.3230628e+02
   1.3298809e+02
   1.3367203e+02
   1.3435965e+02
   1.3504543e+02
   1.3572396e+02
   1.3641620e+02
   1.3710396e+02
   1.3778983e+02
   1.3847438e+02
   1.3916657e+02
   1.3984932e+02
   1.4053162e+02
   1.4122054e+02
   1.4190652e+02
   1.4259642e+02
   1.4327447e+02
   1.4395775e+02
   1.4464396e+02
   1.4533261e+02
   1.4601689e+02
   1.4669488e+02
   1.4737845e+02
   1.4806162e+02
   1.4875144e+02
   1.4943575e+02
   1.5011679e+02
   1.5080729e+02
   1.5148725e+02
   1.5216198e+02
   1.5285311e+02
   1.5354606e+02
   1.5423087e+02
   1.5491219e+02
   1.5559676e+02
   1.5628174e+02
   1.5696602e+02
   1.5765494e+02
   1.5834647e+02
   1.5902278e+02
   1.5970587e+02
   1.6039536e+02
   1.6107401e+02
   1.6176393e+02
   1.6244845e+02
   1.6312907e+02
   1.6381697e+02
   1.6450247e+02
   1.6518632e+02
   1.6586131e+02
   1.6654315e+02
   1.6722863e+02
   1.6791350e+02
   1.6859822e+02
   1.6927547e+02
   1.6995998e+02
   1.7064736e+02
   1.7133003e+02
   1.7201373e+02
   1.7270197e+02
   1.7339096e+02
   1.7408026e+02
   1.7476801e+02
   1.7545576e+02
   1.7614812e+02
   1.7682832e+02
   1.7751218e+02
   1.7818982e+02
   1.7887873e+02
   1.7956358e+02
   1.8024783e+02
   1.8092448e+02
   1.8160988e+02
   1.8229382e+02
   1.8297286e+02
   1.8365249e+02
   1.8433388e+02
   1.8501763e+02
   1.8569447e+02
   1.8637797e+02
   1.8706531e+02
   1.8774818e+02
   1.8843038e+02
   1.8911657e+02
   1.8980583e+02
   1.9048817e+02
   1.9117100e+02
   1.9184944e+02
   1.9252967e+02
   1.9321686e+02
   1.9390075e+02
   1.9458828e+02
   1.9527540e+02
   1.9596157e+02
   1.9664901e+02
   1.9734001e+02
   1.9802669e+02
   1.9871265e+02
   1.9939707e+02
   2.0007575e+02
   2.0075769e+02
   2.0144347e+02
   2.0212196e+02
   2.0280831e+02
   2.0349352e+02
   2.0417816e+02
   2.0486350e+02
   2.0554740e+02
   2.0623078e+02
   2.0691417e+02
   2.0760242e+02
   2.0828634e+02
   2.0895880e+02
   2.0964056e+02
   2.1032533e+02
   2.1101347e+02
   2.1170378e+02
   2.1238333e+02
   2.1307060e+02
   2.1375529e+02
   2.1443827e+02
   2.1512204e+02
   2.1580544e+02
   2.1648983e+02
   2.1717477e+02
   2.1785532e+02
   2.1853381e+02
   2.1922173e+02
   2.1990434e+02
   2.2059463e+02
   2.2127319e+02
   2.2195385e+02
   2.2264416e+02
   2.2333446e+02
   2.2401343e+02
   2.2469796e+02
   2.2538784e+02
   2.2607759e+02
   2.2675364e+02
   2.2744473e+02
   2.2813115e+02
   2.2881489e+02
   2.2949745e+02
   2.3017598e+02
   2.3085906e+02
   2.3154060e+02
   2.3223527e+02
   2.3291948e+02
   2.3360190e+02
   2.3428470e+02
   2.3496429e+02
   2.3565728e+02
   2.3634348e+02
   2.3702694e+02
   2.3771575e+02
   2.3839819e+02
   2.3908036e+02
   2.3975963e+02
   2.4043922e+02
   2.4113029e+02
   2.4181719e+02
   2.4250093e+02
   2.4319245e+02
   2.4387477e+02
   2.4455878e+02
   2.4523388e+02
   2.4591903e+02
   2.4659424e+02
   2.4727179e+02
   2.4795907e+02
   2.4864363e+02
   2.4932241e+02
   2.5000309e+02
   2.5068663e+02
   2.5137022e+02
   2.5204251e+02
   2.5271826e+02
   2.5339030e+02
   2.5407199e+02
   2.5474527e+02
   2.5543135e+02
   2.5610725e+02
   2.5678337e+02
   2.5747520e+02
   2.5816903e+02
   2.5884614e+02
   2.5952836e+02
   2.6022081e+02
   2.6089945e+02
   2.6159093e+02
   2.6227725e+02
   2.6295982e+02
   2.6363947e+02
   2.6433075e+02
   2.6501632e+02
   2.6569468e+02
   2.6637884e+02
   2.6705484e+02
   2.6773725e+02
   2.6842770e+02
   2.6911221e+02
   2.6978989e+02
   2.7047391e+02
   2.7115184e+02
   2.7184383e+02
   2.7251540e+02
   2.7319378e+02
   2.7387968e+02
   2.7455706e+02
   2.7523867e+02
   2.7592393e+02
   2.7661268e+02
   2.7728940e+02
   2.7796981e+02
   2.7864839e+02
   2.7932919e+02
   2.8001292e+02
   2.8069077e+02
   2.8137686e+02
   2.8206093e+02
   2.8273958e+02
   2.8342234e+02
   2.8410927e+02
   2.8479645e+02
   2.8548165e+02
   2.8616313e+02
   2.8684035e+02
   2.8752329e+02
   2.8820154e+02
   2.8888086e+02
   2.8956776e+02
   2.9025742e+02
   2.9094246e+02
   2.9163561e+02
   2.9230769e+02
   2.9298878e+02
   2.9367014e+02
   2.9436092e+02
   2.9504468e+02
   2.9572307e+02
   2.9640732e+02
   2.9709226e+02
   2.9777419e+02
   2.9844186e+02
   2.9912879e+02
   2.9978874e+02
   3.0046987e+02
   3.0114041e+02
   3.0181814e+02
   3.0250742e+02
   3.0318461e+02
   3.0387677e+02
   3.0456203e+02
   3.0524116e+02
   3.0591596e+02
   3.0659404e+02
   3.0727692e+02
   3.0794189e+02
   3.0862594e+02
   3.0930797e+02
   3.0999353e+02
   3.1068655e+02
   3.1136488e+02
   3.1203856e+02
   3.1272646e+02
   3.1341251e+02
   3.1409181e+02
   3.1476770e+02
   3.1544923e+02
   3.1612157e+02
   3.1680238e+02
   3.1747837e+02
   3.1815373e+02
   3.1883989e+02
   3.1952051e+02
   3.2020930e+02
   3.2088249e+02
   3.2156348e+02
   3.2223637e+02
   3.2292061e+02
   3.2360936e+02
   3.2429602e+02
   3.2495955e+02
   3.2564405e+02
   3.2632368e+02
   3.2700545e+02
   3.2768176e+02
   3.2834925e+02
   3.2903472e+02
   3.2971203e+02
   3.3039018e+02
   3.3107064e+02
   3.3176735e+02
   3.3246240e+02
   3.3313299e+02
   3.3381014e+02
   3.3449620e+02
   3.3516074e+02
   3.3584867e+02
   3.3652645e+02
   3.3721564e+02
   3.3788854e+02
   3.3856147e+02
   3.3925671e+02
   3.3993999e+02
   3.4061784e+02
   3.4128967e+02
   3.4197651e+02
   3.4265783e+02
   3.4331572e+02
   3.4398016e+02
   3.4464889e+02
   3.4528564e+02
   3.4594725e+02
   3.4662024e+02
   3.4729206e+02
   3.4795130e+02
   3.4859353e+02
   3.4926023e+02
   3.4990267e+02
   3.5055773e+02
   3.5122587e+02
   3.5189796e+02
   3.5255362e+02
   3.5321169e+02
   3.5388490e+02
   3.5455514e+02
   3.5520159e+02
   3.5584612e+02
   3.5650839e+02
   3.5714930e+02
   3.5781357e+02
   3.5847131e+02
   3.5910543e+02
   3.5977062e+02
   3.6046422e+02
   3.6114384e+02
   3.6179528e+02
   3.6245444e+02
   3.6305943e+02
   3.6374136e+02
   3.6440016e+02
   3.6505304e+02
   3.6573420e+02
   3.6636801e+02
   3.6700797e+02
   3.6763435e+02
   3.6827538e+02
   3.6900087e+02
   3.6967409e+02
   3.7032136e+02
   3.7099039e+02
   3.7163669e+02
   3.7229192e+02
   3.7295560e+02
   3.7360658e+02
   3.7425001e+02
   3.7488089e+02
   3.7555061e+02
   3.7621430e+02
   3.7688078e+02
   3.7751300e+02
   3.7813411e+02
   3.7876296e+02
   3.7938979e+02
   3.8003741e+02
   3.8070543e+02
   3.8134151e+02
   3.8195858e+02
   3.8259821e+02
   3.8322910e+02
   3.8391198e+02
   3.8454859e+02
   3.8520268e+02
   3.8584041e+02
   3.8646239e+02
   3.8712653e+02
   3.8774352e+02
   3.8841299e+02
   3.8906313e+02
   3.8970620e+02
   3.9033341e+02
   3.9098981e+02
   3.9165864e+02
   3.9227539e+02
   3.9291595e+02
   3.9360692e+02
   3.9424655e+02
   3.9493268e+02
   3.9556565e+02
   3.9618236e+02
   3.9683542e+02
   3.9750288e+02
   3.9812304e+02
   3.9878198e+02
   3.9944787e+02
   4.0012384e+02
   4.0080439e+02
   4.0144559e+02
   4.0209979e+02
   4.0273050e+02
   4.0337543e+02
   4.0402649e+02
   4.0471312e+02
   4.0537684e+02
   4.0601986e+02
   4.0667558e+02
   4.0729354e+02
   4.0798268e+02
   4.0863245e+02
   4.0927581e+02
   4.0993758e+02
   4.1058102e+02
   4.1118826e+02
   4.1185821e+02
   4.1251079e+02
   4.1318966e+02
   4.1381743e+02
   4.1449138e+02
   4.1515677e+02
   4.1576556e+02
   4.1638762e+02
   4.1705015e+02
   4.1767049e+02
   4.1832896e+02
   4.1896866e+02
   4.1956964e+02
   4.2015916e+02
   4.2081435e+02
   4.2145865e+02
   4.2207774e+02
   4.2270430e+02
   4.2335053e+02
   4.2399947e+02
   4.2466149e+02
   4.2536193e+02
   4.2600745e+02
   4.2667946e+02
   4.2732815e+02
   4.2791023e+02
   4.2855248e+02
   4.2915517e+02
   4.2982458e+02
   4.3043581e+02
   4.3111994e+02
   4.3176920e+02
   4.3240376e+02
   4.3302715e+02
   4.3366904e+02
   4.3433747e+02
   4.3500938e+02
   4.3566751e+02
   4.3633468e+02
   4.3698906e+02
   4.3765275e+02
   4.3825885e+02
   4.3888909e+02
   4.3952165e+02
   4.4018330e+02
   4.4081392e+02
   4.4144357e+02
   4.4210848e+02
   4.4277945e+02
   4.4347061e+02
   4.4408697e+02
   4.4475294e+02
   4.4538949e+02
   4.4602534e+02
   4.4665869e+02
   4.4731319e+02
   4.4795723e+02
   4.4860342e+02
   4.4920364e+02
   4.4987288e+02
   4.5051754e+02
   4.5112593e+02
   4.5175270e+02
   4.5242072e+02
   4.5303253e+02
   4.5374643e+02
   4.5439772e+02
   4.5499224e+02
   4.5561485e+02
   4.5622873e+02
   4.5686526e+02
   4.5751039e+02
   4.5812472e+02
   4.5869744e+02
   4.5934233e+02
   4.5993861e+02
   4.6058740e+02
   4.6123295e+02
   4.6184856e+02
   4.6250957e+02
   4.6311847e+02
   4.6380223e+02
   4.6450818e+02
   4.6514854e+02
   4.6577289e+02
   4.6636724e+02
   4.6699727e+02
   4.6760499e+02
   4.6823009e+02
   4.6884184e+02
   4.6950328e+02
   4.7013807e+02
   4.7078843e+02
   4.7142748e+02
   4.7199096e+02
   4.7266564e+02
   4.7329584e+02
   4.7393688e+02
   4.7455896e+02
   4.7513853e+02
   4.7574096e+02
   4.7639183e+02
   4.7706660e+02
   4.7767228e+02
   4.7833354e+02
   4.7898518e+02
   4.7960401e+02
   4.8028165e+02
   4.8086661e+02
   4.8149645e+02
   4.8213354e+02
   4.8273725e+02
   4.8334639e+02
   4.8398286e+02
   4.8457926e+02
   4.8519970e+02
   4.8579559e+02
   4.8641873e+02
   4.8705556e+02
   4.8762981e+02
   4.8828339e+02
   4.8889539e+02
   4.8946291e+02
   4.9010739e+02
   4.9071642e+02
   4.9133464e+02
   4.9197582e+02
   4.9260291e+02
   4.9320917e+02
   4.9376467e+02
   4.9436410e+02
   4.9499894e+02
   4.9569091e+02
   4.9630832e+02
   4.9692486e+02
   4.9757741e+02
   4.9816908e+02
   4.9878385e+02
   4.9939132e+02
   5.0003320e+02
   5.0068240e+02
   5.0132295e+02
   5.0198535e+02
   5.0262844e+02
   5.0323107e+02
   5.0381016e+02
   5.0440203e+02
   5.0503835e+02
   5.0568188e+02
   5.0629273e+02
   5.0694341e+02
   5.0761451e+02
   5.0826980e+02
   5.0886212e+02
   5.0947981e+02
   5.1009442e+02
   5.1072335e+02
   5.1134064e+02
   5.1195679e+02
   5.1264708e+02
   5.1327618e+02
   5.1390718e+02
   5.1455154e+02
   5.1514025e+02
   5.1574644e+02
   5.1639347e+02
   5.1704138e+02
   5.1764112e+02
   5.1830817e+02
   5.1894270e+02
   5.1958161e+02
   5.2021623e+02
   5.2083458e+02
   5.2142023e+02
   5.2204891e+02
   5.2264058e+02
   5.2326847e+02
   5.2390758e+02
   5.2454425e+02
   5.2513715e+02
   5.2578228e+02
   5.2638162e+02
   5.2702494e+02
   5.2767766e+02
   5.2835882e+02
   5.2892937e+02
   5.2958766e+02
   5.3021637e+02
   5.3084626e+02
   5.3146128e+02
   5.3210131e+02
   5.3272885e+02
   5.3334040e+02
   5.3395604e+02
   5.3460795e+02
   5.3525460e+02
   5.3591922e+02
   5.3656176e+02
   5.3718681e+02
   5.3778682e+02
   5.3842952e+02
   5.3905364e+02
   5.3969399e+02
   5.4035158e+02
   5.4096715e+02
   5.4158591e+02
   5.4220965e+02
   5.4284700e+02
   5.4354083e+02
   5.4414803e+02
   5.4482054e+02
   5.4544443e+02
   5.4610165e+02
   5.4673467e+02
   5.4735112e+02
   5.4797505e+02
   5.4863349e+02
   5.4930315e+02
   5.4996261e+02
   5.5057563e+02
   5.5116843e+02
   5.5181068e+02
   5.5245829e+02
   5.5301950e+02
   5.5364869e+02
   5.5434470e+02
   5.5496843e+02
   5.5557490e+02
   5.5617180e+02
   5.5675084e+02
   5.5736428e+02
   5.5800316e+02
   5.5859969e+02
   5.5923664e+02
   5.5989099e+02
   5.6050201e+02
   5.6114643e+02
   5.6179221e+02
   5.6241848e+02
   5.6310970e+02
   5.6369886e+02
   5.6433462e+02
   5.6493920e+02
   5.6554851e+02
   5.6619072e+02
   5.6685324e+02
   5.6748805e+02
   5.6815786e+02
   5.6875394e+02
   5.6939275e+02
   5.7000432e+02
   5.7061138e+02
   5.7115504e+02
   5.7180564e+02
   5.7249445e+02
   5.7313690e+02
   5.7380906e+02
   5.7443885e+02
   5.7502542e+02
   5.7561834e+02
   5.7622042e+02
   5.7688303e+02
   5.7749648e+02
   5.7812485e+02
   5.7871265e+02
   5.7933002e+02
   5.7990803e+02
   5.8051104e+02
   5.8116096e+02
   5.8184393e+02
   5.8248532e+02
   5.8311465e+02
   5.8377558e+02
   5.8442547e+02
   5.8496760e+02
   5.8553108e+02
   5.8612676e+02
   5.8672535e+02
   5.8730051e+02
   5.8790475e+02
   5.8849887e+02
   5.8916081e+02
   5.8976444e+02
   5.9034308e+02
   5.9095466e+02
   5.9155288e+02
   5.9218702e+02
   5.9280443e+02
   5.9338313e+02
   5.9402710e+02
   5.9463891e+02
   5.9524476e+02
   5.9584012e+02
   5.9649246e+02
   5.9711508e+02
   5.9768460e+02
   5.9838409e+02
   5.9899081e+02
   5.9962289e+02
   6.0025962e+02
   6.0084036e+02
   6.0150413e+02
   6.0213577e+02
   6.0276560e+02
   6.0343534e+02
   6.0406079e+02
   6.0462730e+02
   6.0524514e+02
   6.0590871e+02
   6.0657430e+02
   6.0720444e+02
   6.0777222e+02
   6.0843362e+02
   6.0905366e+02
   6.0968240e+02
   6.1034970e+02
   6.1098174e+02
   6.1148600e+02
   6.1204789e+02
   6.1263926e+02
   6.1321475e+02
   6.1384270e+02
   6.1446834e+02
   6.1506618e+02
   6.1572794e+02
   6.1632596e+02
   6.1693568e+02
   6.1753424e+02
   6.1812813e+02
   6.1874936e+02
   6.1932102e+02
   6.1992811e+02
   6.2057659e+02
   6.2122570e+02
   6.2178411e+02
   6.2241640e+02
   6.2301505e+02
   6.2365100e+02
   6.2427763e+02
   6.2488334e+02
   6.2549990e+02
   6.2614129e+02
   6.2678869e+02
   6.2738319e+02
   6.2795770e+02
   6.2856332e+02
   6.2921992e+02
   6.2984834e+02
   6.3048116e+02
   6.3108479e+02
   6.3167895e+02
   6.3237504e+02
   6.3298948e+02
   6.3360468e+02
   6.3420780e+02
   6.3482909e+02
   6.3543126e+02
   6.3601484e+02
   6.3665354e+02
   6.3732563e+02
   6.3795044e+02
   6.3854452e+02
   6.3916683e+02
   6.3982264e+02
   6.4050688e+02
   6.4107058e+02
   6.4169456e+02
   6.4229258e+02
   6.4292863e+02
   6.4354913e+02
   6.4414373e+02
   6.4469907e+02
   6.4527023e+02
   6.4585744e+02
   6.4646366e+02
   6.4712381e+02
   6.4771721e+02
   6.4834816e+02
   6.4899965e+02
   6.4962076e+02
   6.5024252e+02
   6.5083598e+02
   6.5148228e+02
   6.5215997e+02
   6.5279328e+02
   6.5342333e+02
   6.5404713e+02
   6.5470258e+02
   6.5530854e+02
   6.5590338e+02
   6.5653800e+02
   6.5714213e+02
   6.5779074e+02
   6.5834892e+02
   6.5901562e+02
