   1.5318701e+04
   2.6448532e+04
   3.2596721e+04
   3.7478223e+04
   3.9769908e+04
   4.2761460e+04
   4.4825217e+04
   5.4220323e+04
   6.7836180e+04
   7.6953702e+04
   8.4471359e+04
   8.6652521e+04
   9.0446544e+04
   1.0055892e+05
   1.3795546e+05
   1.7510559e+05
   1.8268689e+05
   1.9649736e+05
   2.0922954e+05
   2.1484095e+05
   2.2836035e+05
   2.3743314e+05
   2.4509854e+05
   2.5895222e+05
   2.6022202e+05
   2.7395467e+05
   2.8451217e+05
   2.9217190e+05
   3.1000079e+05
   3.2192261e+05
   3.2938422e+05
   3.4548552e+05
   3.5633326e+05
   3.5706753e+05
   3.6226374e+05
   3.6715805e+05
   3.6883941e+05
   3.7957150e+05
   3.9179684e+05
   4.0072211e+05
   4.0174972e+05
   4.1285721e+05
   4.2427480e+05
   4.3479032e+05
   4.4506049e+05
   4.4976610e+05
   4.5673764e+05
   4.6525212e+05
   4.7044402e+05
   4.7062207e+05
   4.7588774e+05
   4.8188047e+05
   4.8452545e+05
   4.8728886e+05
   4.9767185e+05
   5.0813038e+05
   5.1317380e+05
   5.1665019e+05
   5.3881696e+05
   5.5497342e+05
   5.6630876e+05
   5.6883183e+05
   5.6908601e+05
   5.8925084e+05
   6.0943135e+05
   6.1451274e+05
   6.1980360e+05
   6.2096910e+05
   6.2296323e+05
   6.4381129e+05
   6.6308707e+05
   6.8365317e+05
   7.0183985e+05
   7.1141781e+05
   7.1630443e+05
   7.1813210e+05
   7.1991565e+05
   7.2290202e+05
   7.3203495e+05
   7.4015359e+05
   7.4445511e+05
   7.5477194e+05
   7.6591413e+05
   7.6886377e+05
   7.7417932e+05
   7.8216010e+05
   7.8632083e+05
   7.9156204e+05
   7.9540172e+05
   8.1659043e+05
   8.3690034e+05
   8.4330814e+05
   8.5768522e+05
   8.6794651e+05
   8.7024120e+05
   8.7384724e+05
   8.7688831e+05
   8.8763734e+05
   8.9443893e+05
   9.0576085e+05
   9.2464823e+05
   9.3396505e+05
   9.3920941e+05
   9.4981801e+05
   9.6008672e+05
   9.6391072e+05
   9.7339559e+05
   9.8119778e+05
   9.9221364e+05
   1.0023117e+06
   1.0078939e+06
   1.0127166e+06
   1.0161974e+06
   1.0176394e+06
   1.0188870e+06
   1.0218401e+06
   1.0267841e+06
   1.0468904e+06
   1.0673531e+06
   1.0776841e+06
   1.0879448e+06
   1.0886865e+06
   1.0987665e+06
   1.1096777e+06
   1.1245671e+06
   1.1404288e+06
   1.1598233e+06
   1.1648104e+06
   1.1680028e+06
   1.1720649e+06
   1.1765847e+06
   1.1876877e+06
   1.1929555e+06
   1.2108847e+06
   1.2219237e+06
   1.2433620e+06
   1.2576101e+06
   1.2630037e+06
   1.2647288e+06
   1.2713339e+06
   1.2810799e+06
   1.3029222e+06
   1.3277824e+06
   1.3380037e+06
   1.3429044e+06
   1.3476616e+06
   1.3574871e+06
   1.3684133e+06
   1.3755237e+06
   1.3851460e+06
   1.4061686e+06
   1.4263598e+06
   1.4271733e+06
   1.4292782e+06
   1.4312645e+06
   1.4320865e+06
   1.4378191e+06
   1.4454558e+06
   1.4573112e+06
   1.4674776e+06
   1.4876690e+06
   1.5084361e+06
   1.5357895e+06
   1.5534289e+06
   1.5679468e+06
   1.5743370e+06
   1.5818252e+06
   1.5921742e+06
   1.5933314e+06
   1.5963483e+06
   1.5985201e+06
   1.6008113e+06
   1.6044394e+06
   1.6072134e+06
   1.6092430e+06
   1.6141757e+06
   1.6183977e+06
   1.6380985e+06
   1.6598340e+06
   1.6865097e+06
   1.7084735e+06
   1.7300970e+06
   1.7531673e+06
   1.7606570e+06
   1.7669884e+06
   1.7783714e+06
   1.7886142e+06
   1.7975081e+06
   1.8119564e+06
   1.8170195e+06
   1.8207285e+06
   1.8253382e+06
   1.8260008e+06
   1.8261945e+06
   1.8365753e+06
   1.8468201e+06
   1.8532600e+06
   1.8601716e+06
   1.8687182e+06
   1.8789118e+06
   1.8821337e+06
   1.8831779e+06
   1.8934195e+06
   1.9037355e+06
   1.9125553e+06
   1.9199445e+06
   1.9236005e+06
   1.9248872e+06
   1.9312610e+06
   1.9531093e+06
   1.9850627e+06
   2.0052285e+06
   2.0102673e+06
   2.0166998e+06
   2.0244933e+06
   2.0516878e+06
   2.0713604e+06
   2.0741455e+06
   2.0760795e+06
   2.0966105e+06
   2.1232018e+06
   2.1346613e+06
   2.1393043e+06
   2.1623063e+06
   2.1815538e+06
   2.1893634e+06
   2.1941055e+06
   2.2074772e+06
   2.2212549e+06
   2.2245922e+06
   2.2360477e+06
   2.2465343e+06
   2.2656303e+06
   2.2833160e+06
   2.2888965e+06
   2.2905460e+06
   2.2920849e+06
   2.2957571e+06
   2.3070874e+06
   2.3193215e+06
   2.3312778e+06
   2.3423080e+06
   2.3439147e+06
   2.3493854e+06
   2.3728881e+06
   2.3962559e+06
   2.4011846e+06
   2.4111862e+06
   2.4213239e+06
   2.4237198e+06
   2.4260248e+06
   2.4361228e+06
   2.4467908e+06
   2.4657790e+06
   2.4876420e+06
   2.4938590e+06
   2.4998296e+06
   2.5046738e+06
   2.5149163e+06
   2.5229470e+06
   2.5254728e+06
   2.5306342e+06
   2.5398840e+06
   2.5530994e+06
   2.5766863e+06
   2.5963817e+06
   2.6056372e+06
   2.6162935e+06
   2.6270591e+06
   2.6413764e+06
   2.6476932e+06
   2.6577982e+06
   2.6742936e+06
   2.6950722e+06
   2.7127305e+06
   2.7214578e+06
   2.7235591e+06
   2.7257771e+06
   2.7281375e+06
   2.7480878e+06
   2.7786593e+06
   2.7987645e+06
   2.8090835e+06
   2.8204341e+06
   2.8227986e+06
   2.8322324e+06
   2.8413000e+06
   2.8512486e+06
   2.8620393e+06
   2.8695888e+06
   2.8810907e+06
   2.8911552e+06
   2.9116298e+06
   2.9318434e+06
   2.9343494e+06
   2.9404332e+06
   2.9498001e+06
   2.9578252e+06
   2.9783033e+06
   2.9987298e+06
   3.0077780e+06
   3.0142939e+06
   3.0191430e+06
   3.0389185e+06
   3.0575226e+06
   3.0791272e+06
   3.0983936e+06
   3.1039788e+06
   3.1091337e+06
   3.1112365e+06
   3.1177271e+06
   3.1227395e+06
   3.1329176e+06
   3.1425593e+06
   3.1478546e+06
   3.1526861e+06
   3.1575283e+06
   3.1606652e+06
   3.1674737e+06
   3.1726372e+06
   3.1734297e+06
   3.1760706e+06
   3.1842224e+06
   3.1941664e+06
   3.2151453e+06
   3.2361547e+06
   3.2415509e+06
   3.2517519e+06
   3.2609691e+06
   3.2795643e+06
   3.2991789e+06
   3.3042429e+06
   3.3102031e+06
   3.3173977e+06
   3.3225120e+06
   3.3235991e+06
   3.3250626e+06
   3.3259174e+06
   3.3312602e+06
   3.3360282e+06
   3.3456290e+06
   3.3578991e+06
   3.3768968e+06
   3.4011139e+06
   3.4080923e+06
   3.4176576e+06
   3.4230859e+06
   3.4290436e+06
   3.4415051e+06
   3.4535191e+06
   3.4777455e+06
   3.4979742e+06
   3.4986636e+06
   3.5003463e+06
   3.5020465e+06
   3.5050747e+06
   3.5249452e+06
   3.5379631e+06
   3.5656222e+06
   3.5759121e+06
   3.5783815e+06
   3.5862571e+06
   3.5960953e+06
   3.5994611e+06
   3.6058830e+06
   3.6136519e+06
   3.6189435e+06
   3.6225574e+06
   3.6308858e+06
   3.6381132e+06
   3.6432229e+06
   3.6485492e+06
   3.6487025e+06
   3.6500573e+06
   3.6567974e+06
   3.6633785e+06
   3.6639340e+06
   3.6713056e+06
   3.6792065e+06
   3.6993664e+06
   3.7203333e+06
   3.7216811e+06
   3.7221834e+06
   3.7277766e+06
   3.7392839e+06
   3.7544152e+06
   3.7651960e+06
   3.7675835e+06
   3.7857647e+06
   3.8082598e+06
   3.8189091e+06
   3.8412029e+06
   3.8614336e+06
   3.8635459e+06
   3.8733827e+06
   3.8827451e+06
   3.8846193e+06
   3.8861441e+06
   3.8880658e+06
   3.8955089e+06
   3.8989482e+06
   3.9121342e+06
   3.9221774e+06
   3.9410716e+06
   3.9602939e+06
   3.9621246e+06
   3.9716758e+06
   3.9813249e+06
   3.9852853e+06
   3.9900907e+06
   3.9943813e+06
   3.9947862e+06
   3.9972956e+06
   4.0016203e+06
   4.0089954e+06
   4.0157884e+06
   4.0323547e+06
   4.0423598e+06
   4.0467790e+06
   4.0554389e+06
   4.0674697e+06
   4.0740107e+06
   4.0750023e+06
   4.0792088e+06
   4.0889320e+06
   4.1057433e+06
   4.1159993e+06
   4.1212746e+06
   4.1261375e+06
   4.1369634e+06
   4.1467509e+06
   4.1528124e+06
   4.1602015e+06
   4.1670259e+06
   4.1764642e+06
   4.1774578e+06
   4.1784688e+06
   4.1989173e+06
   4.2214372e+06
   4.2396933e+06
   4.2596091e+06
   4.2672850e+06
   4.2764218e+06
   4.2860333e+06
   4.2999438e+06
   4.3050117e+06
   4.3154259e+06
   4.3285756e+06
   4.3319308e+06
   4.3418975e+06
   4.3607901e+06
   4.3820282e+06
   4.3880896e+06
   4.4007339e+06
   4.4112383e+06
   4.4219138e+06
   4.4312445e+06
   4.4502936e+06
   4.4706279e+06
   4.4902954e+06
   4.5146968e+06
   4.5251729e+06
   4.5266074e+06
   4.5375417e+06
   4.5477144e+06
   4.5578633e+06
   4.5687410e+06
   4.5738624e+06
   4.5811047e+06
   4.5866844e+06
   4.5978605e+06
   4.6072332e+06
   4.6131487e+06
   4.6167042e+06
   4.6248233e+06
   4.6347345e+06
   4.6350995e+06
   4.6403252e+06
   4.6477757e+06
   4.6530320e+06
   4.6554456e+06
   4.6766057e+06
   4.6969624e+06
   4.7032985e+06
   4.7080415e+06
   4.7328975e+06
   4.7641211e+06
   4.7870537e+06
   4.7972905e+06
   4.8038812e+06
   4.8199931e+06
   4.8361584e+06
   4.8372763e+06
   4.8385641e+06
   4.8425628e+06
   4.8456882e+06
   4.8522593e+06
   4.8549620e+06
   4.8604078e+06
   4.8674156e+06
   4.8713866e+06
   4.8926877e+06
   4.9122648e+06
   4.9170524e+06
   4.9204414e+06
   4.9427265e+06
   4.9632092e+06
   4.9838065e+06
   5.0137627e+06
   5.0341036e+06
   5.0368776e+06
   5.0591152e+06
   5.0792867e+06
   5.0809507e+06
   5.0821678e+06
   5.0838817e+06
   5.0850984e+06
   5.0854970e+06
   5.0905085e+06
   5.0992407e+06
   5.1123241e+06
   5.1314752e+06
   5.1461109e+06
   5.1665988e+06
   5.1871850e+06
   5.1912834e+06
   5.2118683e+06
   5.2353300e+06
   5.2401916e+06
   5.2450254e+06
   5.2527821e+06
   5.2566450e+06
   5.2597697e+06
   5.2712925e+06
   5.2819268e+06
   5.3017925e+06
   5.3257156e+06
   5.3470068e+06
   5.3538648e+06
   5.3600914e+06
   5.3680571e+06
   5.3899232e+06
   5.4270953e+06
   5.4461916e+06
   5.4521050e+06
   5.4557226e+06
   5.4639745e+06
   5.4785508e+06
   5.4872163e+06
   5.4903769e+06
   5.4911601e+06
   5.5010369e+06
   5.5165045e+06
   5.5394427e+06
   5.5656149e+06
   5.5734357e+06
   5.5862207e+06
   5.6024317e+06
   5.6108546e+06
   5.6225777e+06
   5.6309106e+06
   5.6412604e+06
   5.6524531e+06
   5.6625147e+06
   5.6726232e+06
   5.6828710e+06
   5.7032253e+06
   5.7286411e+06
   5.7387296e+06
   5.7473730e+06
   5.7531819e+06
   5.7585520e+06
   5.7635835e+06
   5.7650707e+06
   5.7750319e+06
   5.7897915e+06
   5.8102729e+06
   5.8164886e+06
   5.8224603e+06
   5.8417290e+06
   5.8659510e+06
   5.8761244e+06
   5.8965323e+06
   5.9363715e+06
   5.9568052e+06
   5.9668419e+06
   5.9815201e+06
   5.9869501e+06
   6.0072682e+06
   6.0277906e+06
   6.0478798e+06
   6.0708247e+06
   6.0813152e+06
   6.0836957e+06
   6.0887063e+06
   6.0936147e+06
   6.0978288e+06
   6.1091494e+06
   6.1281619e+06
   6.1493739e+06
   6.1602624e+06
   6.1658256e+06
   6.1705962e+06
   6.1732013e+06
   6.1757726e+06
   6.1803182e+06
   6.1854416e+06
   6.1914800e+06
   6.1965528e+06
   6.2012941e+06
   6.2111087e+06
   6.2300004e+06
   6.2403106e+06
   6.2504895e+06
   6.2592993e+06
   6.2725627e+06
   6.2829549e+06
   6.3127904e+06
   6.3236202e+06
   6.3340158e+06
   6.3448750e+06
   6.3650637e+06
   6.3750565e+06
   6.3811844e+06
   6.3859121e+06
   6.3885595e+06
   6.3904062e+06
   6.4112226e+06
   6.4313761e+06
   6.4516937e+06
   6.4722946e+06
   6.5133237e+06
   6.5542455e+06
   6.5544308e+06
   6.5557402e+06
   6.5767286e+06
   6.6073575e+06
   6.6265679e+06
   6.6375554e+06
   6.6543936e+06
   6.6933577e+06
   6.7142749e+06
   6.7259032e+06
   6.7308514e+06
   6.7513692e+06
   6.7709289e+06
   6.7762336e+06
   6.7796672e+06
   6.7987304e+06
   6.8191898e+06
   6.8293679e+06
   6.8395599e+06
   6.8500594e+06
   6.8581043e+06
   6.8651584e+06
   6.8852835e+06
   6.9183095e+06
   6.9448862e+06
   6.9760609e+06
   6.9961281e+06
   7.0064387e+06
   7.0106017e+06
   7.0135142e+06
   7.0339264e+06
   7.0544791e+06
   7.0753723e+06
   7.0959488e+06
   7.0963924e+06
   7.0989826e+06
   7.1001792e+06
   7.1024597e+06
   7.1051689e+06
   7.1260240e+06
   7.1546362e+06
   7.1657196e+06
   7.1749362e+06
   7.1842963e+06
   7.1927420e+06
   7.2049246e+06
   7.2218246e+06
   7.2479808e+06
   7.2685682e+06
   7.2886035e+06
   7.2892910e+06
   7.2923981e+06
   7.3015560e+06
   7.3116256e+06
   7.3138474e+06
   7.3241760e+06
   7.3318185e+06
   7.3359574e+06
   7.3413388e+06
   7.3502332e+06
   7.3611867e+06
   7.3632665e+06
   7.3835582e+06
   7.4114253e+06
   7.4217270e+06
   7.4412988e+06
   7.4621134e+06
   7.4820790e+06
   7.5011257e+06
   7.5195508e+06
   7.5441881e+06
   7.5529620e+06
   7.5724367e+06
   7.6111513e+06
   7.6307412e+06
   7.6418403e+06
   7.6567126e+06
   7.6671889e+06
   7.6873648e+06
   7.7006057e+06
   7.7197074e+06
   7.7246868e+06
   7.7292330e+06
   7.7349775e+06
   7.7417667e+06
   7.7469565e+06
   7.7574779e+06
   7.7707912e+06
   7.7878047e+06
   7.7960740e+06
   7.8411580e+06
   7.8825491e+06
   7.8855463e+06
   7.9277302e+06
   7.9684874e+06
   7.9731263e+06
   7.9852067e+06
   8.0101567e+06
   8.0297551e+06
   8.0313769e+06
   8.0407582e+06
   8.0583947e+06
   8.0692905e+06
   8.0797508e+06
   8.0902726e+06
   8.1084407e+06
   8.1164015e+06
   8.1277512e+06
   8.1369970e+06
   8.1432875e+06
   8.1488307e+06
   8.1511021e+06
   8.1530669e+06
   8.1633715e+06
   8.1745368e+06
   8.1777624e+06
   8.1879747e+06
   8.1981029e+06
   8.2193590e+06
   8.2527828e+06
   8.2706444e+06
   8.2764853e+06
   8.2975675e+06
   8.3159532e+06
   8.3184991e+06
   8.3186765e+06
   8.3289265e+06
   8.3386714e+06
   8.3408086e+06
   8.3619530e+06
   8.3790090e+06
   8.3844492e+06
   8.3904420e+06
   8.3922613e+06
   8.3978138e+06
   8.4068843e+06
   8.4270058e+06
   8.4454697e+06
   8.4597392e+06
   8.4682126e+06
   8.4733114e+06
   8.4778863e+06
   8.4872699e+06
   8.4972482e+06
   8.5073577e+06
   8.5137649e+06
   8.5259842e+06
   8.5453030e+06
   8.5566570e+06
   8.5680671e+06
   8.5802496e+06
   8.5850082e+06
   8.5874405e+06
   8.5896606e+06
   8.5990388e+06
   8.6124540e+06
   8.6223076e+06
   8.6423519e+06
   8.6622497e+06
   8.6680471e+06
   8.6731783e+06
   8.6816090e+06
   8.6885640e+06
   8.6974570e+06
   8.7077548e+06
   8.7278576e+06
   8.7487167e+06
   8.7588165e+06
   8.7691094e+06
   8.7705472e+06
   8.7810305e+06
   8.7910483e+06
   8.8012706e+06
   8.8115735e+06
   8.8149268e+06
   8.8183705e+06
   8.8253069e+06
   8.8289781e+06
   8.8534129e+06
   8.8742039e+06
   8.8778679e+06
   8.8807849e+06
   8.8838380e+06
   8.8889413e+06
   8.9111418e+06
   8.9315224e+06
   8.9370851e+06
   8.9561113e+06
   8.9768716e+06
   8.9871705e+06
   9.0041255e+06
   9.0310999e+06
   9.0390481e+06
   9.0441936e+06
   9.0645197e+06
   9.0881213e+06
   9.0945553e+06
   9.0962080e+06
   9.0968300e+06
   9.1017076e+06
   9.1130036e+06
   9.1313139e+06
   9.1428447e+06
   9.1645069e+06
   9.1830803e+06
   9.1886081e+06
   9.2024568e+06
   9.2159632e+06
   9.2254905e+06
   9.2306217e+06
   9.2340319e+06
   9.2359193e+06
   9.2560327e+06
   9.2903516e+06
   9.3087822e+06
   9.3140590e+06
   9.3197421e+06
   9.3324624e+06
   9.3455217e+06
   9.3595032e+06
   9.3708749e+06
   9.3876671e+06
   9.3969432e+06
   9.4395021e+06
   9.4776808e+06
   9.4794240e+06
   9.4900477e+06
   9.5030297e+06
   9.5140995e+06
   9.5209011e+06
   9.5443306e+06
   9.5625755e+06
   9.5692170e+06
   9.5745069e+06
   9.5791914e+06
   9.5860239e+06
   9.5950390e+06
   9.6076323e+06
   9.6212820e+06
   9.6343102e+06
   9.6477458e+06
   9.6570403e+06
   9.6629139e+06
   9.6645050e+06
   9.6721031e+06
   9.6749069e+06
   9.6874469e+06
   9.6983168e+06
   9.7208079e+06
   9.7415030e+06
   9.7526722e+06
   9.7629293e+06
   9.7726473e+06
   9.7957850e+06
   9.8176407e+06
   9.8227888e+06
   9.8432226e+06
   9.8584537e+06
   9.8681692e+06
   9.8749271e+06
   9.8808055e+06
   9.8864559e+06
   9.8878917e+06
   9.8928306e+06
   9.9034656e+06
   9.9125119e+06
   9.9227457e+06
   9.9242775e+06
   9.9287440e+06
   9.9359892e+06
   9.9530988e+06
   9.9672655e+06
   9.9734247e+06
   9.9762695e+06
   9.9854422e+06
   9.9958097e+06
   1.0001296e+07
   1.0008584e+07
   1.0017221e+07
   1.0022274e+07
   1.0023607e+07
   1.0043512e+07
   1.0063257e+07
   1.0082655e+07
   1.0101685e+07
   1.0104712e+07
   1.0109287e+07
   1.0129194e+07
   1.0156839e+07
   1.0174762e+07
   1.0201524e+07
   1.0221420e+07
   1.0222734e+07
   1.0223360e+07
   1.0225683e+07
   1.0228601e+07
   1.0237474e+07
   1.0258151e+07
   1.0278697e+07
   1.0288127e+07
   1.0294436e+07
   1.0311350e+07
   1.0322391e+07
   1.0333276e+07
   1.0341627e+07
   1.0351881e+07
   1.0375691e+07
   1.0399612e+07
   1.0404206e+07
   1.0414804e+07
   1.0426441e+07
   1.0428756e+07
   1.0431457e+07
   1.0436140e+07
   1.0452672e+07
   1.0475968e+07
   1.0486933e+07
   1.0497062e+07
   1.0500840e+07
   1.0501627e+07
   1.0502724e+07
   1.0513002e+07
   1.0523925e+07
   1.0528207e+07
   1.0532280e+07
   1.0542361e+07
   1.0552486e+07
   1.0557728e+07
   1.0573616e+07
   1.0596624e+07
   1.0603099e+07
   1.0628101e+07
   1.0647212e+07
   1.0658364e+07
   1.0668536e+07
   1.0679534e+07
   1.0689617e+07
   1.0697095e+07
   1.0704186e+07
   1.0709245e+07
   1.0714554e+07
   1.0720488e+07
   1.0721941e+07
   1.0731970e+07
   1.0751193e+07
   1.0771440e+07
   1.0777200e+07
   1.0785889e+07
   1.0792662e+07
   1.0798039e+07
   1.0821336e+07
   1.0841620e+07
   1.0842928e+07
   1.0844392e+07
   1.0847822e+07
   1.0853016e+07
   1.0862144e+07
   1.0877699e+07
   1.0888234e+07
   1.0889677e+07
   1.0895146e+07
   1.0918115e+07
   1.0939153e+07
   1.0948005e+07
   1.0955355e+07
   1.0958867e+07
