   3.5552790e-03
   1.0365141e+00
   1.1580936e+00
   1.2573192e+00
   1.3174534e+00
   1.4037436e+00
   1.4367014e+00
   1.4661268e+00
   1.4948912e+00
   1.5277164e+00
   1.5697083e+00
   1.6090778e+00
   1.6474847e+00
   1.6840256e+00
   1.7169317e+00
   1.7562487e+00
   1.8072505e+00
   1.8400227e+00
   1.8746837e+00
   1.9122931e+00
   1.9438486e+00
   1.9789001e+00
   2.0173479e+00
   2.0581722e+00
   2.1020074e+00
   2.1402470e+00
   2.1731545e+00
   2.2073414e+00
   2.2370717e+00
   2.2660326e+00
   2.2965687e+00
   2.3257118e+00
   2.3572593e+00
   2.3879527e+00
   2.4234681e+00
   2.4548375e+00
   2.4932000e+00
   2.5317727e+00
   2.5672994e+00
   2.6017664e+00
   2.6378349e+00
   2.6730150e+00
   2.7129240e+00
   2.7517071e+00
   2.7939114e+00
   2.8422141e+00
   2.8916354e+00
   2.9244832e+00
   2.9547967e+00
   2.9821098e+00
   3.0111926e+00
   3.0462446e+00
   3.0886969e+00
   3.1179677e+00
   3.1526265e+00
   3.1864181e+00
   3.2161065e+00
   3.2435644e+00
   3.2693250e+00
   3.2972531e+00
   3.3239279e+00
   3.3516471e+00
   3.3807500e+00
   3.4062901e+00
   3.4348162e+00
   3.4655810e+00
   3.4927746e+00
   3.5192183e+00
   3.5494988e+00
   3.5810056e+00
   3.6077064e+00
   3.6347978e+00
   3.6628896e+00
   3.6921669e+00
   3.7204241e+00
   3.7495645e+00
   3.7779882e+00
   3.8056390e+00
   3.8365086e+00
   3.8684545e+00
   3.8977020e+00
   3.9276516e+00
   3.9565294e+00
   3.9845858e+00
   4.0156890e+00
   4.0459108e+00
   4.0761481e+00
   4.1075426e+00
   4.1384359e+00
   4.1684416e+00
   4.2020251e+00
   4.2324036e+00
   4.2639298e+00
   4.2959883e+00
   4.3271871e+00
   4.3590894e+00
   4.3892807e+00
   4.4203488e+00
   4.4519215e+00
   4.4835391e+00
   4.5140675e+00
   4.5468358e+00
   4.5890791e+00
   4.6239333e+00
   4.6560982e+00
   4.6910351e+00
   4.7240667e+00
   4.7546730e+00
   4.7864820e+00
   4.8166859e+00
   4.8480721e+00
   4.8796723e+00
   4.9126554e+00
   4.9437000e+00
   4.9734388e+00
   5.0034035e+00
   5.0339098e+00
   5.0641471e+00
   5.0924597e+00
   5.1212838e+00
   5.1504444e+00
   5.1795977e+00
   5.2118482e+00
   5.2388158e+00
   5.2689853e+00
   5.3016172e+00
   5.3329035e+00
   5.3693636e+00
   5.4029062e+00
   5.4344581e+00
   5.4627419e+00
   5.4896987e+00
   5.5259738e+00
   5.5593538e+00
   5.5907932e+00
   5.6253663e+00
   5.6583634e+00
   5.6913123e+00
   5.7232313e+00
   5.7536423e+00
   5.7853070e+00
   5.8156178e+00
   5.8467440e+00
   5.8868130e+00
   5.9325187e+00
   5.9714320e+00
   6.0152251e+00
   6.0479648e+00
   6.0812967e+00
   6.1118907e+00
   6.1433211e+00
   6.1744934e+00
   6.2063755e+00
   6.2373402e+00
   6.2669355e+00
   6.2993290e+00
   6.3319772e+00
   6.3697188e+00
   6.4010987e+00
   6.4329093e+00
   6.4625477e+00
   6.5048730e+00
   6.5371995e+00
   6.5686392e+00
   6.6013046e+00
   6.6298011e+00
   6.6614123e+00
   6.6944264e+00
   6.7267936e+00
   6.7566873e+00
   6.7842859e+00
   6.8129566e+00
   6.8435261e+00
   6.8735386e+00
   6.9010328e+00
   6.9279949e+00
   6.9568144e+00
   6.9811070e+00
   7.0093778e+00
   7.0381117e+00
   7.0651902e+00
   7.0925875e+00
   7.1184768e+00
   7.1456155e+00
   7.1764460e+00
   7.2067871e+00
   7.2353383e+00
   7.2616282e+00
   7.2902574e+00
   7.3167613e+00
   7.3438409e+00
   7.3717830e+00
   7.3974630e+00
   7.4243117e+00
   7.4500289e+00
   7.4773192e+00
   7.5057159e+00
   7.5341855e+00
   7.5641697e+00
   7.5910178e+00
   7.6204428e+00
   7.6491854e+00
   7.6762389e+00
   7.7031543e+00
   7.7294168e+00
   7.7577339e+00
   7.7850381e+00
   7.8135265e+00
   7.8449439e+00
   7.8744588e+00
   7.9072201e+00
   7.9376774e+00
   7.9645993e+00
   7.9944459e+00
   8.0205416e+00
   8.0468238e+00
   8.0764164e+00
   8.1031956e+00
   8.1286395e+00
   8.1580125e+00
   8.1837199e+00
   8.2122178e+00
   8.2420658e+00
   8.2691189e+00
   8.2961987e+00
   8.3261312e+00
   8.3515015e+00
   8.3778779e+00
   8.4040895e+00
   8.4322158e+00
   8.4612261e+00
   8.4884959e+00
   8.5161733e+00
   8.5455025e+00
   8.5725288e+00
   8.5990926e+00
   8.6286817e+00
   8.6539995e+00
   8.6808016e+00
   8.7106235e+00
   8.7362608e+00
   8.7633047e+00
   8.7902801e+00
   8.8163205e+00
   8.8454077e+00
   8.8701902e+00
   8.9007849e+00
   8.9283752e+00
   8.9547292e+00
   8.9836047e+00
   9.0168281e+00
   9.0469881e+00
   9.0780676e+00
   9.1072962e+00
   9.1336941e+00
   9.1634309e+00
   9.1940843e+00
   9.2241161e+00
   9.2560556e+00
   9.2843276e+00
   9.3148822e+00
   9.3439902e+00
   9.3719302e+00
   9.3989507e+00
   9.4254409e+00
   9.4528195e+00
   9.4804611e+00
   9.5076371e+00
   9.5371189e+00
   9.5644922e+00
   9.5908757e+00
   9.6168341e+00
   9.6443777e+00
   9.6700687e+00
   9.6986663e+00
   9.7293311e+00
   9.7564437e+00
   9.7835637e+00
   9.8097667e+00
   9.8361183e+00
   9.8636718e+00
   9.8910722e+00
   9.9187942e+00
   9.9468308e+00
   9.9726865e+00
   1.0007237e+01
   1.0038011e+01
   1.0071255e+01
   1.0102900e+01
   1.0142213e+01
   1.0173722e+01
   1.0205146e+01
   1.0233372e+01
   1.0260614e+01
   1.0287445e+01
   1.0315683e+01
   1.0342974e+01
   1.0369666e+01
   1.0400111e+01
   1.0427353e+01
   1.0454403e+01
   1.0483104e+01
   1.0512204e+01
   1.0539092e+01
   1.0566926e+01
   1.0594562e+01
   1.0621740e+01
   1.0652602e+01
   1.0680205e+01
   1.0706194e+01
   1.0734116e+01
   1.0761816e+01
   1.0788158e+01
   1.0815611e+01
   1.0842643e+01
   1.0869827e+01
   1.0897974e+01
   1.0924293e+01
   1.0952937e+01
   1.0981374e+01
   1.1012649e+01
   1.1041422e+01
   1.1069729e+01
   1.1097993e+01
   1.1124899e+01
   1.1153306e+01
   1.1180556e+01
   1.1208250e+01
   1.1240460e+01
   1.1269657e+01
   1.1295946e+01
   1.1323573e+01
   1.1351974e+01
   1.1378848e+01
   1.1410005e+01
   1.1441307e+01
   1.1475237e+01
   1.1506122e+01
   1.1538461e+01
   1.1569514e+01
   1.1598437e+01
   1.1624274e+01
   1.1652819e+01
   1.1680643e+01
   1.1707344e+01
   1.1738395e+01
   1.1767578e+01
   1.1794275e+01
   1.1822642e+01
   1.1853074e+01
   1.1879708e+01
   1.1908027e+01
   1.1935734e+01
   1.1962090e+01
   1.1989380e+01
   1.2018895e+01
   1.2044817e+01
   1.2073449e+01
   1.2104839e+01
   1.2133802e+01
   1.2160536e+01
   1.2188401e+01
   1.2220214e+01
   1.2249116e+01
   1.2275344e+01
   1.2304501e+01
   1.2331222e+01
   1.2357665e+01
   1.2387550e+01
   1.2418744e+01
   1.2447670e+01
   1.2473622e+01
   1.2501096e+01
   1.2528486e+01
   1.2556827e+01
   1.2584873e+01
   1.2612134e+01
   1.2639745e+01
   1.2666560e+01
   1.2695004e+01
   1.2723990e+01
   1.2753506e+01
   1.2781749e+01
   1.2808711e+01
   1.2836949e+01
   1.2865240e+01
   1.2892402e+01
   1.2924706e+01
   1.2952954e+01
   1.2979421e+01
   1.3007718e+01
   1.3038644e+01
   1.3070483e+01
   1.3101081e+01
   1.3134144e+01
   1.3164240e+01
   1.3524483e+01
   1.3561917e+01
   1.3591358e+01
   1.3620581e+01
   1.3647678e+01
   1.3676165e+01
   1.3705840e+01
   1.3733535e+01
   1.3761795e+01
   1.3791525e+01
   1.3819888e+01
   1.3847007e+01
   1.3877879e+01
   1.3906112e+01
   1.3933627e+01
   1.3963317e+01
   1.3993172e+01
   1.4023092e+01
   1.4053285e+01
   1.4082739e+01
   1.4114640e+01
   1.4146237e+01
   1.4176684e+01
   1.4206876e+01
   1.4238166e+01
   1.4265899e+01
   1.4296781e+01
   1.4327236e+01
   1.4354764e+01
   1.4382792e+01
   1.4410918e+01
   1.4438843e+01
   1.4466341e+01
   1.4495716e+01
   1.4525846e+01
   1.4555175e+01
   1.4581279e+01
   1.4611187e+01
   1.4639059e+01
   1.4666874e+01
   1.4695244e+01
   1.4723357e+01
   1.4750872e+01
   1.4780455e+01
   1.4808433e+01
   1.4836219e+01
   1.4863901e+01
   1.4894957e+01
   1.4922983e+01
   1.4950117e+01
   1.4978343e+01
   1.5006880e+01
   1.5038656e+01
   1.5065725e+01
   1.5095859e+01
   1.5123411e+01
   1.5151536e+01
   1.5181953e+01
   1.5209575e+01
   1.5237814e+01
   1.5265965e+01
   1.5296012e+01
   1.5321678e+01
   1.5350766e+01
   1.5381886e+01
   1.5412141e+01
   1.5441991e+01
   1.5470163e+01
   1.5501304e+01
   1.5535353e+01
   1.5565411e+01
   1.5596959e+01
   1.5625415e+01
   1.5653200e+01
   1.5683158e+01
   1.5713352e+01
   1.5742740e+01
   1.5769586e+01
   1.5799715e+01
   1.5830191e+01
   1.5859376e+01
   1.5891622e+01
   1.5922322e+01
   1.5950427e+01
   1.5981372e+01
   1.6010895e+01
   1.6041581e+01
   1.6070092e+01
   1.6098391e+01
   1.6126920e+01
   1.6153712e+01
   1.6183041e+01
   1.6212547e+01
   1.6239923e+01
   1.6267880e+01
   1.6296816e+01
   1.6323970e+01
   1.6351213e+01
   1.6380443e+01
   1.6406773e+01
   1.6435862e+01
   1.6465167e+01
   1.6493048e+01
   1.6519788e+01
   1.6555290e+01
   1.6586884e+01
   1.6617768e+01
   1.6649091e+01
   1.6681349e+01
   1.6711551e+01
   1.6740762e+01
   1.6775436e+01
   1.6807278e+01
   1.6840171e+01
   1.6872112e+01
   1.6904718e+01
   1.6935714e+01
   1.6968557e+01
   1.7001633e+01
   1.7032305e+01
   1.7067724e+01
   1.7100954e+01
   1.7130371e+01
   1.7158714e+01
   1.7191906e+01
   1.7224682e+01
   1.7255858e+01
   1.7290072e+01
   1.7323280e+01
   1.7357934e+01
   1.7390576e+01
   1.7421625e+01
   1.7455229e+01
   1.7487765e+01
   1.7523326e+01
   1.7558832e+01
   1.7592412e+01
   1.7622515e+01
   1.7651907e+01
   1.7681565e+01
   1.7708601e+01
   1.7738582e+01
   1.7769443e+01
   1.7799036e+01
   1.7829754e+01
   1.7857832e+01
   1.7886581e+01
   1.7916437e+01
   1.7943614e+01
   1.7972367e+01
   1.8001285e+01
   1.8029863e+01
   1.8062002e+01
   1.8090684e+01
   1.8120013e+01
   1.8147527e+01
   1.8174651e+01
   1.8206166e+01
   1.8236676e+01
   1.8267773e+01
   1.8295410e+01
   1.8326407e+01
   1.8359043e+01
   1.8389235e+01
   1.8420253e+01
   1.8450206e+01
   1.8478621e+01
   1.8508376e+01
   1.8538496e+01
   1.8570018e+01
   1.8598770e+01
   1.8625787e+01
   1.8655813e+01
   1.8683533e+01
   1.8710713e+01
   1.8740105e+01
   1.8769450e+01
   1.8797098e+01
   1.8830082e+01
   1.8858660e+01
   1.8890937e+01
   1.8920074e+01
   1.8952086e+01
   1.8980126e+01
   1.9008616e+01
   1.9040380e+01
   1.9074755e+01
   1.9105419e+01
   1.9134033e+01
   1.9163341e+01
   1.9191635e+01
   1.9223579e+01
   1.9253984e+01
   1.9278946e+01
   1.9308006e+01
   1.9336370e+01
   1.9363053e+01
   1.9392447e+01
   1.9423014e+01
   1.9449656e+01
   1.9478746e+01
   1.9507308e+01
   1.9535903e+01
   1.9564176e+01
   1.9594655e+01
   1.9624966e+01
   1.9651962e+01
   1.9678738e+01
   1.9707147e+01
   1.9735842e+01
   1.9763735e+01
   1.9792579e+01
   1.9822029e+01
   1.9848326e+01
   1.9876734e+01
   1.9907095e+01
   1.9933558e+01
   1.9961477e+01
   1.9989537e+01
   2.0016099e+01
   2.0043079e+01
   2.0075173e+01
   2.0103124e+01
   2.0134427e+01
   2.0171673e+01
   2.0204920e+01
   2.0237832e+01
   2.0266762e+01
   2.0297111e+01
   2.0327198e+01
   2.0354962e+01
   2.0382248e+01
   2.0413111e+01
   2.0442520e+01
   2.0470586e+01
   2.0501885e+01
   2.0530241e+01
   2.0561619e+01
   2.0592879e+01
   2.0620745e+01
   2.0649691e+01
   2.0678939e+01
   2.0708940e+01
   2.0736547e+01
   2.0764022e+01
   2.0794422e+01
   2.0826784e+01
   2.0853240e+01
   2.0881325e+01
   2.0909777e+01
   2.0937817e+01
   2.0964643e+01
   2.0993614e+01
   2.1020852e+01
   2.1049653e+01
   2.1085563e+01
   2.1125870e+01
   2.1152631e+01
   2.1180917e+01
   2.1213131e+01
   2.1242353e+01
   2.1268496e+01
   2.1297480e+01
   2.1328521e+01
   2.1357419e+01
   2.1384642e+01
   2.1414517e+01
   2.1445365e+01
   2.1472226e+01
   2.1500260e+01
   2.1530463e+01
   2.1559878e+01
   2.1586669e+01
   2.1614563e+01
   2.1644200e+01
   2.1672512e+01
   2.1699572e+01
   2.1729419e+01
   2.1760568e+01
   2.1786599e+01
   2.1815248e+01
   2.1846053e+01
   2.1873797e+01
   2.1901901e+01
   2.1932216e+01
   2.1963188e+01
   2.1991110e+01
   2.2018028e+01
   2.2046223e+01
   2.2078251e+01
   2.2104909e+01
   2.2136337e+01
   2.2165134e+01
   2.2196171e+01
   2.2231186e+01
   2.2261275e+01
   2.2288402e+01
   2.2316843e+01
   2.2347694e+01
   2.2375285e+01
   2.2401709e+01
   2.2430322e+01
   2.2457778e+01
   2.2486905e+01
   2.2516979e+01
   2.2545150e+01
   2.2573604e+01
   2.2602679e+01
   2.2632016e+01
   2.2661109e+01
   2.2688802e+01
   2.2717570e+01
   2.2747379e+01
   2.2772687e+01
   2.2800920e+01
   2.2831846e+01
   2.2857832e+01
   2.2886663e+01
   2.2919692e+01
   2.2950597e+01
   2.2978820e+01
   2.3005177e+01
   2.3033894e+01
   2.3065448e+01
   2.3093315e+01
   2.3121251e+01
   2.3150645e+01
   2.3179860e+01
   2.3209319e+01
   2.3239578e+01
   2.3268054e+01
   2.3298535e+01
   2.3328151e+01
   2.3355008e+01
   2.3384361e+01
   2.3412320e+01
   2.3439428e+01
   2.3467276e+01
   2.3497071e+01
   2.3523882e+01
   2.3552568e+01
   2.3586560e+01
   2.3616768e+01
   2.3645316e+01
   2.3672393e+01
   2.3701936e+01
   2.3728885e+01
   2.3755747e+01
   2.3784728e+01
   2.3813537e+01
   2.3840976e+01
   2.3870182e+01
   2.3898577e+01
   2.3925336e+01
   2.3953783e+01
   2.3983831e+01
   2.4006273e+01
   2.4034953e+01
   2.4062738e+01
   2.4091658e+01
   2.4119869e+01
   2.4147340e+01
   2.4175140e+01
   2.4204176e+01
   2.4231827e+01
   2.4259547e+01
   2.4288540e+01
   2.4316933e+01
   2.4343308e+01
   2.4372683e+01
   2.4401368e+01
   2.4428686e+01
   2.4456135e+01
   2.4483252e+01
   2.4515163e+01
   2.4546163e+01
   2.4577739e+01
   2.4611544e+01
   2.4646077e+01
   2.4679544e+01
   2.4713516e+01
   2.4745445e+01
   2.4775073e+01
   2.4805687e+01
   2.4841090e+01
   2.4876013e+01
   2.4915339e+01
   2.4944820e+01
   2.4974356e+01
   2.5002599e+01
   2.5027144e+01
   2.5054931e+01
   2.5081933e+01
   2.5111470e+01
   2.5139153e+01
   2.5167302e+01
   2.5193741e+01
   2.5220925e+01
   2.5247818e+01
   2.5276616e+01
   2.5307719e+01
   2.5338975e+01
   2.5367916e+01
   2.5395454e+01
   2.5428311e+01
   2.5460390e+01
   2.5491717e+01
   2.5522555e+01
   2.5552796e+01
   2.5580104e+01
   2.5609984e+01
   2.5639237e+01
   2.5664655e+01
   2.5692794e+01
   2.5723456e+01
   2.5751035e+01
   2.5783083e+01
   2.5811857e+01
   2.5845246e+01
   2.5876445e+01
   2.5908841e+01
   2.5938622e+01
   2.5970039e+01
   2.5999769e+01
   2.6032763e+01
   2.6061082e+01
   2.6093278e+01
   2.6123771e+01
   2.6151935e+01
   2.6181014e+01
   2.6208166e+01
   2.6235757e+01
   2.6262249e+01
   2.6294668e+01
   2.6325661e+01
   2.6359516e+01
   2.6388989e+01
   2.6418478e+01
   2.6449763e+01
   2.6481671e+01
   2.6511453e+01
   2.6537842e+01
   2.6564140e+01
   2.6594357e+01
   2.6619286e+01
   2.6646040e+01
   2.6675459e+01
   2.6701836e+01
   2.6729565e+01
   2.6761907e+01
   2.6791245e+01
   2.6823012e+01
   2.6853432e+01
   2.6883973e+01
   2.6916032e+01
   2.6945531e+01
   2.6975185e+01
   2.7002067e+01
   2.7029531e+01
   2.7060385e+01
   2.7090073e+01
   2.7117205e+01
   2.7146761e+01
   2.7174380e+01
   2.7201394e+01
   2.7228709e+01
   2.7256690e+01
   2.7283498e+01
   2.7311138e+01
   2.7339347e+01
   2.7365907e+01
   2.7394022e+01
   2.7420261e+01
   2.7447334e+01
   2.7476695e+01
   2.7504602e+01
   2.7534439e+01
   2.7562756e+01
   2.7593755e+01
   2.7621057e+01
   2.7647773e+01
   2.7676984e+01
   2.7700799e+01
   2.7729407e+01
   2.7755229e+01
   2.7781765e+01
   2.7809861e+01
   2.7837238e+01
   2.7862840e+01
   2.7888789e+01
   2.7913886e+01
   2.7943041e+01
   2.7969836e+01
   2.7997601e+01
   2.8024480e+01
   2.8051667e+01
   2.8080928e+01
   2.8109037e+01
   2.8133765e+01
   2.8161480e+01
   2.8187455e+01
   2.8213386e+01
   2.8238950e+01
   2.8265242e+01
   2.8292415e+01
   2.8318457e+01
   2.8346337e+01
   2.8373041e+01
   2.8398773e+01
   2.8427303e+01
   2.8452259e+01
   2.8480717e+01
   2.8506093e+01
   2.8532557e+01
   2.8561782e+01
   2.8588485e+01
   2.8616947e+01
   2.8647588e+01
   2.8674525e+01
   2.8700437e+01
   2.8728968e+01
   2.8753833e+01
   2.8782679e+01
   2.8810874e+01
   2.8836267e+01
   2.8863974e+01
   2.8890343e+01
   2.8917347e+01
   2.8944110e+01
   2.8970915e+01
   2.8997767e+01
   2.9022313e+01
   2.9048046e+01
   2.9074453e+01
   2.9103784e+01
   2.9132111e+01
   2.9158281e+01
   2.9185236e+01
   2.9213065e+01
   2.9239086e+01
   2.9266509e+01
   2.9291830e+01
   2.9318847e+01
   2.9345678e+01
   2.9371213e+01
   2.9394819e+01
   2.9420294e+01
   2.9448124e+01
   2.9472591e+01
   2.9500168e+01
   2.9525786e+01
   2.9552179e+01
   2.9580484e+01
   2.9609426e+01
   2.9635972e+01
   2.9663894e+01
   2.9688546e+01
   2.9715447e+01
   2.9739518e+01
   2.9766745e+01
   2.9791862e+01
   2.9819004e+01
   2.9848125e+01
   2.9874249e+01
   2.9901307e+01
   2.9928154e+01
   2.9953792e+01
   2.9979038e+01
   3.0003871e+01
   3.0030149e+01
   3.0055578e+01
   3.0085797e+01
   3.0115327e+01
   3.0140758e+01
   3.0169917e+01
   3.0193927e+01
   3.0220439e+01
   3.0246598e+01
   3.0271349e+01
   3.0301770e+01
   3.0326367e+01
   3.0352223e+01
   3.0377331e+01
   3.0404248e+01
   3.0431357e+01
   3.0459132e+01
   3.0485769e+01
   3.0509787e+01
   3.0536964e+01
   3.0563336e+01
   3.0589801e+01
   3.0618802e+01
   3.0643957e+01
   3.0674054e+01
   3.0703524e+01
   3.0729922e+01
   3.0756448e+01
   3.0785349e+01
   3.0812607e+01
   3.0840640e+01
   3.0870967e+01
   3.0902139e+01
   3.0933254e+01
   3.0961586e+01
