   2.0688747e-02
   3.0157143e-01
   4.7895763e-01
   5.2373970e-01
   6.1879142e-01
   8.2992295e-01
   8.7002311e-01
   1.1110267e+00
   1.2398102e+00
   1.5955795e+00
   1.8778774e+00
   2.1325985e+00
   2.2338098e+00
   2.2840337e+00
   2.4011028e+00
   2.5006814e+00
   2.5611967e+00
   2.5796053e+00
   2.6470724e+00
   2.8759747e+00
   3.0728582e+00
   3.0781819e+00
   3.1854441e+00
   3.2484269e+00
   3.3161666e+00
   3.4087439e+00
   3.6209955e+00
   3.8068239e+00
   3.8872819e+00
   3.9129328e+00
   3.9694477e+00
   4.1042116e+00
   4.4567394e+00
   4.6612454e+00
   4.7893770e+00
   4.9213019e+00
   5.0507141e+00
   5.2612507e+00
   5.3593897e+00
   5.3683853e+00
   5.4255290e+00
   5.4449521e+00
   5.5604642e+00
   5.6560587e+00
   5.7828559e+00
   5.8491983e+00
   5.9391984e+00
   6.1595260e+00
   6.4045343e+00
   6.4289763e+00
   6.6174529e+00
   6.7468025e+00
   6.8381815e+00
   6.9972455e+00
   7.2379277e+00
   7.3170060e+00
   7.4977692e+00
   7.6481532e+00
   7.6969245e+00
   7.7501685e+00
   7.8640382e+00
   7.9905309e+00
   8.1560819e+00
   8.1794457e+00
   8.2384885e+00
   8.2857083e+00
   8.3283194e+00
   8.3390592e+00
   8.4688508e+00
   8.4939418e+00
   8.6142808e+00
   8.6886174e+00
   8.7996120e+00
   9.0946033e+00
   9.3697820e+00
   9.3826754e+00
   9.3940898e+00
   9.4648044e+00
   9.4951901e+00
   9.5484591e+00
   9.6567562e+00
   9.6641737e+00
   1.0017677e+01
   1.0131720e+01
   1.0261472e+01
   1.0267092e+01
   1.0316059e+01
   1.0351571e+01
   1.0421833e+01
   1.0531900e+01
   1.0664644e+01
   1.0899681e+01
   1.1200751e+01
   1.1350462e+01
   1.1388909e+01
   1.1400999e+01
   1.1633871e+01
   1.1927399e+01
   1.1996331e+01
   1.2156665e+01
   1.2312515e+01
   1.2380674e+01
   1.2454000e+01
   1.2609785e+01
   1.2634153e+01
   1.2637355e+01
   1.2784338e+01
   1.2938765e+01
   1.3151683e+01
   1.3347569e+01
   1.3357519e+01
   1.3497874e+01
   1.3847028e+01
   1.4165990e+01
   1.4321106e+01
   1.4395341e+01
   1.4569418e+01
   1.4587393e+01
   1.4613604e+01
   1.4773873e+01
   1.5086337e+01
   1.5247424e+01
   1.5248397e+01
   1.5415025e+01
   1.5526380e+01
   1.5711715e+01
   1.5888642e+01
   1.6060290e+01
   1.6138730e+01
   1.6176367e+01
   1.6265597e+01
   1.6278454e+01
   1.6516439e+01
   1.6793447e+01
   1.6806885e+01
   1.6826966e+01
   1.6915806e+01
   1.6922825e+01
   1.7033958e+01
   1.7176803e+01
   1.7191302e+01
   1.7314263e+01
   1.7461813e+01
   1.7498150e+01
   1.7535236e+01
   1.7657880e+01
   1.7715830e+01
   1.7886217e+01
   1.7979253e+01
   1.8200977e+01
   1.8329346e+01
   1.8702704e+01
   1.8859153e+01
   1.8970937e+01
   1.9011874e+01
   1.9210614e+01
   1.9335245e+01
   1.9418110e+01
   1.9536777e+01
   1.9661476e+01
   1.9783350e+01
   1.9982555e+01
   2.0311240e+01
   2.0440034e+01
   2.0497289e+01
   2.0615772e+01
   2.0760198e+01
   2.0767502e+01
   2.0841258e+01
   2.0989532e+01
   2.0994169e+01
   2.0995930e+01
   2.1217739e+01
   2.1458172e+01
   2.1499706e+01
   2.1547320e+01
   2.1678910e+01
   2.1722567e+01
   2.1727466e+01
   2.1864654e+01
   2.1926893e+01
   2.1963411e+01
   2.2268591e+01
   2.2487375e+01
   2.2588343e+01
   2.2629381e+01
   2.2637066e+01
   2.2784416e+01
   2.2880690e+01
   2.3111902e+01
   2.3175033e+01
   2.3237949e+01
   2.3263759e+01
   2.3282653e+01
   2.3360200e+01
   2.3511335e+01
   2.3583296e+01
   2.3669622e+01
   2.3764537e+01
   2.3826097e+01
   2.3898708e+01
   2.3986622e+01
   2.4154709e+01
   2.4156643e+01
   2.4231964e+01
   2.4497385e+01
   2.4805752e+01
   2.4897987e+01
   2.4931360e+01
   2.4932861e+01
   2.5057253e+01
   2.5234078e+01
   2.5334463e+01
   2.5478368e+01
   2.5481323e+01
   2.5608711e+01
   2.5647862e+01
   2.5729633e+01
   2.5811070e+01
   2.5819454e+01
   2.6017694e+01
   2.6154345e+01
   2.6201674e+01
   2.6359935e+01
   2.6615700e+01
   2.6773852e+01
   2.6905046e+01
   2.6950820e+01
   2.6999009e+01
   2.7056698e+01
   2.7146718e+01
   2.7248740e+01
   2.7300344e+01
   2.7456160e+01
   2.7541960e+01
   2.7667424e+01
   2.7749518e+01
   2.7827962e+01
   2.7909907e+01
   2.8006028e+01
   2.8047765e+01
   2.8104856e+01
   2.8243437e+01
   2.8403916e+01
   2.8432796e+01
   2.8442368e+01
   2.8507194e+01
   2.8511658e+01
   2.8512485e+01
   2.8538953e+01
   2.8786648e+01
   2.8920344e+01
   2.9066201e+01
   2.9170346e+01
   2.9312991e+01
   2.9440993e+01
   2.9572540e+01
   2.9780376e+01
   2.9808098e+01
   2.9857513e+01
   3.0028084e+01
   3.0199473e+01
   3.0277469e+01
   3.0437213e+01
   3.0512675e+01
   3.0604563e+01
   3.0779379e+01
   3.0898821e+01
   3.0975156e+01
   3.1060944e+01
   3.1135286e+01
   3.1204513e+01
   3.1372346e+01
   3.1413983e+01
   3.1512544e+01
   3.1571075e+01
   3.1706436e+01
   3.1765793e+01
   3.1791890e+01
   3.1813034e+01
   3.1873681e+01
   3.1945588e+01
   3.2065087e+01
   3.2124849e+01
   3.2163167e+01
   3.2176311e+01
   3.2249912e+01
   3.2369925e+01
   3.2462266e+01
   3.2580808e+01
   3.2608312e+01
   3.2827721e+01
   3.3154244e+01
   3.3492721e+01
   3.3705783e+01
   3.3734418e+01
   3.3842581e+01
   3.3995211e+01
   3.4014656e+01
   3.4111215e+01
   3.4215825e+01
   3.4285385e+01
   3.4349507e+01
   3.4420097e+01
   3.4439532e+01
   3.4481004e+01
   3.4485444e+01
   3.4647804e+01
   3.4899975e+01
   3.5049303e+01
   3.5223177e+01
   3.5229057e+01
   3.5386498e+01
   3.5407305e+01
   3.5458712e+01
   3.5604071e+01
   3.5714018e+01
   3.5810238e+01
   3.5863164e+01
   3.5975442e+01
   3.5987585e+01
   3.6377043e+01
   3.6632460e+01
   3.6694542e+01
   3.6749239e+01
   3.6752023e+01
   3.6921361e+01
   3.7031438e+01
   3.7047615e+01
   3.7102255e+01
   3.7167982e+01
   3.7220661e+01
   3.7333021e+01
   3.7389904e+01
   3.7433826e+01
   3.7540738e+01
   3.7560491e+01
   3.7563314e+01
   3.7623946e+01
   3.7688802e+01
   3.7951005e+01
   3.8242501e+01
   3.8262925e+01
   3.8376129e+01
   3.8385006e+01
   3.8479875e+01
   3.8634333e+01
   3.8675889e+01
   3.8891806e+01
   3.9003153e+01
   3.9131940e+01
   3.9253904e+01
   3.9261364e+01
   3.9302116e+01
   3.9404795e+01
   3.9520956e+01
   3.9572624e+01
   3.9733098e+01
   3.9860593e+01
   3.9933665e+01
   3.9936431e+01
   3.9942547e+01
   4.0081651e+01
   4.0267170e+01
   4.0309406e+01
   4.0430390e+01
   4.0517285e+01
   4.0543982e+01
   4.0569034e+01
   4.0709648e+01
   4.0964271e+01
   4.1059665e+01
   4.1192389e+01
   4.1237939e+01
   4.1295866e+01
   4.1344957e+01
   4.1518915e+01
   4.1692021e+01
   4.1852771e+01
   4.2007168e+01
   4.2029870e+01
   4.2098894e+01
   4.2274905e+01
   4.2314359e+01
   4.2314874e+01
   4.2333352e+01
   4.2462166e+01
   4.2602080e+01
   4.2866437e+01
   4.3096226e+01
   4.3125721e+01
   4.3150885e+01
   4.3407402e+01
   4.3557349e+01
   4.3569498e+01
   4.3587399e+01
   4.3695247e+01
   4.3723220e+01
   4.3779117e+01
   4.3785888e+01
   4.3892534e+01
   4.3993836e+01
   4.4060623e+01
   4.4107131e+01
   4.4204975e+01
   4.4210446e+01
   4.4347357e+01
   4.4500774e+01
   4.4590552e+01
   4.4674738e+01
   4.4898153e+01
   4.4905213e+01
   4.5242302e+01
   4.5393648e+01
   4.5599148e+01
   4.5693850e+01
   4.5815125e+01
   4.5822659e+01
   4.5862034e+01
   4.5961590e+01
   4.6041824e+01
   4.6087630e+01
   4.6169616e+01
   4.6242812e+01
   4.6384209e+01
   4.6452896e+01
   4.6575583e+01
   4.6633731e+01
   4.6753372e+01
   4.6870272e+01
   4.6914182e+01
   4.6966568e+01
   4.7075235e+01
   4.7132562e+01
   4.7167953e+01
   4.7277019e+01
   4.7383198e+01
   4.7468497e+01
   4.7470929e+01
   4.7539445e+01
   4.7772014e+01
   4.8061204e+01
   4.8109184e+01
   4.8198555e+01
   4.8228328e+01
   4.8243189e+01
   4.8477338e+01
   4.8671545e+01
   4.8736129e+01
   4.8865538e+01
   4.8867539e+01
   4.8935753e+01
   4.9125666e+01
   4.9161392e+01
   4.9357108e+01
   4.9752688e+01
   4.9937554e+01
   4.9972732e+01
   5.0131000e+01
   5.0582379e+01
   5.0786102e+01
   5.0848245e+01
   5.0862184e+01
   5.1006118e+01
   5.1114987e+01
   5.1321642e+01
   5.1501706e+01
   5.1560135e+01
   5.1613195e+01
   5.1639756e+01
   5.1704843e+01
   5.1805044e+01
   5.1861878e+01
   5.2034134e+01
   5.2199822e+01
   5.2284854e+01
   5.2316133e+01
   5.2444036e+01
   5.2461953e+01
   5.2566459e+01
   5.2614077e+01
   5.2780059e+01
   5.2816290e+01
   5.2967283e+01
   5.2970653e+01
   5.3170574e+01
   5.3209250e+01
   5.3251496e+01
   5.3358450e+01
   5.3401319e+01
   5.3446850e+01
   5.3550686e+01
   5.3638970e+01
   5.3719617e+01
   5.3865950e+01
   5.3995809e+01
   5.4065684e+01
   5.4115912e+01
   5.4161290e+01
   5.4209318e+01
   5.4238113e+01
   5.4347663e+01
   5.4480210e+01
   5.4666910e+01
   5.4880479e+01
   5.5073323e+01
   5.5259007e+01
   5.5333444e+01
   5.5504054e+01
   5.5614948e+01
   5.5827866e+01
   5.6038079e+01
   5.6041320e+01
   5.6122529e+01
   5.6259889e+01
   5.6406002e+01
   5.6645852e+01
   5.7019070e+01
   5.7170768e+01
   5.7313669e+01
   5.7392116e+01
   5.7524294e+01
   5.7525533e+01
   5.7635348e+01
   5.7687895e+01
   5.7743328e+01
   5.7846759e+01
   5.8112647e+01
   5.8113453e+01
   5.8310431e+01
   5.8547832e+01
   5.8553737e+01
   5.8604509e+01
   5.8691525e+01
   5.8801937e+01
   5.8961292e+01
   5.9158114e+01
   5.9478527e+01
   5.9575792e+01
   5.9608337e+01
   5.9807412e+01
   5.9864611e+01
   5.9960969e+01
   5.9972880e+01
   6.0106520e+01
   6.0221590e+01
   6.0226248e+01
   6.0227808e+01
   6.0353355e+01
   6.0436703e+01
   6.0476658e+01
   6.0485333e+01
   6.0533170e+01
   6.0593870e+01
   6.0720666e+01
   6.0930680e+01
   6.1089639e+01
   6.1227446e+01
   6.1421420e+01
   6.1557989e+01
   6.1625214e+01
   6.1625222e+01
   6.1690819e+01
   6.1807546e+01
   6.1973447e+01
   6.2323558e+01
   6.2541000e+01
   6.2651246e+01
   6.2755247e+01
   6.2971200e+01
   6.3180739e+01
   6.3240744e+01
   6.3287177e+01
   6.3290600e+01
   6.3374147e+01
   6.3449715e+01
   6.3468408e+01
   6.3651190e+01
   6.3829742e+01
   6.3902625e+01
   6.3986056e+01
   6.4104367e+01
   6.4202606e+01
   6.4366404e+01
   6.4493435e+01
   6.4666246e+01
   6.4895121e+01
   6.5101685e+01
   6.5236071e+01
   6.5280401e+01
   6.5313129e+01
   6.5380333e+01
   6.5440259e+01
   6.5492807e+01
   6.5537483e+01
   6.5657234e+01
   6.5690249e+01
   6.5692787e+01
   6.5914712e+01
   6.6041201e+01
   6.6063258e+01
   6.6205551e+01
   6.6239315e+01
   6.6306151e+01
   6.6411817e+01
   6.6689302e+01
   6.6764873e+01
   6.6937084e+01
   6.7061727e+01
   6.7167344e+01
   6.7279070e+01
   6.7280109e+01
   6.7389808e+01
   6.7524288e+01
   6.7629414e+01
   6.7834573e+01
   6.7866959e+01
   6.7927941e+01
   6.8123223e+01
   6.8299089e+01
   6.8379455e+01
   6.8488878e+01
   6.8703253e+01
   6.8806162e+01
   6.8835225e+01
   6.9017650e+01
   6.9065419e+01
   6.9084337e+01
   6.9107762e+01
   6.9143897e+01
   6.9207596e+01
   6.9393010e+01
   6.9431436e+01
   6.9573973e+01
   6.9702742e+01
   6.9739003e+01
   6.9756141e+01
   6.9792427e+01
   6.9916844e+01
   6.9954537e+01
   7.0062441e+01
   7.0226561e+01
   7.0538381e+01
   7.0689009e+01
   7.0867798e+01
   7.0986233e+01
   7.1007081e+01
   7.1011114e+01
   7.1057375e+01
   7.1112157e+01
   7.1213878e+01
   7.1245850e+01
   7.1331430e+01
   7.1536735e+01
   7.1590459e+01
   7.1595405e+01
   7.1731526e+01
   7.1966890e+01
   7.2042548e+01
   7.2097030e+01
   7.2205029e+01
   7.2397046e+01
   7.2465108e+01
   7.2488225e+01
   7.2491383e+01
   7.2553772e+01
   7.2687564e+01
   7.2822882e+01
   7.2849791e+01
   7.2997202e+01
   7.3051265e+01
   7.3180053e+01
   7.3315536e+01
   7.3344276e+01
   7.3533688e+01
   7.3611524e+01
   7.3750822e+01
   7.3915651e+01
   7.3952729e+01
   7.3979547e+01
   7.3980803e+01
   7.4142651e+01
   7.4284633e+01
   7.4292673e+01
   7.4301104e+01
   7.4345204e+01
   7.4384245e+01
   7.4567054e+01
   7.4891059e+01
   7.4971331e+01
   7.4986565e+01
   7.5004315e+01
   7.5008459e+01
   7.5037748e+01
   7.5248056e+01
   7.5315345e+01
   7.5466287e+01
   7.5545185e+01
   7.5551506e+01
   7.5734938e+01
   7.5892968e+01
   7.5969495e+01
   7.6228271e+01
   7.6397481e+01
   7.6477981e+01
   7.6486450e+01
   7.6657097e+01
   7.6687567e+01
   7.6795247e+01
   7.6801538e+01
   7.7041983e+01
   7.7199729e+01
   7.7220333e+01
   7.7292215e+01
   7.7396026e+01
   7.7522310e+01
   7.7613539e+01
   7.7675091e+01
   7.7685040e+01
   7.7810856e+01
   7.7921374e+01
   7.8196216e+01
   7.8352464e+01
   7.8411629e+01
   7.8431970e+01
   7.8681462e+01
   7.8905046e+01
   7.8956538e+01
   7.9053149e+01
   7.9119660e+01
   7.9430234e+01
   7.9512446e+01
   7.9612043e+01
   7.9622123e+01
   7.9628027e+01
   7.9657987e+01
   7.9713569e+01
   7.9722991e+01
   7.9878310e+01
   8.0017512e+01
   8.0194799e+01
   8.0372240e+01
   8.0441310e+01
   8.0553104e+01
   8.0685152e+01
   8.0826669e+01
   8.0912676e+01
   8.0923039e+01
   8.0931687e+01
   8.1004764e+01
   8.1094842e+01
   8.1194374e+01
   8.1218398e+01
   8.1351546e+01
   8.1460190e+01
   8.1546672e+01
   8.1585227e+01
   8.1732567e+01
   8.1835503e+01
   8.1967100e+01
   8.2171668e+01
   8.2309881e+01
   8.2320339e+01
   8.2508545e+01
   8.2544217e+01
   8.2707097e+01
   8.2910151e+01
   8.2998774e+01
   8.3077010e+01
   8.3097976e+01
   8.3184324e+01
   8.3302966e+01
   8.3365836e+01
   8.3375361e+01
   8.3398186e+01
   8.3436413e+01
   8.3522072e+01
   8.3742325e+01
   8.3795872e+01
   8.3921955e+01
   8.4000373e+01
   8.4255557e+01
   8.4414431e+01
   8.4562319e+01
   8.4672117e+01
   8.4694075e+01
   8.4812901e+01
   8.4989516e+01
   8.5067408e+01
   8.5186767e+01
   8.5328280e+01
   8.5331561e+01
   8.5344586e+01
   8.5485439e+01
   8.5494263e+01
   8.5621487e+01
   8.5824674e+01
   8.6022692e+01
   8.6279467e+01
   8.6619313e+01
   8.6742441e+01
   8.6859080e+01
   8.6866628e+01
   8.6866882e+01
   8.6967877e+01
   8.7214551e+01
   8.7440091e+01
   8.7569766e+01
   8.7627984e+01
   8.7849183e+01
   8.8085628e+01
   8.8206565e+01
   8.8415625e+01
   8.8510499e+01
   8.8584163e+01
   8.8645451e+01
   8.8651291e+01
   8.8684622e+01
   8.8914686e+01
   8.8965669e+01
   8.9232776e+01
   8.9286112e+01
   8.9318802e+01
   8.9468967e+01
   8.9493429e+01
   8.9755870e+01
   8.9810855e+01
   8.9866843e+01
   8.9875893e+01
   8.9892519e+01
   8.9911787e+01
   8.9951098e+01
   9.0268412e+01
   9.0540054e+01
   9.0623707e+01
   9.0628491e+01
   9.0665790e+01
   9.0688010e+01
   9.0768679e+01
   9.0797617e+01
   9.0899459e+01
   9.0928546e+01
   9.1016551e+01
   9.1054815e+01
   9.1144759e+01
   9.1153744e+01
   9.1299102e+01
   9.1328561e+01
   9.1423618e+01
   9.1543313e+01
   9.1656574e+01
   9.1754624e+01
   9.1976223e+01
   9.2011901e+01
   9.2043975e+01
   9.2094123e+01
   9.2171546e+01
   9.2185060e+01
   9.2211853e+01
   9.2297853e+01
   9.2335471e+01
   9.2386193e+01
   9.2438230e+01
   9.2676138e+01
   9.2810217e+01
   9.2833402e+01
   9.2848907e+01
   9.2897770e+01
   9.2944092e+01
   9.2954981e+01
   9.3048431e+01
   9.3217699e+01
   9.3275968e+01
   9.3303648e+01
   9.3470154e+01
   9.3510511e+01
   9.3557668e+01
   9.3704060e+01
   9.3815832e+01
   9.4038603e+01
   9.4278088e+01
   9.4386384e+01
   9.4422328e+01
   9.4501873e+01
   9.4570930e+01
   9.4595789e+01
   9.4689870e+01
   9.4727923e+01
   9.4878516e+01
   9.4929753e+01
   9.5063777e+01
   9.5145498e+01
   9.5485933e+01
   9.5693205e+01
   9.5756953e+01
   9.5760920e+01
   9.5964981e+01
   9.6118140e+01
   9.6403155e+01
   9.6620417e+01
   9.6670850e+01
   9.6757613e+01
   9.6887708e+01
   9.6912791e+01
   9.6970680e+01
   9.7085997e+01
   9.7188428e+01
   9.7270899e+01
   9.7459482e+01
   9.7545417e+01
   9.7722334e+01
   9.7902309e+01
   9.7991731e+01
   9.8089872e+01
   9.8167571e+01
   9.8281754e+01
   9.8408962e+01
   9.8485275e+01
   9.8523784e+01
   9.8573069e+01
   9.8575184e+01
   9.8607301e+01
   9.8625183e+01
   9.8774255e+01
   9.8896977e+01
   9.8986638e+01
   9.9112695e+01
   9.9213927e+01
   9.9485231e+01
   9.9622010e+01
   9.9670959e+01
   9.9912698e+01
   1.0000038e+02
   1.0009426e+02
   1.0028428e+02
   1.0031091e+02
   1.0041276e+02
   1.0043473e+02
   1.0057052e+02
   1.0077440e+02
   1.0085635e+02
   1.0090444e+02
   1.0093421e+02
   1.0100331e+02
   1.0111540e+02
   1.0141702e+02
   1.0156404e+02
   1.0156727e+02
   1.0170509e+02
   1.0190708e+02
   1.0199807e+02
   1.0212786e+02
   1.0231423e+02
   1.0247315e+02
   1.0252553e+02
   1.0254663e+02
   1.0259571e+02
   1.0269148e+02
   1.0276896e+02
   1.0296146e+02
   1.0301285e+02
   1.0305076e+02
   1.0306914e+02
   1.0317428e+02
   1.0328726e+02
   1.0328901e+02
   1.0330850e+02
   1.0342392e+02
   1.0356807e+02
   1.0365512e+02
   1.0372300e+02
   1.0377711e+02
   1.0391269e+02
   1.0397030e+02
   1.0410610e+02
   1.0417547e+02
   1.0433325e+02
   1.0443134e+02
   1.0466230e+02
   1.0484935e+02
   1.0486724e+02
   1.0498377e+02
   1.0510313e+02
   1.0511470e+02
   1.0529405e+02
   1.0544026e+02
   1.0557825e+02
   1.0571119e+02
   1.0579121e+02
   1.0581633e+02
   1.0597920e+02
   1.0605595e+02
   1.0620273e+02
   1.0631559e+02
   1.0652957e+02
   1.0659168e+02
   1.0682495e+02
   1.0710113e+02
   1.0730281e+02
