   4.2802424e-04
   7.9323105e-02
   1.1078897e-01
   1.1279440e-01
   1.2182923e-01
   1.6640575e-01
   1.6801378e-01
   2.2609651e-01
   2.4268169e-01
   3.6925351e-01
   4.4894562e-01
   5.1382847e-01
   5.2407218e-01
   5.2659463e-01
   5.4029980e-01
   5.5021570e-01
   5.5387780e-01
   5.5421667e-01
   5.5876849e-01
   6.1116475e-01
   6.4992787e-01
   6.4995621e-01
   6.6146138e-01
   6.6542821e-01
   6.7001689e-01
   6.7858744e-01
   7.2363818e-01
   7.5817035e-01
   7.6464385e-01
   7.6530182e-01
   7.6849575e-01
   7.8665705e-01
   9.1093295e-01
   9.5275563e-01
   9.6917336e-01
   9.8657751e-01
   1.0033251e+00
   1.0476507e+00
   1.0572820e+00
   1.0573629e+00
   1.0606283e+00
   1.0610055e+00
   1.0743486e+00
   1.0834869e+00
   1.0995644e+00
   1.1039657e+00
   1.1120657e+00
   1.1606100e+00
   1.2206391e+00
   1.2212365e+00
   1.2567599e+00
   1.2734912e+00
   1.2818413e+00
   1.3071427e+00
   1.3650707e+00
   1.3713240e+00
   1.4039994e+00
   1.4266147e+00
   1.4289933e+00
   1.4318283e+00
   1.4447946e+00
   1.4607950e+00
   1.4882021e+00
   1.4887480e+00
   1.4922340e+00
   1.4944637e+00
   1.4962795e+00
   1.4963948e+00
   1.5132407e+00
   1.5138702e+00
   1.5283517e+00
   1.5338776e+00
   1.5461974e+00
   1.6332173e+00
   1.7089406e+00
   1.7091068e+00
   1.7092371e+00
   1.7142377e+00
   1.7151610e+00
   1.7179986e+00
   1.7297268e+00
   1.7297819e+00
   1.8547461e+00
   1.8677521e+00
   1.8845875e+00
   1.8846191e+00
   1.8870168e+00
   1.8882779e+00
   1.8932147e+00
   1.9053295e+00
   1.9229505e+00
   1.9781925e+00
   2.0688359e+00
   2.0912492e+00
   2.0927274e+00
   2.0928736e+00
   2.1471027e+00
   2.2332614e+00
   2.2380130e+00
   2.2637200e+00
   2.2880094e+00
   2.2926550e+00
   2.2980317e+00
   2.3223006e+00
   2.3228944e+00
   2.3229047e+00
   2.3445085e+00
   2.3683563e+00
   2.4136903e+00
   2.4520616e+00
   2.4521607e+00
   2.4718601e+00
   2.5937686e+00
   2.6955058e+00
   2.7195666e+00
   2.7250775e+00
   2.7553802e+00
   2.7557033e+00
   2.7563903e+00
   2.7820766e+00
   2.8797101e+00
   2.9056590e+00
   2.9056600e+00
   2.9334247e+00
   2.9458247e+00
   2.9801738e+00
   3.0114769e+00
   3.0409401e+00
   3.0470930e+00
   3.0485095e+00
   3.0564714e+00
   3.0566367e+00
   3.1132734e+00
   3.1900071e+00
   3.1901877e+00
   3.1905909e+00
   3.1984835e+00
   3.1985328e+00
   3.2108835e+00
   3.2312880e+00
   3.2314982e+00
   3.2466177e+00
   3.2683885e+00
   3.2697089e+00
   3.2710843e+00
   3.2861257e+00
   3.2894839e+00
   3.3185158e+00
   3.3271714e+00
   3.3763332e+00
   3.3928116e+00
   3.5322078e+00
   3.5566842e+00
   3.5691798e+00
   3.5708557e+00
   3.6103531e+00
   3.6258860e+00
   3.6327527e+00
   3.6468345e+00
   3.6623842e+00
   3.6772377e+00
   3.7169204e+00
   3.8249537e+00
   3.8415416e+00
   3.8448198e+00
   3.8588579e+00
   3.8797170e+00
   3.8797704e+00
   3.8852103e+00
   3.9071957e+00
   3.9072172e+00
   3.9072203e+00
   3.9564197e+00
   4.0142276e+00
   4.0159526e+00
   4.0182197e+00
   4.0355357e+00
   4.0374417e+00
   4.0374657e+00
   4.0562862e+00
   4.0601599e+00
   4.0614935e+00
   4.1546282e+00
   4.2024948e+00
   4.2126891e+00
   4.2143733e+00
   4.2144324e+00
   4.2361442e+00
   4.2454130e+00
   4.2988716e+00
   4.3028572e+00
   4.3068157e+00
   4.3074818e+00
   4.3078388e+00
   4.3138523e+00
   4.3366942e+00
   4.3418727e+00
   4.3493248e+00
   4.3583336e+00
   4.3621233e+00
   4.3673956e+00
   4.3751245e+00
   4.4033776e+00
   4.4033814e+00
   4.4090546e+00
   4.4795030e+00
   4.5745931e+00
   4.5831004e+00
   4.5842141e+00
   4.5842164e+00
   4.5996898e+00
   4.6309568e+00
   4.6410339e+00
   4.6617424e+00
   4.6617511e+00
   4.6779789e+00
   4.6795117e+00
   4.6861981e+00
   4.6928301e+00
   4.6929004e+00
   4.7321997e+00
   4.7508731e+00
   4.7531131e+00
   4.7781599e+00
   4.8435754e+00
   4.8685876e+00
   4.8857995e+00
   4.8878947e+00
   4.8902169e+00
   4.8935449e+00
   4.9016485e+00
   4.9120570e+00
   4.9147200e+00
   4.9389986e+00
   4.9463601e+00
   4.9621015e+00
   4.9688409e+00
   4.9749944e+00
   4.9817094e+00
   4.9909485e+00
   4.9926905e+00
   4.9959498e+00
   5.0151547e+00
   5.0409081e+00
   5.0417422e+00
   5.0418338e+00
   5.0460362e+00
   5.0460561e+00
   5.0460568e+00
   5.0467574e+00
   5.1081102e+00
   5.1259848e+00
   5.1472589e+00
   5.1581051e+00
   5.1784528e+00
   5.1948373e+00
   5.2121419e+00
   5.2553377e+00
   5.2561062e+00
   5.2585479e+00
   5.2876426e+00
   5.3170169e+00
   5.3231002e+00
   5.3486184e+00
   5.3543128e+00
   5.3627564e+00
   5.3933170e+00
   5.4075833e+00
   5.4134103e+00
   5.4207699e+00
   5.4262966e+00
   5.4310890e+00
   5.4592568e+00
   5.4609905e+00
   5.4707048e+00
   5.4741306e+00
   5.4924532e+00
   5.4959765e+00
   5.4966575e+00
   5.4971046e+00
   5.5007827e+00
   5.5059532e+00
   5.5202334e+00
   5.5238048e+00
   5.5252732e+00
   5.5254459e+00
   5.5308630e+00
   5.5452661e+00
   5.5537930e+00
   5.5678451e+00
   5.5686016e+00
   5.6167420e+00
   5.7233594e+00
   5.8379257e+00
   5.8833211e+00
   5.8841411e+00
   5.8958402e+00
   5.9191361e+00
   5.9195143e+00
   5.9288379e+00
   5.9397811e+00
   5.9446197e+00
   5.9487314e+00
   5.9537143e+00
   5.9540921e+00
   5.9558120e+00
   5.9558317e+00
   5.9821923e+00
   6.0457824e+00
   6.0680813e+00
   6.0983133e+00
   6.0983479e+00
   6.1231353e+00
   6.1235683e+00
   6.1262109e+00
   6.1473402e+00
   6.1594286e+00
   6.1686868e+00
   6.1714881e+00
   6.1840943e+00
   6.1842417e+00
   6.3359194e+00
   6.4011573e+00
   6.4050115e+00
   6.4080032e+00
   6.4080110e+00
   6.4366863e+00
   6.4488032e+00
   6.4490649e+00
   6.4520504e+00
   6.4563705e+00
   6.4591456e+00
   6.4717702e+00
   6.4750059e+00
   6.4769351e+00
   6.4883653e+00
   6.4887555e+00
   6.4887634e+00
   6.4924396e+00
   6.4966460e+00
   6.5653962e+00
   6.6503661e+00
   6.6507832e+00
   6.6635985e+00
   6.6636773e+00
   6.6726775e+00
   6.6965348e+00
   6.6982617e+00
   6.7448819e+00
   6.7572799e+00
   6.7738660e+00
   6.7887412e+00
   6.7887969e+00
   6.7904576e+00
   6.8010006e+00
   6.8144941e+00
   6.8171636e+00
   6.8429157e+00
   6.8591706e+00
   6.8645102e+00
   6.8645179e+00
   6.8645553e+00
   6.8839053e+00
   6.9183224e+00
   6.9201063e+00
   6.9347434e+00
   6.9422942e+00
   6.9430069e+00
   6.9436346e+00
   6.9634069e+00
   7.0282395e+00
   7.0373395e+00
   7.0549551e+00
   7.0570299e+00
   7.0603855e+00
   7.0627954e+00
   7.0930569e+00
   7.1230227e+00
   7.1488632e+00
   7.1727017e+00
   7.1732171e+00
   7.1779813e+00
   7.2089611e+00
   7.2105178e+00
   7.2105180e+00
   7.2108595e+00
   7.2274525e+00
   7.2470284e+00
   7.3169130e+00
   7.3697162e+00
   7.3705861e+00
   7.3712193e+00
   7.4370207e+00
   7.4595046e+00
   7.4596522e+00
   7.4599726e+00
   7.4716038e+00
   7.4723863e+00
   7.4755108e+00
   7.4755567e+00
   7.4869299e+00
   7.4971920e+00
   7.5016526e+00
   7.5038156e+00
   7.5133890e+00
   7.5134189e+00
   7.5321637e+00
   7.5557002e+00
   7.5637603e+00
   7.5708477e+00
   7.6207617e+00
   7.6208115e+00
   7.7344404e+00
   7.7573459e+00
   7.7995764e+00
   7.8085448e+00
   7.8232525e+00
   7.8233092e+00
   7.8248596e+00
   7.8347709e+00
   7.8412085e+00
   7.8433067e+00
   7.8500283e+00
   7.8553860e+00
   7.8753791e+00
   7.8800969e+00
   7.8951491e+00
   7.8985302e+00
   7.9128444e+00
   7.9265098e+00
   7.9284379e+00
   7.9311822e+00
   7.9429907e+00
   7.9462771e+00
   7.9475297e+00
   7.9594251e+00
   7.9706990e+00
   7.9779748e+00
   7.9779808e+00
   7.9826753e+00
   8.0367633e+00
   8.1203942e+00
   8.1226963e+00
   8.1306835e+00
   8.1315699e+00
   8.1317908e+00
   8.1866167e+00
   8.2243328e+00
   8.2285040e+00
   8.2452506e+00
   8.2452546e+00
   8.2499077e+00
   8.2859746e+00
   8.2872509e+00
   8.3255556e+00
   8.4820392e+00
   8.5162148e+00
   8.5174523e+00
   8.5425009e+00
   8.7462444e+00
   8.7877474e+00
   8.7916092e+00
   8.7918034e+00
   8.8125205e+00
   8.8243729e+00
   8.8670794e+00
   8.8995025e+00
   8.9029164e+00
   8.9057318e+00
   8.9064373e+00
   8.9106735e+00
   8.9207138e+00
   8.9239439e+00
   8.9536162e+00
   8.9810686e+00
   8.9882990e+00
   8.9892774e+00
   9.0056366e+00
   9.0059576e+00
   9.0168790e+00
   9.0191466e+00
   9.0466965e+00
   9.0480092e+00
   9.0708081e+00
   9.0708195e+00
   9.1107878e+00
   9.1122836e+00
   9.1140683e+00
   9.1255076e+00
   9.1273453e+00
   9.1294184e+00
   9.1402004e+00
   9.1479943e+00
   9.1544984e+00
   9.1759115e+00
   9.1927750e+00
   9.1976575e+00
   9.2001804e+00
   9.2022395e+00
   9.2045462e+00
   9.2053753e+00
   9.2173765e+00
   9.2349454e+00
   9.2698022e+00
   9.3154139e+00
   9.3526025e+00
   9.3870812e+00
   9.3926220e+00
   9.4217298e+00
   9.4340273e+00
   9.4793614e+00
   9.5235508e+00
   9.5235613e+00
   9.5301562e+00
   9.5490240e+00
   9.5703730e+00
   9.6279012e+00
   9.7671925e+00
   9.7902047e+00
   9.8106254e+00
   9.8167794e+00
   9.8342502e+00
   9.8342518e+00
   9.8463112e+00
   9.8490724e+00
   9.8521452e+00
   9.8628433e+00
   9.9335395e+00
   9.9335401e+00
   9.9723401e+00
   1.0028699e+01
   1.0028734e+01
   1.0031312e+01
   1.0038884e+01
   1.0051075e+01
   1.0076468e+01
   1.0115208e+01
   1.0217872e+01
   1.0227332e+01
   1.0228392e+01
   1.0268023e+01
   1.0271294e+01
   1.0280579e+01
   1.0280721e+01
   1.0298581e+01
   1.0311822e+01
   1.0311843e+01
   1.0311846e+01
   1.0327608e+01
   1.0334555e+01
   1.0336151e+01
   1.0336227e+01
   1.0338515e+01
   1.0342199e+01
   1.0358277e+01
   1.0402382e+01
   1.0427650e+01
   1.0446641e+01
   1.0484267e+01
   1.0502918e+01
   1.0507437e+01
   1.0507437e+01
   1.0511740e+01
   1.0525366e+01
   1.0552889e+01
   1.0675467e+01
   1.0722748e+01
   1.0734902e+01
   1.0745718e+01
   1.0792354e+01
   1.0836260e+01
   1.0839861e+01
   1.0842017e+01
   1.0842029e+01
   1.0849009e+01
   1.0854719e+01
   1.0855069e+01
   1.0888478e+01
   1.0920359e+01
   1.0925671e+01
   1.0932632e+01
   1.0946629e+01
   1.0956280e+01
   1.0983110e+01
   1.0999247e+01
   1.1029110e+01
   1.1081494e+01
   1.1124163e+01
   1.1142222e+01
   1.1144187e+01
   1.1145259e+01
   1.1149775e+01
   1.1153366e+01
   1.1156127e+01
   1.1158123e+01
   1.1172464e+01
   1.1173554e+01
   1.1173560e+01
   1.1222811e+01
   1.1238810e+01
   1.1239297e+01
   1.1259544e+01
   1.1260684e+01
   1.1265151e+01
   1.1276317e+01
   1.1353314e+01
   1.1359025e+01
   1.1388682e+01
   1.1404218e+01
   1.1415373e+01
   1.1427856e+01
   1.1427857e+01
   1.1439891e+01
   1.1457975e+01
   1.1469027e+01
   1.1511117e+01
   1.1512166e+01
   1.1515885e+01
   1.1554020e+01
   1.1584949e+01
   1.1591407e+01
   1.1603381e+01
   1.1649337e+01
   1.1659928e+01
   1.1660772e+01
   1.1694051e+01
   1.1696333e+01
   1.1696691e+01
   1.1697240e+01
   1.1698546e+01
   1.1702603e+01
   1.1736981e+01
   1.1738458e+01
   1.1758775e+01
   1.1775356e+01
   1.1776671e+01
   1.1776965e+01
   1.1778281e+01
   1.1793761e+01
   1.1795182e+01
   1.1806825e+01
   1.1833760e+01
   1.1930992e+01
   1.1953681e+01
   1.1985647e+01
   1.1999674e+01
   1.2000108e+01
   1.2000124e+01
   1.2002265e+01
   1.2005266e+01
   1.2015613e+01
   1.2016635e+01
   1.2023959e+01
   1.2066109e+01
   1.2068995e+01
   1.2069020e+01
   1.2087549e+01
   1.2142945e+01
   1.2148669e+01
   1.2151637e+01
   1.2163301e+01
   1.2200172e+01
   1.2204804e+01
   1.2205339e+01
   1.2205349e+01
   1.2209241e+01
   1.2227142e+01
   1.2245452e+01
   1.2246177e+01
   1.2267907e+01
   1.2270829e+01
   1.2287416e+01
   1.2305771e+01
   1.2306597e+01
   1.2342474e+01
   1.2348532e+01
   1.2367936e+01
   1.2395105e+01
   1.2396480e+01
   1.2397199e+01
   1.2397201e+01
   1.2423395e+01
   1.2443554e+01
   1.2443619e+01
   1.2443690e+01
   1.2445635e+01
   1.2447159e+01
   1.2480578e+01
   1.2585558e+01
   1.2592001e+01
   1.2592233e+01
   1.2592548e+01
   1.2592565e+01
   1.2593423e+01
   1.2637653e+01
   1.2642180e+01
   1.2664964e+01
   1.2671189e+01
   1.2671229e+01
   1.2704876e+01
   1.2729850e+01
   1.2735706e+01
   1.2802671e+01
   1.2831303e+01
   1.2837783e+01
   1.2837855e+01
   1.2866975e+01
   1.2867904e+01
   1.2879499e+01
   1.2879538e+01
   1.2937352e+01
   1.2962236e+01
   1.2962660e+01
   1.2967827e+01
   1.2978604e+01
   1.2994552e+01
   1.3002875e+01
   1.3006663e+01
   1.3006762e+01
   1.3022592e+01
   1.3034806e+01
   1.3110344e+01
   1.3134758e+01
   1.3138258e+01
   1.3138672e+01
   1.3200918e+01
   1.3250908e+01
   1.3253559e+01
   1.3262893e+01
   1.3267317e+01
   1.3363772e+01
   1.3370531e+01
   1.3380451e+01
   1.3380552e+01
   1.3380587e+01
   1.3381485e+01
   1.3384574e+01
   1.3384663e+01
   1.3408787e+01
   1.3428164e+01
   1.3459595e+01
   1.3491080e+01
   1.3495851e+01
   1.3508349e+01
   1.3525785e+01
   1.3545812e+01
   1.3553210e+01
   1.3553317e+01
   1.3553392e+01
   1.3558732e+01
   1.3566846e+01
   1.3576753e+01
   1.3577330e+01
   1.3595058e+01
   1.3606862e+01
   1.3614341e+01
   1.3615827e+01
   1.3637536e+01
   1.3648132e+01
   1.3665450e+01
   1.3707298e+01
   1.3726401e+01
   1.3726510e+01
   1.3761932e+01
   1.3763204e+01
   1.3789734e+01
   1.3830965e+01
   1.3838819e+01
   1.3844940e+01
   1.3845379e+01
   1.3852835e+01
   1.3866911e+01
   1.3870864e+01
   1.3870955e+01
   1.3871476e+01
   1.3872937e+01
   1.3880274e+01
   1.3928786e+01
   1.3931653e+01
   1.3947550e+01
   1.3953699e+01
   1.4018818e+01
   1.4044059e+01
   1.4065930e+01
   1.4077986e+01
   1.4078468e+01
   1.4092587e+01
   1.4123780e+01
   1.4129847e+01
   1.4144094e+01
   1.4164120e+01
   1.4164131e+01
   1.4164300e+01
   1.4184140e+01
   1.4184218e+01
   1.4200404e+01
   1.4241689e+01
   1.4280900e+01
   1.4346833e+01
   1.4462328e+01
   1.4477489e+01
   1.4491093e+01
   1.4491150e+01
   1.4491150e+01
   1.4501351e+01
   1.4562199e+01
   1.4613067e+01
   1.4629882e+01
   1.4633272e+01
   1.4682201e+01
   1.4738107e+01
   1.4752732e+01
   1.4796439e+01
   1.4805440e+01
   1.4810866e+01
   1.4814622e+01
   1.4814657e+01
   1.4815768e+01
   1.4868697e+01
   1.4871296e+01
   1.4942642e+01
   1.4945487e+01
   1.4946555e+01
   1.4969105e+01
   1.4969703e+01
   1.5038579e+01
   1.5041602e+01
   1.5044737e+01
   1.5044819e+01
   1.5045095e+01
   1.5045466e+01
   1.5047012e+01
   1.5147700e+01
   1.5221489e+01
   1.5228487e+01
   1.5228510e+01
   1.5229901e+01
   1.5230395e+01
   1.5236903e+01
   1.5237740e+01
   1.5248112e+01
   1.5248958e+01
   1.5256703e+01
   1.5258167e+01
   1.5266257e+01
   1.5266337e+01
   1.5287466e+01
   1.5288334e+01
   1.5297370e+01
   1.5311697e+01
   1.5324525e+01
   1.5334139e+01
   1.5383245e+01
   1.5384518e+01
   1.5385547e+01
   1.5388062e+01
   1.5394056e+01
   1.5394238e+01
   1.5394956e+01
   1.5402352e+01
   1.5403767e+01
   1.5406340e+01
   1.5409048e+01
   1.5465648e+01
   1.5483625e+01
   1.5484163e+01
   1.5484403e+01
   1.5486791e+01
   1.5488937e+01
   1.5489055e+01
   1.5497788e+01
   1.5526440e+01
   1.5529835e+01
   1.5530601e+01
   1.5558326e+01
   1.5559954e+01
   1.5562178e+01
   1.5583609e+01
   1.5596102e+01
   1.5645729e+01
   1.5703082e+01
   1.5714810e+01
   1.5716102e+01
   1.5722429e+01
   1.5727198e+01
   1.5727816e+01
   1.5736667e+01
   1.5738115e+01
   1.5760793e+01
   1.5763419e+01
   1.5781381e+01
   1.5788059e+01
   1.5903955e+01
   1.5946917e+01
   1.5950981e+01
   1.5950997e+01
   1.5992638e+01
   1.6016095e+01
   1.6097329e+01
   1.6144531e+01
   1.6147075e+01
   1.6154603e+01
   1.6171527e+01
   1.6172157e+01
   1.6175508e+01
   1.6188806e+01
   1.6199298e+01
   1.6206099e+01
   1.6241663e+01
   1.6249048e+01
   1.6280348e+01
   1.6312739e+01
   1.6320735e+01
   1.6330366e+01
   1.6336404e+01
   1.6349441e+01
   1.6365623e+01
   1.6371447e+01
   1.6372930e+01
   1.6375359e+01
   1.6375363e+01
   1.6376395e+01
   1.6376715e+01
   1.6398937e+01
   1.6413998e+01
   1.6422037e+01
   1.6437927e+01
   1.6448175e+01
   1.6521781e+01
   1.6540489e+01
   1.6542885e+01
   1.6601323e+01
   1.6609012e+01
   1.6617825e+01
   1.6653931e+01
   1.6654640e+01
   1.6665014e+01
   1.6665497e+01
   1.6683937e+01
   1.6725503e+01
   1.6732219e+01
   1.6734532e+01
   1.6735418e+01
   1.6740193e+01
   1.6752757e+01
   1.6843731e+01
   1.6865346e+01
   1.6865356e+01
   1.6884352e+01
   1.6925151e+01
   1.6933431e+01
   1.6950276e+01
   1.6985007e+01
   1.7010264e+01
   1.7013008e+01
   1.7013453e+01
   1.7015861e+01
   1.7025033e+01
   1.7031037e+01
   1.7068094e+01
   1.7070734e+01
   1.7072171e+01
   1.7072509e+01
   1.7083563e+01
   1.7096329e+01
   1.7096332e+01
   1.7096712e+01
   1.7110035e+01
   1.7130813e+01
   1.7138391e+01
   1.7142999e+01
   1.7145926e+01
   1.7164309e+01
   1.7167628e+01
   1.7186070e+01
   1.7190882e+01
   1.7215778e+01
   1.7225399e+01
   1.7278744e+01
   1.7313729e+01
   1.7314049e+01
   1.7327628e+01
   1.7341875e+01
   1.7342009e+01
   1.7374177e+01
   1.7395554e+01
   1.7414596e+01
   1.7432269e+01
   1.7438671e+01
   1.7439303e+01
   1.7465829e+01
   1.7471720e+01
   1.7493264e+01
   1.7506001e+01
   1.7551791e+01
   1.7555648e+01
   1.7610061e+01
   1.7686337e+01
   1.7727012e+01
