   6.5443965e-05
   7.1611961e-03
   9.3516559e-01
   9.9040308e-01
   9.9218749e-01
   1.0793819e+00
   1.3378512e+00
   1.4423630e+00
   1.7850617e+00
   1.7883215e+00
   3.3785691e+00
   3.3898417e+00
   4.0600599e+00
   4.2051187e+00
   4.2322173e+00
   4.3108571e+00
   4.3214181e+00
   4.3370497e+00
   4.3389634e+00
   4.3782256e+00
   4.8198940e+00
   4.8303828e+00
   4.8433320e+00
   4.9259081e+00
   4.9259081e+00
   4.9690732e+00
   4.9904932e+00
   5.8510207e+00
   5.8776075e+00
   5.8897792e+00
   5.9305107e+00
   5.9307438e+00
   6.1543239e+00
   6.9086522e+00
   6.9086522e+00
   7.0796026e+00
   7.0890130e+00
   7.2307287e+00
   7.4163029e+00
   7.4163029e+00
   7.4202004e+00
   7.4993815e+00
   7.6120301e+00
   7.6202566e+00
   7.8212666e+00
   7.8228006e+00
   7.8584729e+00
   7.8823240e+00
   8.3281892e+00
   8.4120978e+00
   8.5417888e+00
   8.6720993e+00
   8.6928607e+00
   8.9180920e+00
   9.9834954e+00
   9.9834954e+00
   1.0111425e+01
   1.0211314e+01
   1.0274468e+01
   1.0274468e+01
   1.0341654e+01
   1.0363574e+01
   1.0741958e+01
   1.0741958e+01
   1.0757330e+01
   1.0763654e+01
   1.0770238e+01
   1.0829032e+01
   1.0900399e+01
   1.0947364e+01
   1.0957315e+01
   1.1075192e+01
   1.1075192e+01
   1.1201095e+01
   1.1783904e+01
   1.1874451e+01
   1.1980119e+01
   1.2046143e+01
   1.2046143e+01
   1.2052894e+01
   1.2066605e+01
   1.2149589e+01
   1.2236015e+01
   1.3314493e+01
   1.3606884e+01
   1.3607062e+01
   1.3607062e+01
   1.3659475e+01
   1.3664102e+01
   1.3690062e+01
   1.3751026e+01
   1.3811952e+01
   1.4219053e+01
   1.4483119e+01
   1.4486859e+01
   1.4532263e+01
   1.4592515e+01
   1.4980164e+01
   1.5240392e+01
   1.5286830e+01
   1.5430588e+01
   1.5479363e+01
   1.5693375e+01
   1.6190375e+01
   1.6190375e+01
   1.6191869e+01
   1.6193264e+01
   1.6476778e+01
   1.6479893e+01
   1.6984928e+01
   1.6988698e+01
   1.6988698e+01
   1.7290913e+01
   1.7898841e+01
   1.8110525e+01
   1.8130648e+01
   1.8296704e+01
   1.8368378e+01
   1.8401497e+01
   1.8406309e+01
   1.8678954e+01
   1.9134402e+01
   1.9134402e+01
   1.9134402e+01
   1.9554639e+01
   1.9588851e+01
   1.9840648e+01
   1.9875692e+01
   2.0082167e+01
   2.0098419e+01
   2.0098419e+01
   2.0221531e+01
   2.0299087e+01
   2.0681670e+01
   2.0887704e+01
   2.1110468e+01
   2.1243159e+01
   2.1243713e+01
   2.1243713e+01
   2.1369811e+01
   2.1408261e+01
   2.1424435e+01
   2.1529533e+01
   2.1588911e+01
   2.1721020e+01
   2.1760378e+01
   2.1824717e+01
   2.2027275e+01
   2.2072495e+01
   2.2370039e+01
   2.2464303e+01
   2.3042942e+01
   2.3504802e+01
   2.3506186e+01
   2.3721724e+01
   2.3799415e+01
   2.4016624e+01
   2.4016645e+01
   2.4089453e+01
   2.4124536e+01
   2.4533639e+01
   2.4551790e+01
   2.4907919e+01
   2.5350164e+01
   2.5367514e+01
   2.5369491e+01
   2.5621051e+01
   2.5624728e+01
   2.5632411e+01
   2.5763911e+01
   2.5804673e+01
   2.5832713e+01
   2.5854278e+01
   2.6322515e+01
   2.6384147e+01
   2.6388577e+01
   2.6447766e+01
   2.6515731e+01
   2.6521497e+01
   2.6524002e+01
   2.6846075e+01
   2.6933129e+01
   2.7103989e+01
   2.7643835e+01
   2.7658564e+01
   2.7905044e+01
   2.7999931e+01
   2.8100559e+01
   2.8823758e+01
   2.9007733e+01
   2.9185222e+01
   2.9201906e+01
   2.9201906e+01
   2.9203742e+01
   2.9203742e+01
   2.9334050e+01
   2.9369790e+01
   2.9369790e+01
   2.9420526e+01
   2.9433976e+01
   2.9557678e+01
   2.9557678e+01
   2.9613204e+01
   2.9767398e+01
   2.9907182e+01
   2.9907182e+01
   3.1045349e+01
   3.1051487e+01
   3.1086581e+01
   3.1086612e+01
   3.1086612e+01
   3.1200636e+01
   3.1304019e+01
   3.1769170e+01
   3.1769170e+01
   3.1769170e+01
   3.1884397e+01
   3.1906978e+01
   3.2113482e+01
   3.2123467e+01
   3.2138893e+01
   3.2508064e+01
   3.2508064e+01
   3.2513744e+01
   3.2754877e+01
   3.2982266e+01
   3.2998980e+01
   3.3116983e+01
   3.3137113e+01
   3.3137113e+01
   3.3201162e+01
   3.3207185e+01
   3.3292816e+01
   3.3510496e+01
   3.3524830e+01
   3.3715828e+01
   3.3717470e+01
   3.3847245e+01
   3.3847245e+01
   3.3907170e+01
   3.3921577e+01
   3.3995792e+01
   3.3995792e+01
   3.4206532e+01
   3.4234117e+01
   3.4235397e+01
   3.4241481e+01
   3.4264254e+01
   3.4288338e+01
   3.4309559e+01
   3.4363822e+01
   3.4857491e+01
   3.4881113e+01
   3.5032749e+01
   3.5032749e+01
   3.5339787e+01
   3.5339787e+01
   3.5620097e+01
   3.5691636e+01
   3.5814031e+01
   3.5832821e+01
   3.6085610e+01
   3.6111018e+01
   3.6128774e+01
   3.6339582e+01
   3.6360170e+01
   3.6402805e+01
   3.6608666e+01
   3.6609104e+01
   3.6701819e+01
   3.7063576e+01
   3.7143121e+01
   3.7415445e+01
   3.7428872e+01
   3.7500002e+01
   3.7511412e+01
   3.7520308e+01
   3.7684138e+01
   3.7707018e+01
   3.7766208e+01
   3.7861239e+01
   3.7861239e+01
   3.7893129e+01
   3.7961316e+01
   3.8182840e+01
   3.8268736e+01
   3.8374613e+01
   3.8717050e+01
   3.8717050e+01
   3.8914222e+01
   3.8917393e+01
   3.8917393e+01
   3.9386978e+01
   3.9707389e+01
   4.0208951e+01
   4.0220251e+01
   4.0221065e+01
   4.0351167e+01
   4.0399951e+01
   4.0416568e+01
   4.0659233e+01
   4.0659233e+01
   4.0768131e+01
   4.0768131e+01
   4.0883075e+01
   4.0941033e+01
   4.0941033e+01
   4.0944608e+01
   4.1449564e+01
   4.1502893e+01
   4.1593288e+01
   4.1695389e+01
   4.1793800e+01
   4.1867633e+01
   4.1896555e+01
   4.2029537e+01
   4.2051447e+01
   4.2102902e+01
   4.2107400e+01
   4.2107400e+01
   4.2357828e+01
   4.2621407e+01
   4.3508291e+01
   4.3508291e+01
   4.3524024e+01
   4.3524024e+01
   4.3524024e+01
   4.4004612e+01
   4.4055951e+01
   4.4076761e+01
   4.4204104e+01
   4.4204104e+01
   4.4284181e+01
   4.4287553e+01
   4.4287553e+01
   4.4347930e+01
   4.4355895e+01
   4.4384407e+01
   4.4403440e+01
   4.4403440e+01
   4.4422499e+01
   4.5105383e+01
   4.5188850e+01
   4.5305808e+01
   4.5310678e+01
   4.5310678e+01
   4.5386411e+01
   4.5481982e+01
   4.5680258e+01
   4.5817029e+01
   4.5817635e+01
   4.5982316e+01
   4.5985809e+01
   4.5985809e+01
   4.6022824e+01
   4.6057542e+01
   4.6120522e+01
   4.6120522e+01
   4.6534175e+01
   4.6546140e+01
   4.6561965e+01
   4.6577333e+01
   4.6584529e+01
   4.6761993e+01
   4.6841762e+01
   4.7016431e+01
   4.7018801e+01
   4.7162967e+01
   4.7227163e+01
   4.7246592e+01
   4.7685520e+01
   4.7782725e+01
   4.7782725e+01
   4.7961352e+01
   4.8009114e+01
   4.8009321e+01
   4.8046972e+01
   4.8735839e+01
   4.8748830e+01
   4.8962493e+01
   4.8980236e+01
   4.8980236e+01
   4.9017830e+01
   4.9236127e+01
   4.9318387e+01
   4.9389159e+01
   4.9491412e+01
   4.9512294e+01
   4.9643167e+01
   5.0034872e+01
   5.0104804e+01
   5.0233980e+01
   5.0419688e+01
   5.0701777e+01
   5.0701777e+01
   5.0702204e+01
   5.0707558e+01
   5.0947450e+01
   5.1070640e+01
   5.1080395e+01
   5.1083197e+01
   5.1323702e+01
   5.1323702e+01
   5.1335067e+01
   5.1417528e+01
   5.1419246e+01
   5.1424779e+01
   5.1579210e+01
   5.1615940e+01
   5.1631051e+01
   5.1661994e+01
   5.2081566e+01
   5.2472219e+01
   5.2922192e+01
   5.2924571e+01
   5.3413162e+01
   5.3500754e+01
   5.3531530e+01
   5.3549765e+01
   5.3623885e+01
   5.4012190e+01
   5.4090579e+01
   5.4097134e+01
   5.4252289e+01
   5.4663566e+01
   5.4663566e+01
   5.4685763e+01
   5.4771403e+01
   5.4771403e+01
   5.4898343e+01
   5.4904319e+01
   5.4967894e+01
   5.4967919e+01
   5.5080934e+01
   5.5088291e+01
   5.5088291e+01
   5.5289089e+01
   5.5289149e+01
   5.5409290e+01
   5.5519974e+01
   5.5519974e+01
   5.6138441e+01
   5.6254817e+01
   5.6272866e+01
   5.6307032e+01
   5.6308972e+01
   5.6319620e+01
   5.6906675e+01
   5.6907791e+01
   5.6963586e+01
   5.7021448e+01
   5.7073382e+01
   5.7289298e+01
   5.7363478e+01
   5.7513316e+01
   5.7642096e+01
   5.8926891e+01
   5.9058931e+01
   5.9100061e+01
   5.9726053e+01
   6.0575509e+01
   6.0579655e+01
   6.0595514e+01
   6.0626510e+01
   6.0744646e+01
   6.0747632e+01
   6.1214012e+01
   6.1214012e+01
   6.1276546e+01
   6.1276546e+01
   6.1294610e+01
   6.1304048e+01
   6.1378051e+01
   6.1378051e+01
   6.1724411e+01
   6.1728511e+01
   6.1789786e+01
   6.1802318e+01
   6.1939187e+01
   6.2016062e+01
   6.2030977e+01
   6.2033857e+01
   6.2487685e+01
   6.2729253e+01
   6.2734117e+01
   6.2735603e+01
   6.3192118e+01
   6.3426632e+01
   6.3510886e+01
   6.3512370e+01
   6.3512446e+01
   6.3565157e+01
   6.3579116e+01
   6.3784041e+01
   6.3794738e+01
   6.3978902e+01
   6.3979241e+01
   6.4012627e+01
   6.4145855e+01
   6.4172392e+01
   6.4173728e+01
   6.4176971e+01
   6.4413406e+01
   6.4413419e+01
   6.4828736e+01
   6.4865998e+01
   6.5671798e+01
   6.5689813e+01
   6.5703342e+01
   6.5963115e+01
   6.5963115e+01
   6.6471127e+01
   6.6483190e+01
   6.6491214e+01
   6.6648084e+01
   6.6662392e+01
   6.6836507e+01
   6.7076330e+01
   6.7937956e+01
   6.8024416e+01
   6.8075208e+01
   6.8075208e+01
   6.8242359e+01
   6.8380545e+01
   6.8382525e+01
   6.8445835e+01
   6.8642070e+01
   6.9280191e+01
   6.9328290e+01
   6.9369111e+01
   7.0222358e+01
   7.0222365e+01
   7.0223851e+01
   7.0279116e+01
   7.0287469e+01
   7.0535540e+01
   7.0552040e+01
   7.1276605e+01
   7.1430751e+01
   7.1431142e+01
   7.1444369e+01
   7.1840138e+01
   7.1978343e+01
   7.1979491e+01
   7.1979491e+01
   7.2276508e+01
   7.2279091e+01
   7.2279091e+01
   7.2279091e+01
   7.2558024e+01
   7.2587365e+01
   7.2587967e+01
   7.2587967e+01
   7.2591073e+01
   7.2681691e+01
   7.2713154e+01
   7.3069298e+01
   7.3069298e+01
   7.3371726e+01
   7.3410067e+01
   7.3510631e+01
   7.3510631e+01
   7.3510631e+01
   7.3597177e+01
   7.3615690e+01
   7.4175752e+01
   7.4541041e+01
   7.4597220e+01
   7.4630802e+01
   7.4945330e+01
   7.5017115e+01
   7.5291175e+01
   7.5359436e+01
   7.5360897e+01
   7.5360897e+01
   7.5501926e+01
   7.5501926e+01
   7.5518144e+01
   7.6190829e+01
   7.6190829e+01
   7.6323322e+01
   7.6324238e+01
   7.6566490e+01
   7.6566490e+01
   7.6787898e+01
   7.6789139e+01
   7.7140018e+01
   7.7223931e+01
   7.7451990e+01
   7.7451990e+01
   7.7497971e+01
   7.7604024e+01
   7.7604024e+01
   7.7622499e+01
   7.7622499e+01
   7.7670041e+01
   7.7718323e+01
   7.7824696e+01
   7.7909324e+01
   7.8213965e+01
   7.8213965e+01
   7.8228579e+01
   7.8388561e+01
   7.8447694e+01
   7.8447694e+01
   7.8581844e+01
   7.9057435e+01
   7.9186800e+01
   7.9274999e+01
   7.9308562e+01
   7.9353763e+01
   7.9399613e+01
   7.9437953e+01
   7.9789586e+01
   7.9789586e+01
   7.9895019e+01
   8.0102931e+01
   8.0194748e+01
   8.0194748e+01
   8.0817288e+01
   8.0817288e+01
   8.0851768e+01
   8.0893645e+01
   8.1228264e+01
   8.1248524e+01
   8.1306891e+01
   8.1507529e+01
   8.1563738e+01
   8.1585398e+01
   8.1638804e+01
   8.1764879e+01
   8.1769041e+01
   8.2101779e+01
   8.2252486e+01
   8.2278461e+01
   8.2681232e+01
   8.2888385e+01
   8.3017754e+01
   8.3242896e+01
   8.3245432e+01
   8.3252475e+01
   8.3325657e+01
   8.3429117e+01
   8.4145799e+01
   8.4190156e+01
   8.4365663e+01
   8.4365974e+01
   8.4375318e+01
   8.4387716e+01
   8.4476394e+01
   8.4476394e+01
   8.4544261e+01
   8.4554661e+01
   8.4737808e+01
   8.4865696e+01
   8.4880833e+01
   8.4889522e+01
   8.5035469e+01
   8.5298696e+01
   8.5334489e+01
   8.5336566e+01
   8.5488799e+01
   8.5606862e+01
   8.5607972e+01
   8.5629142e+01
   8.5644333e+01
   8.5774776e+01
   8.5789848e+01
   8.5920847e+01
   8.5975548e+01
   8.6062791e+01
   8.6063210e+01
   8.6224907e+01
   8.6231765e+01
   8.6269977e+01
   8.6528387e+01
   8.6558661e+01
   8.7042940e+01
   8.7043693e+01
   8.7072243e+01
   8.7072243e+01
   8.7072243e+01
   8.7314639e+01
   8.7314639e+01
   8.7319952e+01
   8.7319952e+01
   8.7322584e+01
   8.7322584e+01
   8.7690483e+01
   8.8097264e+01
   8.8182729e+01
   8.8292536e+01
   8.8350615e+01
   8.8394393e+01
   8.8491875e+01
   8.8703389e+01
   8.8729473e+01
   8.8882392e+01
   8.8882392e+01
   8.8886822e+01
   8.9211223e+01
   8.9211223e+01
   8.9325686e+01
   8.9725622e+01
   8.9725622e+01
   8.9788442e+01
   8.9828055e+01
   9.0027798e+01
   9.0119042e+01
   9.0129467e+01
   9.0143221e+01
   9.0747830e+01
   9.0763695e+01
   9.0763695e+01
   9.0800804e+01
   9.0838230e+01
   9.0911800e+01
   9.0916642e+01
   9.0935620e+01
   9.0942933e+01
   9.1086543e+01
   9.1671361e+01
   9.1758127e+01
   9.1845889e+01
   9.1845889e+01
   9.1847508e+01
   9.2704221e+01
   9.2704892e+01
   9.2717426e+01
   9.2765045e+01
   9.2977012e+01
   9.3472495e+01
   9.3588930e+01
   9.3588930e+01
   9.3594391e+01
   9.3603612e+01
   9.3604494e+01
   9.3645698e+01
   9.3696883e+01
   9.3818363e+01
   9.3852441e+01
   9.4075936e+01
   9.4122829e+01
   9.4123367e+01
   9.4259985e+01
   9.4277300e+01
   9.4432968e+01
   9.4432968e+01
   9.4438739e+01
   9.4439010e+01
   9.4544849e+01
   9.4956426e+01
   9.5004109e+01
   9.5014022e+01
   9.5136167e+01
   9.5136167e+01
   9.5190176e+01
   9.5192140e+01
   9.5416794e+01
   9.5416794e+01
   9.5725122e+01
   9.5771720e+01
   9.5856936e+01
   9.5910842e+01
   9.6116133e+01
   9.6195399e+01
   9.6306897e+01
   9.6490204e+01
   9.6492324e+01
   9.6613159e+01
   9.6772264e+01
   9.6774325e+01
   9.6930489e+01
   9.6947964e+01
   9.6973523e+01
   9.6976914e+01
   9.7019071e+01
   9.7281848e+01
   9.7390741e+01
   9.7400352e+01
   9.7535342e+01
   9.7938700e+01
   9.8056164e+01
   9.8124966e+01
   9.8207391e+01
   9.8223626e+01
   9.8223626e+01
   9.8369701e+01
   9.8458232e+01
   9.8781362e+01
   9.8785217e+01
   9.8970549e+01
   9.9137947e+01
   9.9246395e+01
   9.9293095e+01
   9.9321391e+01
   9.9417210e+01
   9.9634489e+01
   9.9722729e+01
   1.0018010e+02
   1.0057445e+02
   1.0058951e+02
   1.0069030e+02
   1.0076171e+02
   1.0082419e+02
   1.0084095e+02
   1.0146457e+02
   1.0147024e+02
   1.0162153e+02
   1.0195943e+02
   1.0202532e+02
   1.0241775e+02
   1.0242927e+02
   1.0282401e+02
   1.0287268e+02
   1.0287293e+02
   1.0295330e+02
   1.0303582e+02
   1.0319229e+02
   1.0340873e+02
   1.0379175e+02
   1.0396356e+02
   1.0399739e+02
   1.0399739e+02
   1.0437665e+02
   1.0481917e+02
   1.0492785e+02
   1.0493239e+02
   1.0493868e+02
   1.0495277e+02
   1.0495277e+02
   1.0496943e+02
   1.0504837e+02
   1.0584754e+02
   1.0587638e+02
   1.0589224e+02
   1.0590097e+02
   1.0590097e+02
   1.0591539e+02
   1.0594405e+02
   1.0594514e+02
   1.0612340e+02
   1.0620314e+02
   1.0620719e+02
   1.0624818e+02
   1.0626853e+02
   1.0627813e+02
   1.0647875e+02
   1.0657280e+02
   1.0698144e+02
   1.0700184e+02
   1.0707312e+02
   1.0744718e+02
   1.0751169e+02
   1.0752195e+02
   1.0756923e+02
   1.0772207e+02
   1.0772574e+02
   1.0773945e+02
   1.0773968e+02
   1.0785968e+02
   1.0789167e+02
   1.0789327e+02
   1.0792537e+02
   1.0842651e+02
   1.0844816e+02
   1.0844816e+02
   1.0846050e+02
   1.0855209e+02
   1.0855985e+02
   1.0855985e+02
   1.0874036e+02
   1.0877834e+02
   1.0894041e+02
   1.0901042e+02
   1.0914233e+02
   1.0917603e+02
   1.0930180e+02
   1.0933516e+02
   1.0938426e+02
   1.0974241e+02
   1.0985004e+02
   1.0985352e+02
   1.0985352e+02
   1.0997534e+02
   1.0997648e+02
   1.1000009e+02
   1.1002990e+02
   1.1012193e+02
   1.1019493e+02
   1.1019626e+02
   1.1037652e+02
   1.1038300e+02
   1.1177616e+02
   1.1187990e+02
   1.1187990e+02
   1.1187990e+02
   1.1233607e+02
   1.1233669e+02
   1.1356026e+02
   1.1360835e+02
   1.1376068e+02
   1.1376219e+02
   1.1395892e+02
   1.1406023e+02
   1.1406664e+02
   1.1418976e+02
   1.1419274e+02
   1.1425765e+02
   1.1447195e+02
   1.1448416e+02
   1.1506178e+02
   1.1506178e+02
   1.1514483e+02
   1.1515328e+02
   1.1529655e+02
   1.1529933e+02
   1.1546695e+02
   1.1547461e+02
   1.1552988e+02
   1.1552990e+02
   1.1553017e+02
   1.1553044e+02
   1.1553078e+02
   1.1581032e+02
   1.1581061e+02
   1.1594132e+02
   1.1595868e+02
   1.1602144e+02
   1.1662048e+02
   1.1666439e+02
   1.1666449e+02
   1.1750920e+02
   1.1778767e+02
   1.1780329e+02
   1.1810709e+02
   1.1827381e+02
   1.1827427e+02
   1.1827960e+02
   1.1845399e+02
   1.1858915e+02
   1.1858915e+02
   1.1860589e+02
   1.1865927e+02
   1.1866028e+02
   1.1886765e+02
   1.1934577e+02
   1.1935459e+02
   1.1936011e+02
   1.1955531e+02
   1.1966878e+02
   1.1966927e+02
   1.1992493e+02
   1.1997258e+02
   1.2012174e+02
   1.2014835e+02
   1.2020230e+02
   1.2020230e+02
   1.2029777e+02
   1.2062641e+02
   1.2065969e+02
   1.2078976e+02
   1.2082737e+02
   1.2083966e+02
   1.2108825e+02
   1.2108825e+02
   1.2108825e+02
   1.2110054e+02
   1.2119526e+02
   1.2125541e+02
   1.2156272e+02
   1.2163068e+02
   1.2163070e+02
   1.2182157e+02
   1.2185608e+02
   1.2196231e+02
   1.2196231e+02
   1.2236431e+02
   1.2241255e+02
   1.2281251e+02
   1.2282130e+02
   1.2284717e+02
   1.2319616e+02
   1.2320311e+02
   1.2320311e+02
   1.2354676e+02
   1.2354722e+02
   1.2380137e+02
   1.2380137e+02
   1.2387272e+02
   1.2398847e+02
   1.2407181e+02
   1.2407182e+02
   1.2435309e+02
   1.2518458e+02
   1.2518458e+02
   1.2526539e+02
   1.2560980e+02
   1.2583825e+02
   1.2592377e+02
