   6.1170910e-03
   1.2448509e+00
   1.3258024e+00
   1.4306430e+00
   1.4975593e+00
   1.5748246e+00
   1.6014141e+00
   1.6229831e+00
   1.6481213e+00
   1.6724165e+00
   1.6984372e+00
   1.7191519e+00
   1.7405493e+00
   1.7682101e+00
   1.7890385e+00
   1.8104200e+00
   1.8332437e+00
   1.8546876e+00
   1.8756022e+00
   1.8976095e+00
   1.9196375e+00
   1.9398680e+00
   1.9613861e+00
   1.9831847e+00
   2.0034734e+00
   2.1001644e+00
   2.1208477e+00
   2.1411608e+00
   2.1626760e+00
   2.1838203e+00
   2.2035398e+00
   2.2244893e+00
   2.2665780e+00
   2.2882158e+00
   2.3095337e+00
   2.3505497e+00
   2.3730839e+00
   2.3932216e+00
   2.4130065e+00
   2.4348191e+00
   2.4736623e+00
   2.4932423e+00
   2.5166059e+00
   2.5355647e+00
   2.5562184e+00
   2.5780787e+00
   2.5986525e+00
   2.6221842e+00
   2.6450578e+00
   2.6689948e+00
   2.6912191e+00
   2.7129139e+00
   2.7357146e+00
   2.7562128e+00
   2.7835284e+00
   2.8045168e+00
   2.8646993e+00
   2.8916034e+00
   2.9173792e+00
   2.9401598e+00
   2.9786415e+00
   3.0018014e+00
   3.0251157e+00
   3.0499694e+00
   3.0878418e+00
   3.1106450e+00
   3.1341726e+00
   3.1560118e+00
   3.1797745e+00
   3.2027374e+00
   3.2255927e+00
   3.2488715e+00
   3.2707876e+00
   3.3023890e+00
   3.3216034e+00
   3.3424524e+00
   3.3622786e+00
   3.3846522e+00
   3.4040674e+00
   3.4384570e+00
   3.4552786e+00
   3.4728327e+00
   3.4906479e+00
   3.5091984e+00
   3.5298006e+00
   3.5449064e+00
   3.5885491e+00
   3.6185156e+00
   3.6374848e+00
   3.6550761e+00
   3.6741393e+00
   3.6930564e+00
   3.7133953e+00
   3.7340035e+00
   3.7536229e+00
   3.7714125e+00
   3.7918114e+00
   3.8086212e+00
   3.8301393e+00
   3.8495921e+00
   3.8688157e+00
   3.8889846e+00
   3.9061733e+00
   3.9258456e+00
   3.9453791e+00
   3.9791914e+00
   4.0145225e+00
   4.0480863e+00
   4.0668329e+00
   4.0851439e+00
   4.1033457e+00
   4.1211870e+00
   4.1529542e+00
   4.1702211e+00
   4.1888444e+00
   4.2060238e+00
   4.2263576e+00
   4.2450279e+00
   4.2623621e+00
   4.2824486e+00
   4.3028832e+00
   4.3225813e+00
   4.3417572e+00
   4.3742202e+00
   4.4042869e+00
   4.4230069e+00
   4.4415681e+00
   4.4607958e+00
   4.4810869e+00
   4.5001689e+00
   4.5219503e+00
   4.5456860e+00
   4.5649107e+00
   4.5850140e+00
   4.6050322e+00
   4.6232959e+00
   4.6421102e+00
   4.6599963e+00
   4.6956454e+00
   4.7285833e+00
   4.7484395e+00
   4.7659675e+00
   4.7841411e+00
   4.8045295e+00
   4.8236000e+00
   4.8427155e+00
   4.8616118e+00
   4.8806087e+00
   4.9025338e+00
   4.9233502e+00
   4.9401858e+00
   4.9604210e+00
   4.9796528e+00
   4.9992924e+00
   5.0194817e+00
   5.0386864e+00
   5.0576829e+00
   5.0770696e+00
   5.1080245e+00
   5.1262965e+00
   5.1459289e+00
   5.1633914e+00
   5.1823359e+00
   5.2044061e+00
   5.2236914e+00
   5.2418029e+00
   5.2623155e+00
   5.2826154e+00
   5.2990165e+00
   5.3171553e+00
   5.3360252e+00
   5.3567528e+00
   5.3763431e+00
   5.3941890e+00
   5.4120828e+00
   5.4318674e+00
   5.4508470e+00
   5.4690717e+00
   5.4893549e+00
   5.5060389e+00
   5.5254724e+00
   5.5429657e+00
   5.5613052e+00
   5.5791590e+00
   5.5984910e+00
   5.6164512e+00
   5.6352548e+00
   5.6520399e+00
   5.6741578e+00
   5.6929006e+00
   5.7125162e+00
   5.7322035e+00
   5.7505125e+00
   5.7973861e+00
   5.8333780e+00
   5.8674152e+00
   5.8836855e+00
   5.9026196e+00
   5.9471706e+00
   5.9626090e+00
   5.9797563e+00
   5.9999837e+00
   6.0453126e+00
   6.0637918e+00
   6.0853574e+00
   6.1055992e+00
   6.1530376e+00
   6.1735046e+00
   6.1950586e+00
   6.2141626e+00
   6.2512615e+00
   6.2872175e+00
   6.3069966e+00
   6.3273490e+00
   6.3480189e+00
   6.3820552e+00
   6.4154880e+00
   6.4418510e+00
   6.4623402e+00
   6.4980887e+00
   6.5171811e+00
   6.5362746e+00
   6.5620616e+00
   6.6006978e+00
   6.6198126e+00
   6.6404604e+00
   6.6602217e+00
   6.6764198e+00
   6.6963495e+00
   6.7163031e+00
   6.7444088e+00
   6.7589941e+00
   6.7804433e+00
   6.7988590e+00
   6.8143975e+00
   6.8341177e+00
   6.8529764e+00
   6.8697427e+00
   6.8901620e+00
   6.9315944e+00
   6.9490805e+00
   6.9703143e+00
   6.9898771e+00
   7.0243335e+00
   7.0424295e+00
   7.0596994e+00
   7.0771766e+00
   7.0938419e+00
   7.1110332e+00
   7.1306779e+00
   7.1514400e+00
   7.1724904e+00
   7.1900056e+00
   7.2093553e+00
   7.2285037e+00
   7.2740269e+00
   7.2906564e+00
   7.3266836e+00
   7.3437461e+00
   7.3628932e+00
   7.3841848e+00
   7.4129277e+00
   7.4354208e+00
   7.4569520e+00
   7.4818527e+00
   7.4986062e+00
   7.5190107e+00
   7.5415643e+00
   7.5636220e+00
   7.5814509e+00
   7.6021766e+00
   7.6242435e+00
   7.6440921e+00
   7.6671133e+00
   7.6880613e+00
   7.7102071e+00
   7.7273387e+00
   7.7490454e+00
   7.7668507e+00
   7.7893852e+00
   7.8097840e+00
   7.8303244e+00
   7.8679451e+00
   7.8865538e+00
   7.9089441e+00
   7.9268408e+00
   7.9507990e+00
   7.9711133e+00
   7.9914438e+00
   8.0408944e+00
   8.0566002e+00
   8.0982720e+00
   8.1328479e+00
   8.1504709e+00
   8.1697684e+00
   8.1879316e+00
   8.2071998e+00
   8.2559760e+00
   8.2736909e+00
   8.2898830e+00
   8.3079398e+00
   8.3303297e+00
   8.3742194e+00
   8.3951224e+00
   8.4313961e+00
   8.4506450e+00
   8.4670915e+00
   8.5037218e+00
   8.5204150e+00
   8.5370439e+00
   8.5554633e+00
   8.5728303e+00
   8.5920543e+00
   8.6129149e+00
   8.6364536e+00
   8.6532112e+00
   8.6730404e+00
   8.6940710e+00
   8.7218611e+00
   8.7427074e+00
   8.7917449e+00
   8.8100278e+00
   8.8262478e+00
   8.8483741e+00
   8.8950405e+00
   8.9134976e+00
   8.9553721e+00
   8.9952347e+00
   9.0105773e+00
   9.0316419e+00
   9.0480785e+00
   9.0640179e+00
   9.1039948e+00
   9.1190471e+00
   9.1416151e+00
   9.1927682e+00
   9.2115667e+00
   9.2299625e+00
   9.2506963e+00
   9.2688957e+00
   9.3164672e+00
   9.3327398e+00
   9.3531311e+00
   9.3721124e+00
   9.3908727e+00
   9.4091796e+00
   9.4564464e+00
   9.4750645e+00
   9.4942739e+00
   9.5165449e+00
   9.5375961e+00
   9.5544803e+00
   9.5751322e+00
   9.5944110e+00
   9.6388539e+00
   9.6546887e+00
   9.6721835e+00
   9.6950160e+00
   9.7492287e+00
   9.7695605e+00
   9.7877564e+00
   9.8040658e+00
   9.8237011e+00
   9.8420087e+00
   9.8608364e+00
   9.8795832e+00
   9.8968992e+00
   9.9169339e+00
   9.9362838e+00
   9.9525146e+00
   9.9722590e+00
   1.0028583e+01
   1.0055489e+01
   1.0125504e+01
   1.0146857e+01
   1.0171678e+01
   1.0237018e+01
   1.0263596e+01
   1.0294876e+01
   1.0317432e+01
   1.0358617e+01
   1.0385398e+01
   1.0433293e+01
   1.0459892e+01
   1.0480576e+01
   1.0513568e+01
   1.0527676e+01
   1.0557228e+01
   1.0594655e+01
   1.0616779e+01
   1.0637499e+01
   1.0661487e+01
   1.0686376e+01
   1.0709249e+01
   1.0728957e+01
   1.0778717e+01
   1.0815014e+01
   1.0832034e+01
   1.0857928e+01
   1.0878752e+01
   1.0898748e+01
   1.0917893e+01
   1.0938160e+01
   1.0981606e+01
   1.1001500e+01
   1.1023956e+01
   1.1043285e+01
   1.1060088e+01
   1.1083400e+01
   1.1105852e+01
   1.1128451e+01
   1.1150078e+01
   1.1168609e+01
   1.1190782e+01
   1.1207046e+01
   1.1222910e+01
   1.1241157e+01
   1.1260502e+01
   1.1281302e+01
   1.1299831e+01
   1.1320652e+01
   1.1340107e+01
   1.1362864e+01
   1.1390991e+01
   1.1413720e+01
   1.1437144e+01
   1.1491512e+01
   1.1510908e+01
   1.1531231e+01
   1.1573887e+01
   1.1599017e+01
   1.1620215e+01
   1.1646785e+01
   1.1687914e+01
   1.1708209e+01
   1.1728947e+01
   1.1768857e+01
   1.1784266e+01
   1.1825032e+01
   1.1844352e+01
   1.1865050e+01
   1.1903303e+01
   1.1918580e+01
   1.1941305e+01
   1.1959102e+01
   1.1980542e+01
   1.1996601e+01
   1.2015668e+01
   1.2032893e+01
   1.2081519e+01
   1.2098444e+01
   1.2116362e+01
   1.2135790e+01
   1.2154148e+01
   1.2174322e+01
   1.2192797e+01
   1.2214487e+01
   1.2239126e+01
   1.2263385e+01
   1.2294242e+01
   1.2326966e+01
   1.2348802e+01
   1.2372001e+01
   1.2393414e+01
   1.2406881e+01
   1.2430879e+01
   1.2449852e+01
   1.2469234e+01
   1.2518492e+01
   1.2534522e+01
   1.2584006e+01
   1.2600670e+01
   1.2618969e+01
   1.2640235e+01
   1.2682084e+01
   1.2697470e+01
   1.2716388e+01
   1.2734907e+01
   1.2754533e+01
   1.2777544e+01
   1.2801004e+01
   1.2821334e+01
   1.2845766e+01
   1.2869906e+01
   1.2896686e+01
   1.2923070e+01
   1.2953446e+01
   1.2993907e+01
   1.3024332e+01
   1.3052278e+01
   1.3076922e+01
   1.3126916e+01
   1.3149347e+01
   1.3170590e+01
   1.3196561e+01
   1.3222485e+01
   1.3243279e+01
   1.3264903e+01
   1.3280742e+01
   1.3303942e+01
   1.3330446e+01
   1.3389029e+01
   1.3413521e+01
   1.3437599e+01
   1.3482807e+01
   1.3497200e+01
   1.3516777e+01
   1.3534903e+01
   1.3552349e+01
   1.3571801e+01
   1.3589645e+01
   1.3636245e+01
   1.3650532e+01
   1.3671847e+01
   1.3691230e+01
   1.3714200e+01
   1.3734361e+01
   1.3754765e+01
   1.3776096e+01
   1.3799585e+01
   1.3820233e+01
   1.3840764e+01
   1.3887707e+01
   1.3904977e+01
   1.3928585e+01
   1.3945591e+01
   1.3966312e+01
   1.3989868e+01
   1.4011848e+01
   1.4032656e+01
   1.4052718e+01
   1.4072542e+01
   1.4124581e+01
   1.4143946e+01
   1.4166349e+01
   1.4185386e+01
   1.4206189e+01
   1.4225749e+01
   1.4252253e+01
   1.4271523e+01
   1.4325128e+01
   1.4342888e+01
   1.4365440e+01
   1.4383325e+01
   1.4433312e+01
   1.4473511e+01
   1.4493470e+01
   1.4517863e+01
   1.4566198e+01
   1.4608482e+01
   1.4624096e+01
   1.4640237e+01
   1.4683671e+01
   1.4718428e+01
   1.4736937e+01
   1.4753730e+01
   1.4771031e+01
   1.4790579e+01
   1.4838072e+01
   1.4855131e+01
   1.4873049e+01
   1.4890440e+01
   1.4937021e+01
   1.4967211e+01
   1.4983422e+01
   1.5000710e+01
   1.5019419e+01
   1.5036185e+01
   1.5053740e+01
   1.5071272e+01
   1.5088201e+01
   1.5104127e+01
   1.5121244e+01
   1.5138375e+01
   1.5155094e+01
   1.5195518e+01
   1.5211577e+01
   1.5250541e+01
   1.5267524e+01
   1.5283271e+01
   1.5322049e+01
   1.5338508e+01
   1.5378992e+01
   1.5398976e+01
   1.5446144e+01
   1.5462143e+01
   1.5504273e+01
   1.5525576e+01
   1.5544961e+01
   1.5562454e+01
   1.5609112e+01
   1.5625742e+01
   1.5643901e+01
   1.5694002e+01
   1.5713681e+01
   1.5757931e+01
   1.5781585e+01
   1.5799339e+01
   1.5819620e+01
   1.5839738e+01
   1.5859987e+01
   1.5907135e+01
   1.5920321e+01
   1.5939588e+01
   1.5958330e+01
   1.6007484e+01
   1.6017677e+01
   1.6041730e+01
   1.6061450e+01
   1.6082084e+01
   1.6104641e+01
   1.6124354e+01
   1.6143073e+01
   1.6163222e+01
   1.6193915e+01
   1.6247201e+01
   1.6273180e+01
   1.6299471e+01
   1.6325781e+01
   1.6372567e+01
   1.6394037e+01
   1.6440462e+01
   1.6467265e+01
   1.6492741e+01
   1.6515548e+01
   1.6532227e+01
   1.6557720e+01
   1.6579235e+01
   1.6599375e+01
   1.6619819e+01
   1.6640332e+01
   1.6672286e+01
   1.6691954e+01
   1.6711628e+01
   1.6731853e+01
   1.6756897e+01
   1.6774659e+01
   1.6794113e+01
   1.6819250e+01
   1.6839159e+01
   1.6881693e+01
   1.6900075e+01
   1.6916551e+01
   1.6958275e+01
   1.6976748e+01
   1.6991629e+01
   1.7015281e+01
   1.7061920e+01
   1.7079138e+01
   1.7096570e+01
   1.7113752e+01
   1.7164814e+01
   1.7182807e+01
   1.7199942e+01
   1.7217501e+01
   1.7242148e+01
   1.7259512e+01
   1.7281923e+01
   1.7299616e+01
   1.7322548e+01
   1.7346193e+01
   1.7404549e+01
   1.7426679e+01
   1.7448316e+01
   1.7467499e+01
   1.7491464e+01
   1.7517021e+01
   1.7540179e+01
   1.7562795e+01
   1.7583828e+01
   1.7607214e+01
   1.7629749e+01
   1.7651195e+01
   1.7673577e+01
   1.7698727e+01
   1.7721125e+01
   1.7746440e+01
   1.7766742e+01
   1.7793102e+01
   1.7847150e+01
   1.7865143e+01
   1.7901917e+01
   1.7935932e+01
   1.7958642e+01
   1.8009036e+01
   1.8020657e+01
   1.8079719e+01
   1.8093628e+01
   1.8133853e+01
   1.8146386e+01
   1.8161719e+01
   1.8181985e+01
   1.8199752e+01
   1.8218134e+01
   1.8235477e+01
   1.8254148e+01
   1.8280161e+01
   1.8297173e+01
   1.8321026e+01
   1.8359556e+01
   1.8378122e+01
   1.8397812e+01
   1.8442598e+01
   1.8463508e+01
   1.8484772e+01
   1.8537324e+01
   1.8555970e+01
   1.8582521e+01
   1.8605687e+01
   1.8631777e+01
   1.8648278e+01
   1.8667283e+01
   1.8687544e+01
   1.8704354e+01
   1.8751974e+01
   1.8771589e+01
   1.8791756e+01
   1.8817171e+01
   1.8854413e+01
   1.8896720e+01
   1.8924046e+01
   1.8954425e+01
   1.8985094e+01
   1.9006038e+01
   1.9026854e+01
   1.9087388e+01
   1.9136488e+01
   1.9155636e+01
   1.9196705e+01
   1.9215658e+01
   1.9229752e+01
   1.9249705e+01
   1.9267389e+01
   1.9284598e+01
   1.9330310e+01
   1.9344222e+01
   1.9361089e+01
   1.9409575e+01
   1.9426082e+01
   1.9442041e+01
   1.9460499e+01
   1.9485753e+01
   1.9502729e+01
   1.9521097e+01
   1.9544997e+01
   1.9566184e+01
   1.9587002e+01
   1.9612637e+01
   1.9655515e+01
   1.9669350e+01
   1.9686159e+01
   1.9703504e+01
   1.9728339e+01
   1.9749061e+01
   1.9767164e+01
   1.9786397e+01
   1.9832602e+01
   1.9852475e+01
   1.9869223e+01
   1.9887373e+01
   1.9932920e+01
   1.9952108e+01
   1.9971282e+01
   1.9990206e+01
   2.0014604e+01
   2.0036183e+01
   2.0054136e+01
   2.0074437e+01
   2.0095078e+01
   2.0113777e+01
   2.0132035e+01
   2.0149843e+01
   2.0169105e+01
   2.0182835e+01
   2.0201620e+01
   2.0219501e+01
   2.0239696e+01
   2.0256989e+01
   2.0274095e+01
   2.0291032e+01
   2.0310842e+01
   2.0326987e+01
   2.0346191e+01
   2.0366271e+01
   2.0382085e+01
   2.0398389e+01
   2.0419558e+01
   2.0460519e+01
   2.0477320e+01
   2.0493393e+01
   2.0510185e+01
   2.0525481e+01
   2.0546546e+01
   2.0567305e+01
   2.0585916e+01
   2.0605480e+01
   2.0624314e+01
   2.0642493e+01
   2.0660240e+01
   2.0676926e+01
   2.0694837e+01
   2.0713103e+01
   2.0730385e+01
   2.0751361e+01
   2.0769228e+01
   2.0787769e+01
   2.0804440e+01
   2.0823443e+01
   2.0840312e+01
   2.0859581e+01
   2.0876650e+01
   2.0898095e+01
   2.0916200e+01
   2.0946374e+01
   2.0961280e+01
   2.0980796e+01
   2.0995351e+01
   2.1015191e+01
   2.1035829e+01
   2.1056140e+01
   2.1076228e+01
   2.1100042e+01
   2.1123190e+01
   2.1142717e+01
   2.1173061e+01
   2.1192212e+01
   2.1213572e+01
   2.1233093e+01
   2.1253578e+01
   2.1271235e+01
   2.1291335e+01
   2.1326484e+01
   2.1345256e+01
   2.1364676e+01
   2.1381775e+01
   2.1401921e+01
   2.1421573e+01
   2.1443579e+01
   2.1485500e+01
   2.1497112e+01
   2.1524494e+01
   2.1540239e+01
   2.1559747e+01
   2.1578092e+01
   2.1592582e+01
   2.1609961e+01
   2.1629224e+01
   2.1644188e+01
   2.1661779e+01
   2.1678633e+01
   2.1698891e+01
   2.1719161e+01
   2.1737398e+01
   2.1755308e+01
   2.1771744e+01
   2.1788749e+01
   2.1806309e+01
   2.1824467e+01
   2.1839602e+01
   2.1855664e+01
   2.1898409e+01
   2.1912800e+01
   2.1935035e+01
   2.1987301e+01
   2.2004646e+01
   2.2023490e+01
   2.2038804e+01
   2.2076856e+01
   2.2094080e+01
   2.2115537e+01
   2.2139700e+01
   2.2184652e+01
   2.2202405e+01
   2.2220678e+01
   2.2241348e+01
   2.2259808e+01
   2.2281718e+01
   2.2304828e+01
   2.2325096e+01
   2.2346052e+01
   2.2365577e+01
   2.2385920e+01
   2.2406774e+01
   2.2425180e+01
   2.2460987e+01
   2.2477983e+01
   2.2493138e+01
   2.2513493e+01
   2.2536178e+01
   2.2555416e+01
   2.2577871e+01
   2.2599367e+01
   2.2623195e+01
   2.2644118e+01
   2.2668125e+01
   2.2692801e+01
   2.2732739e+01
   2.2785269e+01
   2.2809404e+01
   2.2832024e+01
   2.2858783e+01
   2.2875226e+01
   2.2893743e+01
   2.2912727e+01
   2.2932748e+01
   2.2953486e+01
   2.2973870e+01
   2.2993286e+01
   2.3015426e+01
   2.3036341e+01
   2.3058182e+01
   2.3079067e+01
   2.3098524e+01
   2.3141195e+01
   2.3158330e+01
   2.3176828e+01
   2.3194645e+01
   2.3215056e+01
   2.3237789e+01
   2.3259649e+01
   2.3278536e+01
   2.3321797e+01
   2.3334099e+01
   2.3353933e+01
   2.3399151e+01
   2.3415288e+01
   2.3432694e+01
   2.3447847e+01
   2.3465109e+01
   2.3482649e+01
   2.3501014e+01
   2.3519571e+01
   2.3565901e+01
   2.3580652e+01
   2.3597064e+01
   2.3621017e+01
   2.3646062e+01
   2.3666249e+01
   2.3719450e+01
   2.3735133e+01
   2.3750480e+01
   2.3766222e+01
   2.3800537e+01
   2.3816838e+01
   2.3833345e+01
   2.3848722e+01
   2.3868157e+01
   2.3888291e+01
   2.3907064e+01
   2.3927217e+01
   2.3948442e+01
   2.3965938e+01
   2.3980127e+01
   2.3998235e+01
   2.4016597e+01
   2.4037260e+01
   2.4056427e+01
   2.4074136e+01
   2.4114511e+01
   2.4131311e+01
   2.4147373e+01
   2.4163831e+01
   2.4180315e+01
   2.4196958e+01
   2.4215381e+01
   2.4232557e+01
   2.4275185e+01
   2.4306757e+01
   2.4323371e+01
   2.4339957e+01
   2.4357254e+01
   2.4376925e+01
   2.4394784e+01
   2.4434213e+01
   2.4451731e+01
   2.4466262e+01
   2.4483329e+01
   2.4516087e+01
   2.4533502e+01
   2.4551667e+01
   2.4567428e+01
   2.4583435e+01
   2.4600012e+01
   2.4620749e+01
   2.4635663e+01
   2.4682585e+01
   2.4698106e+01
   2.4737461e+01
   2.4754943e+01
   2.4794588e+01
   2.4814278e+01
   2.4834115e+01
   2.4853350e+01
   2.4875630e+01
   2.4887775e+01
   2.4901187e+01
   2.4949450e+01
   2.4963147e+01
   2.4992660e+01
   2.5019601e+01
