   1.6862714e-01
   4.1172256e-01
   6.2970119e-01
   7.5853244e-01
   1.4980422e+00
   1.6076002e+00
   1.8298665e+00
   2.2808481e+00
   2.4285029e+00
   2.6101280e+00
   2.8433105e+00
   3.2622146e+00
   3.8686726e+00
   4.0053872e+00
   4.3990363e+00
   4.5443582e+00
   4.7715305e+00
   5.1901920e+00
   5.4977604e+00
   5.6238296e+00
   6.0629342e+00
   6.3262000e+00
   6.3963482e+00
   6.5260996e+00
   6.6446168e+00
   6.8389177e+00
   7.0052753e+00
   7.1387716e+00
   7.6816999e+00
   7.8282681e+00
   7.9132432e+00
   8.0218989e+00
   8.2359198e+00
   8.3549388e+00
   8.7735448e+00
   9.2983195e+00
   9.4484547e+00
   1.0010610e+01
   1.0389818e+01
   1.0759589e+01
   1.1069242e+01
   1.1304612e+01
   1.1516928e+01
   1.1670125e+01
   1.2150048e+01
   1.2317435e+01
   1.2552930e+01
   1.2749881e+01
   1.2868600e+01
   1.2987754e+01
   1.3133941e+01
   1.3529040e+01
   1.3603257e+01
   1.3761133e+01
   1.4129901e+01
   1.4342128e+01
   1.4604383e+01
   1.4925182e+01
   1.5208404e+01
   1.5457317e+01
   1.5733362e+01
   1.5956157e+01
   1.6194670e+01
   1.6489043e+01
   1.6538390e+01
   1.7426631e+01
   1.7582852e+01
   1.7698942e+01
   1.7895940e+01
   1.8176297e+01
   1.8291732e+01
   1.8780011e+01
   1.8918147e+01
   1.9121849e+01
   1.9423502e+01
   1.9706954e+01
   2.0286462e+01
   2.0438454e+01
   2.0508010e+01
   2.0655483e+01
   2.0806389e+01
   2.0868022e+01
   2.1051431e+01
   2.1235529e+01
   2.1398710e+01
   2.1683951e+01
   2.2080497e+01
   2.2576098e+01
   2.3457124e+01
   2.3664670e+01
   2.3833492e+01
   2.4039487e+01
   2.4205716e+01
   2.4432589e+01
   2.4592320e+01
   2.4705605e+01
   2.5028164e+01
   2.5226688e+01
   2.5631469e+01
   2.6227789e+01
   2.6876959e+01
   2.7047152e+01
   2.7232752e+01
   2.8647216e+01
   2.8743250e+01
   2.9100216e+01
   2.9421639e+01
   2.9719376e+01
   2.9869820e+01
   3.0272491e+01
   3.0428166e+01
   3.0636162e+01
   3.0879596e+01
   3.1261778e+01
   3.1394775e+01
   3.1862678e+01
   3.1964655e+01
   3.2073870e+01
   3.2242122e+01
   3.2518705e+01
   3.2660128e+01
   3.2777321e+01
   3.3173227e+01
   3.3414238e+01
   3.3812300e+01
   3.4344192e+01
   3.4823845e+01
   3.4996409e+01
   3.5147830e+01
   3.5294002e+01
   3.5448027e+01
   3.5591937e+01
   3.5774417e+01
   3.6393220e+01
   3.6517655e+01
   3.6671383e+01
   3.6792774e+01
   3.6899824e+01
   3.7416664e+01
   3.8016165e+01
   3.8284793e+01
   3.8483372e+01
   3.8688440e+01
   3.8785044e+01
   3.9167209e+01
   3.9285017e+01
   3.9405294e+01
   3.9523458e+01
   3.9934143e+01
   4.0024795e+01
   4.0194604e+01
   4.0641437e+01
   4.0903426e+01
   4.1390973e+01
   4.1909329e+01
   4.2091823e+01
   4.2384008e+01
   4.2580927e+01
   4.2733510e+01
   4.3113979e+01
   4.3259405e+01
   4.3415607e+01
   4.3540854e+01
   4.4098494e+01
   4.4343300e+01
   4.4449211e+01
   4.4889150e+01
   4.5089655e+01
   4.5314330e+01
   4.5411053e+01
   4.5662797e+01
   4.5864879e+01
   4.6077093e+01
   4.6155968e+01
   4.6706963e+01
   4.6961691e+01
   4.7142663e+01
   4.7496308e+01
   4.7797006e+01
   4.8262973e+01
   4.8441482e+01
   4.8612276e+01
   4.8775985e+01
   4.9083812e+01
   4.9539537e+01
   4.9649178e+01
   4.9782394e+01
   4.9892240e+01
   5.0076880e+01
   5.0890979e+01
   5.0980916e+01
   5.1541040e+01
   5.1661512e+01
   5.1802704e+01
   5.1928643e+01
   5.2175363e+01
   5.2370761e+01
   5.3150567e+01
   5.3391140e+01
   5.4300417e+01
   5.4568184e+01
   5.4690450e+01
   5.4899050e+01
   5.5370022e+01
   5.5480491e+01
   5.5588208e+01
   5.5830100e+01
   5.6281407e+01
   5.6996987e+01
   5.7670188e+01
   5.7815573e+01
   5.7952957e+01
   5.8089287e+01
   5.8225024e+01
   5.8799781e+01
   5.8897892e+01
   5.9340173e+01
   5.9507661e+01
   5.9629064e+01
   5.9713597e+01
   6.0145779e+01
   6.0955301e+01
   6.1108470e+01
   6.1538493e+01
   6.1988082e+01
   6.2415851e+01
   6.2525320e+01
   6.2702523e+01
   6.3004575e+01
   6.3124550e+01
   6.3308100e+01
   6.3662023e+01
   6.3927665e+01
   6.4049571e+01
   6.4175532e+01
   6.4354507e+01
   6.4477932e+01
   6.4828496e+01
   6.4930192e+01
   6.5339099e+01
   6.5627630e+01
   6.6466467e+01
   6.6956722e+01
   6.7102175e+01
   6.7276793e+01
   6.7682044e+01
   6.7932619e+01
   6.8533139e+01
   6.8695734e+01
   6.8971712e+01
   6.9077265e+01
   6.9271222e+01
   6.9405401e+01
   6.9480816e+01
   6.9853008e+01
   7.0009701e+01
   7.0207792e+01
   7.0341437e+01
   7.0573620e+01
   7.0762037e+01
   7.1953761e+01
   7.2141184e+01
   7.2513375e+01
   7.3030332e+01
   7.3254745e+01
   7.4069821e+01
   7.4404157e+01
   7.4803973e+01
   7.5603564e+01
   7.5711108e+01
   7.6140878e+01
   7.6291661e+01
   7.6643973e+01
   7.6761376e+01
   7.7010187e+01
   7.7194077e+01
   7.7288261e+01
   7.7514330e+01
   7.7638058e+01
   7.7785353e+01
   7.8402512e+01
   7.8482679e+01
   7.8721088e+01
   7.8843742e+01
   7.9144884e+01
   7.9249688e+01
   7.9395265e+01
   7.9918502e+01
   7.9967958e+01
   8.0115850e+01
   8.0333591e+01
   8.0424212e+01
   8.0563220e+01
   8.0697138e+01
   8.0754975e+01
   8.0851031e+01
   8.1030522e+01
   8.1467553e+01
   8.1632754e+01
   8.1719625e+01
   8.2025660e+01
   8.2703214e+01
   8.2831115e+01
   8.2947806e+01
   8.3169261e+01
   8.3600393e+01
   8.3897716e+01
   8.4252170e+01
   8.4391076e+01
   8.4595840e+01
   8.5532661e+01
   8.5734615e+01
   8.5827120e+01
   8.6027432e+01
   8.6395494e+01
   8.6522091e+01
   8.6844074e+01
   8.6980109e+01
   8.7420797e+01
   8.7534981e+01
   8.7595362e+01
   8.7772175e+01
   8.8103974e+01
   8.8516355e+01
   8.8677008e+01
   8.8813857e+01
   8.9094665e+01
   8.9234334e+01
   8.9588843e+01
   8.9670506e+01
   8.9911989e+01
   9.0023790e+01
   9.0274279e+01
   9.0778008e+01
   9.0961246e+01
   9.1144229e+01
   9.1548868e+01
   9.1883090e+01
   9.1996356e+01
   9.2394908e+01
   9.2523896e+01
   9.2741654e+01
   9.2936302e+01
   9.3064901e+01
   9.4560709e+01
   9.4663070e+01
   9.5021614e+01
   9.5165368e+01
   9.5340832e+01
   9.5459874e+01
   9.5758309e+01
   9.5936119e+01
   9.6408851e+01
   9.6606646e+01
   9.7034593e+01
   9.7309214e+01
   9.7390026e+01
   9.7521600e+01
   9.7705701e+01
   9.7842093e+01
   9.8218783e+01
   9.8338409e+01
   9.8442921e+01
   9.8658459e+01
   9.9011091e+01
   9.9264270e+01
   9.9550613e+01
   1.0014497e+02
   1.0039519e+02
   1.0070710e+02
   1.0091924e+02
   1.0113670e+02
   1.0161167e+02
   1.0206540e+02
   1.0243516e+02
   1.0259933e+02
   1.0275375e+02
   1.0288773e+02
   1.0327558e+02
   1.0341196e+02
   1.0385131e+02
   1.0407765e+02
   1.0446712e+02
   1.0462438e+02
   1.0477135e+02
   1.0502974e+02
   1.0528157e+02
   1.0538573e+02
   1.0604413e+02
   1.0625932e+02
   1.0638444e+02
   1.0675983e+02
   1.0685428e+02
   1.0698966e+02
   1.0716547e+02
   1.0733077e+02
   1.0746239e+02
   1.0757792e+02
   1.0777120e+02
   1.0805985e+02
   1.0816239e+02
   1.0907754e+02
   1.0946034e+02
   1.0960236e+02
   1.0978457e+02
   1.1008590e+02
   1.1026195e+02
   1.1046629e+02
   1.1063791e+02
   1.1077323e+02
   1.1089678e+02
   1.1107605e+02
   1.1139283e+02
   1.1152116e+02
   1.1165957e+02
   1.1202670e+02
   1.1244136e+02
   1.1256871e+02
   1.1265093e+02
   1.1278299e+02
   1.1294479e+02
   1.1309082e+02
   1.1329900e+02
   1.1341402e+02
   1.1374320e+02
   1.1403807e+02
   1.1414422e+02
   1.1444519e+02
   1.1497934e+02
   1.1538794e+02
   1.1556791e+02
   1.1577955e+02
   1.1594712e+02
   1.1604222e+02
   1.1659569e+02
   1.1672527e+02
   1.1689109e+02
   1.1719977e+02
   1.1747910e+02
   1.1818302e+02
   1.1828804e+02
   1.1862822e+02
   1.1880036e+02
   1.1906426e+02
   1.1963921e+02
   1.1972114e+02
   1.1994020e+02
   1.2016976e+02
   1.2038116e+02
   1.2049248e+02
   1.2080222e+02
   1.2088352e+02
   1.2107151e+02
   1.2121683e+02
   1.2144975e+02
   1.2152964e+02
   1.2174783e+02
   1.2184138e+02
   1.2199681e+02
   1.2233731e+02
   1.2254977e+02
   1.2314100e+02
   1.2325166e+02
   1.2340265e+02
   1.2375014e+02
   1.2417715e+02
   1.2445354e+02
   1.2466394e+02
   1.2483958e+02
   1.2502000e+02
   1.2516633e+02
   1.2528758e+02
   1.2602973e+02
