   1.0424200e-01
   2.0173300e-01
   3.2778700e-01
   4.2472400e-01
   5.2021500e-01
   6.0476700e-01
   6.9039700e-01
   7.7516500e-01
   8.6008300e-01
   9.4463800e-01
   1.0247770e+00
   1.1061660e+00
   1.1875720e+00
   1.2694390e+00
   1.3521710e+00
   1.4344250e+00
   1.5170230e+00
   1.5997570e+00
   1.6889490e+00
   1.7757970e+00
   1.8535450e+00
   1.9308900e+00
   2.0080960e+00
   2.0853170e+00
   2.1629200e+00
   2.2400270e+00
   2.3179210e+00
   2.3951280e+00
   2.4722270e+00
   2.5490300e+00
   2.6239140e+00
   2.6987480e+00
   2.7735340e+00
   2.8486540e+00
   2.9233600e+00
   2.9990090e+00
   3.0740280e+00
   3.1489150e+00
   3.2235920e+00
   3.2983590e+00
   3.3733880e+00
   3.4483390e+00
   3.5234240e+00
   3.6005000e+00
   3.6775810e+00
   3.7545450e+00
   3.8318780e+00
   3.9086820e+00
   3.9861500e+00
   4.0632970e+00
   4.1402720e+00
   4.2152010e+00
   4.2898920e+00
   4.3650340e+00
   4.4398000e+00
   4.5147610e+00
   4.5895580e+00
   4.6650800e+00
   4.7399210e+00
   4.8154280e+00
   4.8901440e+00
   4.9648120e+00
   5.0394260e+00
   5.1141430e+00
   5.1888530e+00
   5.2634800e+00
   5.3385580e+00
   5.4135740e+00
   5.4892700e+00
   5.5641730e+00
   5.6395730e+00
   5.7146000e+00
   5.7894020e+00
   5.8644700e+00
   5.9394750e+00
   6.0141450e+00
   6.0890110e+00
   6.1645710e+00
   6.2392360e+00
   6.3141100e+00
   6.3888230e+00
   6.4635430e+00
   6.5384260e+00
   6.6131350e+00
   6.6882950e+00
   6.7632220e+00
   6.8385210e+00
   6.9130880e+00
   6.9878860e+00
   7.0627020e+00
   7.1373150e+00
   7.2123650e+00
   7.2871090e+00
   7.3622500e+00
   7.4372380e+00
   7.5129300e+00
   7.5876930e+00
   7.6631350e+00
   7.7378290e+00
   7.8126480e+00
   7.8873810e+00
   7.9619830e+00
   8.0368360e+00
   8.1115810e+00
   8.1871360e+00
   8.2617280e+00
   8.3370090e+00
   8.4117450e+00
   8.4866070e+00
   8.5615050e+00
   8.6383080e+00
   8.7153650e+00
   8.7920810e+00
   8.8690630e+00
   8.9460190e+00
   9.0240330e+00
   9.1010360e+00
   9.1779780e+00
   9.2550050e+00
   9.3312590e+00
   9.4060440e+00
   9.4807670e+00
   9.5557280e+00
   9.6304360e+00
   9.7057190e+00
   9.7804260e+00
   9.8550570e+00
   9.9298540e+00
   1.0004547e+01
   1.0079534e+01
   1.0154215e+01
   1.0229276e+01
   1.0303839e+01
   1.0379040e+01
   1.0453931e+01
   1.0528564e+01
   1.0603424e+01
   1.0678132e+01
   1.0752958e+01
   1.0827718e+01
   1.0902675e+01
   1.0977295e+01
   1.1052424e+01
   1.1127300e+01
   1.1201926e+01
   1.1276536e+01
   1.1351395e+01
   1.1426136e+01
   1.1500886e+01
   1.1575805e+01
   1.1650394e+01
   1.1725691e+01
   1.1800567e+01
   1.1875755e+01
   1.1950564e+01
   1.2025317e+01
   1.2100143e+01
   1.2175020e+01
   1.2250254e+01
   1.2327081e+01
   1.2403992e+01
   1.2480833e+01
   1.2558427e+01
   1.2635237e+01
   1.2712479e+01
   1.2789285e+01
   1.2866281e+01
   1.2941813e+01
   1.3016797e+01
   1.3091901e+01
   1.3167081e+01
   1.3242753e+01
   1.3318147e+01
   1.3393521e+01
   1.3468265e+01
   1.3542790e+01
   1.3617543e+01
   1.3692133e+01
   1.3767113e+01
   1.3841681e+01
   1.3916592e+01
   1.3991346e+01
   1.4066522e+01
   1.4141176e+01
   1.4215887e+01
   1.4290799e+01
   1.4367544e+01
   1.4444473e+01
   1.4521088e+01
   1.4598238e+01
   1.4675115e+01
   1.4752457e+01
   1.4829233e+01
   1.4906337e+01
   1.4983188e+01
   1.5059879e+01
   1.5134680e+01
   1.5211557e+01
   1.5288400e+01
   1.5365330e+01
   1.5442087e+01
   1.5518787e+01
   1.5595807e+01
   1.5672771e+01
   1.5750277e+01
   1.5827275e+01
   1.5904223e+01
   1.5981410e+01
   1.6057241e+01
   1.6132478e+01
   1.6209586e+01
   1.6286794e+01
   1.6363852e+01
   1.6441125e+01
   1.6518639e+01
   1.6596813e+01
   1.6674509e+01
   1.6751933e+01
   1.6829431e+01
   1.6905636e+01
   1.6981121e+01
   1.7056433e+01
   1.7132135e+01
   1.7209415e+01
   1.7287356e+01
   1.7364756e+01
   1.7442762e+01
   1.7520123e+01
   1.7597551e+01
   1.7675024e+01
   1.7752370e+01
   1.7830000e+01
   1.7907553e+01
   1.7985181e+01
   1.8062850e+01
   1.8140937e+01
   1.8218362e+01
   1.8296092e+01
   1.8373063e+01
   1.8449011e+01
   1.8523991e+01
   1.8599292e+01
   1.8675637e+01
   1.8753061e+01
   1.8830525e+01
   1.8907899e+01
   1.8985972e+01
   1.9063450e+01
   1.9141311e+01
   1.9219032e+01
   1.9296909e+01
   1.9374424e+01
   1.9451197e+01
   1.9526746e+01
   1.9601885e+01
   1.9677534e+01
   1.9754905e+01
   1.9832601e+01
   1.9909835e+01
   1.9987763e+01
   2.0065154e+01
   2.0142921e+01
   2.0220383e+01
   2.0297039e+01
   2.0372297e+01
   2.0447582e+01
   2.0522929e+01
   2.0598239e+01
   2.0673719e+01
   2.0748870e+01
   2.0826352e+01
   2.0904322e+01
   2.0977807e+01
   2.1053535e+01
   2.1129738e+01
   2.1204470e+01
   2.1278853e+01
   2.1353511e+01
   2.1427985e+01
   2.1502997e+01
   2.1577625e+01
   2.1652244e+01
   2.1727022e+01
   2.1801532e+01
   2.1876560e+01
   2.1951360e+01
   2.2026104e+01
   2.2100631e+01
   2.2175607e+01
   2.2249999e+01
   2.2324507e+01
   2.2399394e+01
   2.2475989e+01
   2.2552738e+01
   2.2629197e+01
   2.2706356e+01
   2.2783001e+01
   2.2860066e+01
   2.2936609e+01
   2.3013095e+01
   2.3089198e+01
   2.3163557e+01
   2.3238091e+01
   2.3312596e+01
   2.3387353e+01
   2.3461764e+01
   2.3537004e+01
   2.3611622e+01
   2.3686109e+01
   2.3760603e+01
   2.3835219e+01
   2.3909777e+01
   2.3984402e+01
   2.4059093e+01
   2.4133567e+01
   2.4208369e+01
   2.4282925e+01
   2.4357889e+01
   2.4432373e+01
   2.4506724e+01
   2.4581165e+01
   2.4655706e+01
   2.4730326e+01
   2.4806915e+01
   2.4883893e+01
   2.4960306e+01
   2.5036941e+01
   2.5113514e+01
   2.5190025e+01
   2.5264766e+01
   2.5339240e+01
   2.5414062e+01
   2.5488461e+01
   2.5563410e+01
   2.5637887e+01
   2.5712381e+01
   2.5786999e+01
   2.5861522e+01
   2.5936116e+01
   2.6010486e+01
   2.6085840e+01
   2.6160390e+01
   2.6235276e+01
   2.6309740e+01
   2.6384234e+01
   2.6458859e+01
   2.6533767e+01
   2.6608928e+01
   2.6685436e+01
   2.6762127e+01
   2.6838592e+01
   2.6915527e+01
   2.6992041e+01
   2.7068713e+01
   2.7145238e+01
   2.7219858e+01
   2.7294315e+01
   2.7368562e+01
   2.7443408e+01
   2.7518005e+01
   2.7593161e+01
   2.7667776e+01
   2.7742570e+01
   2.7817071e+01
   2.7891592e+01
   2.7966087e+01
   2.8040729e+01
   2.8115873e+01
   2.8190277e+01
   2.8265293e+01
   2.8339659e+01
   2.8414253e+01
   2.8488994e+01
   2.8565454e+01
   2.8642038e+01
   2.8718522e+01
   2.8795276e+01
   2.8871755e+01
   2.8948770e+01
   2.9025729e+01
   2.9102293e+01
   2.9178744e+01
   2.9253671e+01
   2.9328318e+01
   2.9402717e+01
   2.9477530e+01
   2.9551992e+01
   2.9627031e+01
   2.9701468e+01
   2.9776077e+01
   2.9850613e+01
   2.9925137e+01
   3.0000054e+01
   3.0074435e+01
   3.0149255e+01
   3.0223723e+01
   3.0298795e+01
   3.0373244e+01
   3.0447775e+01
   3.0522889e+01
   3.0597429e+01
   3.0672308e+01
   3.0747189e+01
   3.0822099e+01
   3.0896687e+01
   3.0972116e+01
   3.1046685e+01
   3.1121412e+01
   3.1196215e+01
   3.1271003e+01
   3.1345843e+01
   3.1420412e+01
   3.1495353e+01
   3.1572009e+01
   3.1649465e+01
   3.1726426e+01
   3.1803732e+01
   3.1880594e+01
   3.1957204e+01
   3.2033737e+01
   3.2108628e+01
   3.2183669e+01
   3.2258315e+01
   3.2333756e+01
   3.2408438e+01
   3.2483767e+01
   3.2558330e+01
   3.2633052e+01
   3.2707799e+01
   3.2782373e+01
   3.2857333e+01
   3.2932132e+01
   3.3007348e+01
   3.3082207e+01
   3.3157001e+01
   3.3231684e+01
   3.3306370e+01
   3.3381270e+01
   3.3456001e+01
   3.3531057e+01
   3.3605763e+01
   3.3681121e+01
   3.3755880e+01
   3.3831039e+01
   3.3905601e+01
   3.3980162e+01
   3.4055319e+01
   3.4130072e+01
   3.4205028e+01
   3.4279801e+01
   3.4361064e+01
   3.4443770e+01
   3.4522329e+01
   3.4600912e+01
   3.4680017e+01
   3.4758557e+01
   3.4837743e+01
   3.4916479e+01
   3.4991604e+01
   3.5066776e+01
   3.5141827e+01
   3.5217688e+01
   3.5292720e+01
   3.5368296e+01
   3.5443399e+01
   3.5519156e+01
   3.5594717e+01
   3.5669837e+01
   3.5744867e+01
   3.5819853e+01
   3.5895625e+01
   3.5971232e+01
   3.6047050e+01
