   3.2274195e-01
   4.4840438e-01
   4.8097984e+00
   5.0764132e+00
   5.1686937e+00
   5.2110372e+00
   6.5890408e+00
   7.1904721e+00
   7.6414489e+00
   7.7964718e+00
   1.0134513e+01
   1.1040766e+01
   1.2080683e+01
   1.2084022e+01
   1.2089622e+01
   1.2694044e+01
   1.2764518e+01
   1.2927287e+01
   1.2932216e+01
   1.2941616e+01
   1.3652800e+01
   1.3656672e+01
   1.3657969e+01
   1.5244298e+01
   1.5337664e+01
   1.5345345e+01
   1.5812134e+01
   1.8708922e+01
   1.8891687e+01
   1.8956046e+01
   1.8956046e+01
   1.8985909e+01
   1.9098523e+01
   2.1121257e+01
   2.1550002e+01
   2.1658947e+01
   2.1813108e+01
   2.1834065e+01
   2.2662947e+01
   2.2742912e+01
   2.2744197e+01
   2.2830295e+01
   2.3511927e+01
   2.3524271e+01
   2.3668866e+01
   2.3882787e+01
   2.3959415e+01
   2.4292390e+01
   2.4871392e+01
   2.5258016e+01
   2.6127640e+01
   2.6327746e+01
   2.7097401e+01
   2.7841242e+01
   3.0983518e+01
   3.0989445e+01
   3.1601253e+01
   3.1615961e+01
   3.2135345e+01
   3.2144826e+01
   3.2626592e+01
   3.2632730e+01
   3.3128556e+01
   3.3133798e+01
   3.3344784e+01
   3.3344784e+01
   3.3829531e+01
   3.4074202e+01
   3.4145592e+01
   3.4148861e+01
   3.4265912e+01
   3.4909392e+01
   3.4933450e+01
   3.4982326e+01
   3.6974652e+01
   3.6974652e+01
   3.6979592e+01
   3.7096791e+01
   3.7189108e+01
   3.7191126e+01
   3.7192383e+01
   3.7221939e+01
   3.7241003e+01
   4.0216984e+01
   4.0923941e+01
   4.0923941e+01
   4.0991106e+01
   4.1184786e+01
   4.1493573e+01
   4.1495385e+01
   4.1690194e+01
   4.1737423e+01
   4.2643894e+01
   4.2960483e+01
   4.3126275e+01
   4.3407244e+01
   4.3427011e+01
   4.4097332e+01
   4.4306457e+01
   4.4420579e+01
   4.4420579e+01
   4.4836459e+01
   4.6189473e+01
   4.8312536e+01
   4.8390151e+01
   4.8429369e+01
   4.8433109e+01
   4.8557314e+01
   4.8651324e+01
   4.9068459e+01
   4.9068729e+01
   4.9230824e+01
   5.0826201e+01
   5.1635263e+01
   5.2379591e+01
   5.2460213e+01
   5.2708693e+01
   5.3898379e+01
   5.4215268e+01
   5.4691348e+01
   5.5025661e+01
   5.6218909e+01
   5.6225014e+01
   5.6225436e+01
   5.6966140e+01
   5.7812915e+01
   5.8225778e+01
   5.8397764e+01
   5.8418445e+01
   5.8447237e+01
   5.8462207e+01
   5.8719464e+01
   5.9424713e+01
   6.0035555e+01
   6.0220689e+01
   6.0699209e+01
   6.1774728e+01
   6.1789097e+01
   6.1791008e+01
   6.2055543e+01
   6.2331652e+01
   6.2495643e+01
   6.2616958e+01
   6.3197971e+01
   6.3814505e+01
   6.3931281e+01
   6.3963183e+01
   6.4209775e+01
   6.4329264e+01
   6.5309754e+01
   6.5365392e+01
   6.6206330e+01
   6.7394007e+01
   6.7973441e+01
   6.8539639e+01
   6.9009876e+01
   6.9159288e+01
   6.9225969e+01
   6.9287676e+01
   6.9696957e+01
   7.0798295e+01
   7.0840676e+01
   7.1159501e+01
   7.3456572e+01
   7.3509593e+01
   7.3514708e+01
   7.3604348e+01
   7.3717661e+01
   7.3813829e+01
   7.3921864e+01
   7.3963210e+01
   7.3964859e+01
   7.3967734e+01
   7.5067761e+01
   7.5164409e+01
   7.5196567e+01
   7.5196567e+01
   7.5235904e+01
   7.5576913e+01
   7.5710553e+01
   7.6967396e+01
   7.7094559e+01
   7.9091977e+01
   7.9557325e+01
   7.9953238e+01
   8.1075493e+01
   8.1419313e+01
   8.1564351e+01
   8.2913061e+01
   8.3037956e+01
   8.3193537e+01
   8.3231126e+01
   8.3385975e+01
   8.3387727e+01
   8.3389161e+01
   8.4152207e+01
   8.4155918e+01
   8.4273422e+01
   8.4400368e+01
   8.4934401e+01
   8.5544802e+01
   8.5636849e+01
   8.5636849e+01
   8.5905510e+01
   8.6052089e+01
   8.6110240e+01
   9.0176037e+01
   9.0188062e+01
   9.0426945e+01
   9.0444332e+01
   9.0854325e+01
   9.0872515e+01
   9.1279525e+01
   9.3495669e+01
   9.3513767e+01
   9.3532003e+01
   9.3686900e+01
   9.3725338e+01
   9.3893796e+01
   9.3955108e+01
   9.3958348e+01
   9.5164893e+01
   9.5176885e+01
   9.5180629e+01
   9.6039945e+01
   9.6445550e+01
   9.6488585e+01
   9.6502786e+01
   9.6522793e+01
   9.6522793e+01
   9.7984773e+01
   9.7987067e+01
   9.8254096e+01
   9.9230997e+01
   9.9253133e+01
   9.9524218e+01
   9.9628713e+01
   9.9920810e+01
   9.9924775e+01
   1.0010081e+02
   1.0038772e+02
   1.0062361e+02
   1.0063141e+02
   1.0079207e+02
   1.0109768e+02
   1.0124853e+02
   1.0172074e+02
   1.0182095e+02
   1.0182929e+02
   1.0182959e+02
   1.0184658e+02
   1.0276653e+02
   1.0337431e+02
   1.0344024e+02
   1.0361194e+02
   1.0424249e+02
   1.0424249e+02
   1.0499255e+02
   1.0506237e+02
   1.0506237e+02
   1.0506648e+02
   1.0605584e+02
   1.0619143e+02
   1.0636649e+02
   1.0640559e+02
   1.0640629e+02
   1.0663191e+02
   1.0665075e+02
   1.0673097e+02
   1.0681311e+02
   1.0812118e+02
   1.0838703e+02
   1.0863444e+02
   1.0870437e+02
   1.0870437e+02
   1.0881474e+02
   1.0889130e+02
   1.1044842e+02
   1.1084602e+02
   1.1119563e+02
   1.1218059e+02
   1.1222691e+02
   1.1227841e+02
   1.1231742e+02
   1.1352248e+02
   1.1362482e+02
   1.1429932e+02
   1.1553503e+02
   1.1553618e+02
   1.1632392e+02
   1.1632436e+02
   1.1645809e+02
   1.1683138e+02
   1.1774603e+02
   1.1820910e+02
   1.1824421e+02
   1.1825076e+02
   1.1852531e+02
   1.1884975e+02
   1.1901520e+02
   1.1949090e+02
   1.1954489e+02
   1.2056830e+02
   1.2074008e+02
   1.2099149e+02
   1.2138860e+02
   1.2139223e+02
   1.2224903e+02
   1.2460758e+02
   1.2460856e+02
   1.2498740e+02
   1.2511698e+02
   1.2513388e+02
   1.2609077e+02
   1.2659067e+02
   1.2723106e+02
   1.2723653e+02
   1.2743788e+02
   1.2744522e+02
   1.2756270e+02
   1.2869710e+02
   1.2932587e+02
   1.3086502e+02
   1.3088390e+02
   1.3095155e+02
   1.3095881e+02
   1.3095881e+02
   1.3217706e+02
   1.3232687e+02
   1.3238264e+02
   1.3246957e+02
   1.3260538e+02
   1.3286230e+02
   1.3291573e+02
   1.3302377e+02
   1.3303169e+02
   1.3303189e+02
   1.3304927e+02
   1.3304927e+02
   1.3304927e+02
   1.3306054e+02
   1.3605359e+02
   1.3611794e+02
   1.3612459e+02
   1.3668248e+02
   1.3673401e+02
   1.3681376e+02
   1.3744398e+02
   1.3765908e+02
   1.3767555e+02
   1.3768908e+02
   1.3768908e+02
   1.3781742e+02
   1.3784173e+02
   1.3809017e+02
   1.3810374e+02
   1.3841625e+02
   1.3841832e+02
   1.3974329e+02
   1.3975608e+02
   1.3976022e+02
   1.3976022e+02
   1.3985902e+02
   1.4048691e+02
   1.4062579e+02
   1.4071196e+02
   1.4074470e+02
   1.4151040e+02
   1.4152640e+02
   1.4152957e+02
   1.4250075e+02
   1.4260512e+02
   1.4261130e+02
   1.4261860e+02
   1.4261962e+02
   1.4273334e+02
   1.4289009e+02
   1.4600816e+02
   1.4610053e+02
   1.4634623e+02
   1.4645551e+02
   1.4645551e+02
   1.4645651e+02
   1.4689241e+02
   1.4712510e+02
   1.4741817e+02
   1.4779555e+02
   1.4782706e+02
   1.4850293e+02
   1.4882001e+02
   1.4971016e+02
   1.4986643e+02
   1.5077908e+02
   1.5102075e+02
   1.5125070e+02
   1.5136627e+02
   1.5140854e+02
   1.5229527e+02
   1.5284893e+02
   1.5329109e+02
   1.5360745e+02
   1.5412942e+02
   1.5412997e+02
   1.5412997e+02
   1.5437323e+02
   1.5458589e+02
   1.5472596e+02
   1.5472817e+02
   1.5496953e+02
   1.5497065e+02
   1.5529152e+02
   1.5594248e+02
   1.5654358e+02
   1.5849934e+02
   1.5873017e+02
   1.5966395e+02
   1.5966657e+02
   1.5970151e+02
   1.6020550e+02
   1.6093207e+02
   1.6218524e+02
   1.6243883e+02
   1.6243969e+02
   1.6332421e+02
   1.6438645e+02
   1.6438645e+02
   1.6438645e+02
   1.6532156e+02
   1.6532156e+02
   1.6547361e+02
   1.6550033e+02
   1.6566032e+02
   1.6566032e+02
   1.6575069e+02
   1.6575973e+02
   1.6583673e+02
   1.6723191e+02
   1.6723550e+02
   1.6758102e+02
   1.6808511e+02
   1.6809437e+02
   1.6878268e+02
   1.6937410e+02
   1.6946947e+02
   1.6946981e+02
   1.6947646e+02
   1.6947646e+02
   1.7060652e+02
   1.7063098e+02
   1.7064436e+02
   1.7072045e+02
   1.7072629e+02
   1.7073007e+02
   1.7127733e+02
   1.7189520e+02
   1.7198952e+02
   1.7596357e+02
   1.7671545e+02
   1.7678873e+02
   1.7795258e+02
   1.7904448e+02
   1.7913643e+02
   1.7920053e+02
   1.7980175e+02
   1.7989702e+02
   1.8008585e+02
   1.8068211e+02
   1.8071438e+02
   1.8075408e+02
   1.8077098e+02
   1.8085263e+02
   1.8110113e+02
   1.8163800e+02
   1.8169443e+02
   1.8213663e+02
   1.8226590e+02
   1.8228738e+02
   1.8230110e+02
   1.8251980e+02
   1.8272556e+02
   1.8289838e+02
   1.8295221e+02
   1.8357115e+02
   1.8541115e+02
   1.8541115e+02
   1.8543816e+02
   1.8768522e+02
   1.8797304e+02
   1.8803112e+02
   1.8804270e+02
   1.8804270e+02
   1.8873359e+02
   1.8874523e+02
   1.8897523e+02
   1.8897523e+02
   1.8942407e+02
   1.8958270e+02
   1.8971941e+02
   1.8992408e+02
   1.9014710e+02
   1.9093085e+02
   1.9249117e+02
   1.9253986e+02
   1.9386630e+02
   1.9386756e+02
   1.9628726e+02
   1.9687635e+02
   1.9898708e+02
   1.9986275e+02
   2.0732246e+02
   2.0831546e+02
   2.0832705e+02
   2.1090505e+02
   2.1338468e+02
   2.1349324e+02
   2.1548068e+02
   2.1586098e+02
   2.1589519e+02
   2.2179180e+02
   2.2224596e+02
   2.2310425e+02
   2.2363771e+02
   2.2368184e+02
   2.2376402e+02
   2.2455919e+02
   2.2483011e+02
   2.2677409e+02
   2.3198659e+02
   2.3253341e+02
   2.3302490e+02
   2.3326627e+02
   2.3565425e+02
   2.3639702e+02
   2.3824950e+02
   2.3869163e+02
   2.3882204e+02
   2.4041232e+02
   2.4687316e+02
   2.4693013e+02
   2.4701005e+02
   2.4765086e+02
   2.4863458e+02
   2.4931917e+02
   2.5014431e+02
   2.5037442e+02
   2.5375516e+02
   2.5616583e+02
   2.5672414e+02
   2.5783998e+02
   2.6113861e+02
   2.6191831e+02
   2.6198656e+02
   2.6200306e+02
   2.6201155e+02
   2.6266658e+02
   2.6304939e+02
   2.6318824e+02
   2.6528003e+02
   2.6822690e+02
   2.6834535e+02
   2.7081328e+02
   2.7122764e+02
   2.7127336e+02
   2.7285003e+02
   2.7326990e+02
   2.7467392e+02
   2.7670259e+02
   2.7670457e+02
   2.7842900e+02
   2.7977738e+02
   2.8000187e+02
   2.8340623e+02
   2.8481455e+02
   2.8488464e+02
   2.8504541e+02
   2.8703161e+02
   2.8718753e+02
   2.8774727e+02
   2.9135959e+02
   2.9425615e+02
   2.9652757e+02
   2.9705683e+02
   3.0063361e+02
   3.0094472e+02
   3.0100494e+02
   3.0155862e+02
   3.0163852e+02
   3.0279572e+02
   3.0309798e+02
   3.0362095e+02
   3.0386052e+02
   3.0619749e+02
   3.0661702e+02
   3.0722355e+02
   3.0820622e+02
   3.0867773e+02
   3.0869905e+02
   3.0885801e+02
   3.0906286e+02
   3.1487615e+02
   3.1612902e+02
   3.1700009e+02
   3.1803708e+02
   3.1821527e+02
   3.1855958e+02
   3.1867629e+02
   3.2699183e+02
   3.2994251e+02
   3.3070800e+02
   3.3359405e+02
   3.3360181e+02
   3.3518208e+02
   3.3537243e+02
   3.3778197e+02
   3.3781592e+02
   3.3783177e+02
   3.4081810e+02
   3.4335937e+02
   3.4336783e+02
   3.4972409e+02
   3.5000661e+02
   3.5012587e+02
   3.5080279e+02
   3.5177722e+02
   3.5178575e+02
   3.5197394e+02
   3.5575021e+02
   3.5898056e+02
   3.5984584e+02
   3.6276926e+02
   3.6384085e+02
   3.6404770e+02
   3.6404777e+02
   3.6404777e+02
   3.6411226e+02
   3.6714076e+02
   3.6902308e+02
   3.6988365e+02
   3.7398516e+02
   3.7434794e+02
   3.7452065e+02
   3.7733403e+02
   3.7751086e+02
   3.8107800e+02
   3.8137325e+02
   3.8189317e+02
   3.8191781e+02
   3.8219625e+02
   3.8369218e+02
   3.8412925e+02
   3.8425447e+02
   3.8572617e+02
   3.8666100e+02
   3.8666100e+02
   3.8777322e+02
   3.8868842e+02
   3.8926741e+02
   3.8930456e+02
   3.9404229e+02
   3.9488215e+02
   3.9536117e+02
   3.9537082e+02
   3.9613485e+02
   3.9806801e+02
   3.9899690e+02
   3.9971773e+02
   4.0204344e+02
   4.0239143e+02
   4.0392610e+02
   4.0645410e+02
   4.0646954e+02
   4.0663583e+02
   4.0839135e+02
   4.0893568e+02
   4.0917011e+02
   4.1190285e+02
   4.1419195e+02
   4.1866603e+02
   4.1883432e+02
   4.1932045e+02
   4.1949321e+02
   4.2068428e+02
   4.2180146e+02
   4.2214725e+02
   4.2325551e+02
   4.2369749e+02
   4.2421191e+02
   4.2662308e+02
   4.2672372e+02
   4.3042987e+02
   4.3200276e+02
   4.3510825e+02
   4.3592057e+02
   4.3812748e+02
   4.3912569e+02
   4.3917471e+02
   4.3937813e+02
   4.3985712e+02
   4.4014924e+02
   4.4053410e+02
   4.4100618e+02
   4.4237222e+02
   4.4256829e+02
   4.4323931e+02
   4.4355237e+02
   4.4383414e+02
   4.4593850e+02
   4.4956059e+02
   4.5018087e+02
   4.5096546e+02
   4.5148751e+02
   4.5911176e+02
   4.5959218e+02
   4.5959272e+02
   4.5989135e+02
   4.6125688e+02
   4.6148197e+02
   4.6161691e+02
   4.6186924e+02
   4.6227947e+02
   4.6325837e+02
   4.6486332e+02
   4.6557363e+02
   4.6580819e+02
   4.6652348e+02
   4.6718906e+02
   4.7492901e+02
   4.7501395e+02
   4.7506005e+02
   4.7633311e+02
   4.8006380e+02
   4.8013855e+02
   4.8015466e+02
   4.8138206e+02
   4.8260061e+02
   4.8303124e+02
   4.8311861e+02
   4.8391421e+02
   4.8473369e+02
   4.8501743e+02
   4.8555419e+02
   4.8583986e+02
   4.8759394e+02
   4.8791162e+02
   4.9073508e+02
   4.9088825e+02
   4.9105848e+02
   4.9169364e+02
   4.9215594e+02
   4.9240678e+02
   4.9365470e+02
   4.9713913e+02
   4.9863153e+02
   4.9874029e+02
   4.9881189e+02
   5.0000663e+02
   5.0001280e+02
   5.0037071e+02
   5.0158711e+02
   5.0245074e+02
   5.0456576e+02
   5.0498841e+02
   5.0769800e+02
   5.1091522e+02
   5.1115107e+02
   5.1119322e+02
   5.1179048e+02
   5.1184140e+02
   5.1254062e+02
   5.1255431e+02
   5.1315662e+02
   5.1374941e+02
   5.1530539e+02
   5.1670117e+02
   5.1793242e+02
   5.1816354e+02
   5.1892799e+02
   5.2054242e+02
   5.2104154e+02
   5.2186702e+02
   5.2356918e+02
   5.2794411e+02
   5.2835880e+02
   5.3210972e+02
   5.3266119e+02
   5.3372882e+02
   5.3372882e+02
   5.3404619e+02
   5.3429627e+02
   5.3883655e+02
   5.3976254e+02
   5.4055770e+02
   5.4071814e+02
   5.4146239e+02
   5.4180779e+02
   5.4187193e+02
   5.4193723e+02
   5.4316560e+02
   5.4326752e+02
   5.4732879e+02
   5.4768864e+02
   5.4841396e+02
   5.4947406e+02
   5.5099894e+02
   5.5239009e+02
   5.5279780e+02
   5.5891986e+02
   5.5943934e+02
   5.6084619e+02
   5.6294635e+02
   5.6301324e+02
   5.6535244e+02
   5.6540195e+02
   5.6542785e+02
   5.6574744e+02
   5.6608591e+02
   5.6746449e+02
   5.6750364e+02
   5.7024946e+02
   5.7025227e+02
   5.7055085e+02
   5.7540118e+02
   5.7654913e+02
   5.7716998e+02
   5.8096318e+02
   5.8381370e+02
   5.8506281e+02
   5.8536615e+02
   5.8694905e+02
   5.8712754e+02
   5.8725104e+02
   5.8859016e+02
   5.8953028e+02
   5.9090362e+02
   5.9339109e+02
   5.9343005e+02
   5.9449108e+02
   5.9522960e+02
   5.9525773e+02
   5.9567810e+02
   5.9567913e+02
   5.9580556e+02
   5.9611637e+02
   5.9614775e+02
   5.9643094e+02
   5.9795366e+02
   5.9847080e+02
   6.0086322e+02
   6.0216284e+02
   6.0466541e+02
   6.0599613e+02
   6.0628988e+02
   6.0639625e+02
   6.0768357e+02
   6.0900890e+02
   6.0970002e+02
   6.1456119e+02
   6.1569494e+02
   6.1596052e+02
   6.1634591e+02
   6.1696663e+02
   6.1703307e+02
   6.1785556e+02
   6.1812786e+02
   6.2214761e+02
   6.2339969e+02
   6.2341802e+02
   6.2464585e+02
   6.2528324e+02
   6.2568731e+02
   6.2708754e+02
   6.2802361e+02
   6.2841124e+02
   6.2845207e+02
   6.2867141e+02
   6.2938744e+02
   6.3083541e+02
   6.3130375e+02
   6.3134914e+02
   6.3397958e+02
   6.3503551e+02
   6.3713131e+02
   6.3754564e+02
   6.3954912e+02
   6.4192262e+02
   6.4232486e+02
   6.4439062e+02
   6.4561303e+02
   6.4583190e+02
   6.4786590e+02
   6.4990617e+02
   6.5003708e+02
   6.5054794e+02
   6.5797065e+02
   6.5897759e+02
   6.5962567e+02
   6.6020510e+02
   6.6048166e+02
   6.6108982e+02
   6.6157325e+02
   6.6193283e+02
   6.6194008e+02
   6.6348765e+02
   6.6683056e+02
   6.6898730e+02
   6.7008397e+02
   6.7012524e+02
   6.7156759e+02
   6.7156759e+02
   6.7259362e+02
   6.7390340e+02
   6.8194506e+02
   6.8268416e+02
   6.8277016e+02
   6.8293824e+02
   6.8460045e+02
   6.8467429e+02
   6.8763238e+02
   6.8840082e+02
   6.8903814e+02
   6.8976794e+02
   6.9064459e+02
   6.9067217e+02
   6.9079612e+02
   6.9084192e+02
   6.9142126e+02
   6.9142126e+02
   6.9251446e+02
   6.9284394e+02
   6.9839808e+02
   6.9844866e+02
   6.9881727e+02
   7.0280349e+02
   7.0650078e+02
   7.0706962e+02
   7.0859696e+02
   7.0877301e+02
   7.1090064e+02
   7.1183018e+02
   7.1221375e+02
   7.1318516e+02
   7.1460487e+02
   7.1558802e+02
   7.1562555e+02
   7.1581303e+02
   7.1823371e+02
   7.1920655e+02
   7.1931377e+02
   7.1935482e+02
   7.2547528e+02
   7.2565023e+02
   7.2716318e+02
   7.2956769e+02
   7.2999670e+02
   7.3224902e+02
   7.3229260e+02
   7.3395779e+02
   7.3455654e+02
   7.3457778e+02
   7.3472210e+02
   7.3601546e+02
   7.3793521e+02
   7.3842329e+02
   7.3943932e+02
   7.4105169e+02
   7.4161141e+02
   7.4179734e+02
   7.4194101e+02
   7.4200621e+02
   7.4510827e+02
   7.4698975e+02
   7.4851158e+02
   7.4874079e+02
   7.4876078e+02
   7.4885934e+02
   7.4911648e+02
   7.5086597e+02
   7.5707129e+02
   7.5738438e+02
   7.5738438e+02
   7.5811390e+02
   7.5814528e+02
   7.5997876e+02
   7.6176027e+02
   7.6306368e+02
   7.6322013e+02
   7.6360693e+02
   7.6382901e+02
   7.6537043e+02
   7.6537043e+02
   7.6537043e+02
   7.6604045e+02
   7.6642136e+02
   7.7033565e+02
   7.7773693e+02
   7.7794567e+02
   7.7902798e+02
   7.7955007e+02
   7.8147818e+02
   7.8183831e+02
