   4.9080922e-02
   5.3532942e-01
   9.8809998e-01
   1.0569521e+00
   1.1999636e+00
   1.5631668e+00
   1.7465483e+00
   2.1025502e+00
   2.3688594e+00
   2.7199668e+00
   2.9969027e+00
   3.4856430e+00
   3.7454121e+00
   3.7940582e+00
   4.0040622e+00
   4.2848764e+00
   4.4507804e+00
   4.5446738e+00
   4.6030854e+00
   4.8601530e+00
   5.0931041e+00
   5.1476174e+00
   5.4462553e+00
   5.6771234e+00
   5.7703018e+00
   5.9533312e+00
   6.2841549e+00
   6.6503045e+00
   6.8574667e+00
   7.0015432e+00
   7.1385039e+00
   7.2018975e+00
   7.6520177e+00
   7.9117610e+00
   8.1771478e+00
   8.3584968e+00
   8.5158398e+00
   8.8129284e+00
   9.0392275e+00
   9.1114730e+00
   9.1798741e+00
   9.3583609e+00
   9.6304707e+00
   9.6968473e+00
   9.9143932e+00
   1.0125878e+01
   1.0361407e+01
   1.0710306e+01
   1.1051384e+01
   1.1188224e+01
   1.1544573e+01
   1.1888904e+01
   1.2097480e+01
   1.2489173e+01
   1.2885118e+01
   1.3076472e+01
   1.3351902e+01
   1.3614924e+01
   1.3802922e+01
   1.3993366e+01
   1.4152868e+01
   1.4392132e+01
   1.4593870e+01
   1.4707508e+01
   1.4809677e+01
   1.4949011e+01
   1.5085285e+01
   1.5216564e+01
   1.5295504e+01
   1.5379691e+01
   1.5559765e+01
   1.5758099e+01
   1.5900798e+01
   1.6338742e+01
   1.6632827e+01
   1.6762964e+01
   1.6837263e+01
   1.7025454e+01
   1.7091990e+01
   1.7123635e+01
   1.7241054e+01
   1.7261039e+01
   1.7759583e+01
   1.8027335e+01
   1.8193906e+01
   1.8246460e+01
   1.8319258e+01
   1.8466577e+01
   1.8593884e+01
   1.8741200e+01
   1.8932092e+01
   1.9257977e+01
   1.9650277e+01
   1.9889441e+01
   2.0021602e+01
   2.0144324e+01
   2.0429308e+01
   2.0734866e+01
   2.0821300e+01
   2.0894018e+01
   2.1023443e+01
   2.1248284e+01
   2.1518241e+01
   2.1824169e+01
   2.1928995e+01
   2.1996386e+01
   2.2162870e+01
   2.2327656e+01
   2.2556395e+01
   2.2750132e+01
   2.2844034e+01
   2.3103004e+01
   2.3635922e+01
   2.4049374e+01
   2.4364943e+01
   2.4436628e+01
   2.4843904e+01
   2.5019686e+01
   2.5103408e+01
   2.5442086e+01
   2.5860754e+01
   2.6187292e+01
   2.6290251e+01
   2.6497469e+01
   2.6733537e+01
   2.7141366e+01
   2.7422499e+01
   2.7593815e+01
   2.7695676e+01
   2.7795422e+01
   2.7923291e+01
   2.8110660e+01
   2.8525773e+01
   2.8811839e+01
   2.8909501e+01
   2.9155165e+01
   2.9413449e+01
   2.9457721e+01
   2.9661208e+01
   2.9934844e+01
   3.0030347e+01
   3.0252432e+01
   3.0550802e+01
   3.0639250e+01
   3.0856716e+01
   3.1013877e+01
   3.1102272e+01
   3.1293914e+01
   3.1510199e+01
   3.1835545e+01
   3.2014916e+01
   3.2489577e+01
   3.2632956e+01
   3.2763660e+01
   3.2897033e+01
   3.3191666e+01
   3.3372579e+01
   3.3539291e+01
   3.3784728e+01
   3.3984930e+01
   3.4219150e+01
   3.4452976e+01
   3.4980253e+01
   3.5318116e+01
   3.5392213e+01
   3.5520585e+01
   3.5682400e+01
   3.5757376e+01
   3.5873154e+01
   3.5971893e+01
   3.6042929e+01
   3.6058424e+01
   3.6318519e+01
   3.6676147e+01
   3.6823150e+01
   3.6876206e+01
   3.6982675e+01
   3.7169076e+01
   3.7243181e+01
   3.7470714e+01
   3.7715442e+01
   3.8044503e+01
   3.8569916e+01
   3.8901827e+01
   3.9062422e+01
   3.9250873e+01
   3.9408613e+01
   3.9616425e+01
   3.9932268e+01
   4.0153591e+01
   4.0261171e+01
   4.0438305e+01
   4.0541603e+01
   4.0567140e+01
   4.0783778e+01
   4.0984583e+01
   4.1057496e+01
   4.1283468e+01
   4.1570152e+01
   4.1777003e+01
   4.1954971e+01
   4.2021647e+01
   4.2136120e+01
   4.2302108e+01
   4.2423645e+01
   4.2935046e+01
   4.3406904e+01
   4.3556728e+01
   4.3714948e+01
   4.3898527e+01
   4.4075620e+01
   4.4251579e+01
   4.4498124e+01
   4.4891036e+01
   4.5073694e+01
   4.5235656e+01
   4.5418119e+01
   4.5609492e+01
   4.5649191e+01
   4.5769400e+01
   4.6027333e+01
   4.6358483e+01
   4.6407955e+01
   4.6709700e+01
   4.7102848e+01
   4.7324833e+01
   4.7464036e+01
   4.7558732e+01
   4.7624927e+01
   4.7893253e+01
   4.8153415e+01
   4.8277442e+01
   4.8432563e+01
   4.8671583e+01
   4.8872255e+01
   4.9108674e+01
   4.9196080e+01
   4.9300297e+01
   4.9473960e+01
   4.9725079e+01
   4.9875916e+01
   5.0002172e+01
   5.0142001e+01
   5.0384963e+01
   5.0522935e+01
   5.0691498e+01
   5.0971015e+01
   5.1071739e+01
   5.1091415e+01
   5.1179140e+01
   5.1480776e+01
   5.1691645e+01
   5.1959451e+01
   5.2142303e+01
   5.2297466e+01
   5.2456787e+01
   5.2642767e+01
   5.2953105e+01
   5.3084579e+01
   5.3128465e+01
   5.3379415e+01
   5.3737299e+01
   5.3941339e+01
   5.4115512e+01
   5.4211834e+01
   5.4317483e+01
   5.4492248e+01
   5.4626703e+01
   5.4754330e+01
   5.5023932e+01
   5.5296864e+01
   5.5362304e+01
   5.5483768e+01
   5.5547478e+01
   5.5615355e+01
   5.5721681e+01
   5.6001596e+01
   5.6189269e+01
   5.6392041e+01
   5.6578110e+01
   5.6867150e+01
   5.7016389e+01
   5.7163918e+01
   5.7437901e+01
   5.7694133e+01
   5.7839419e+01
   5.7968393e+01
   5.8210315e+01
   5.8404295e+01
   5.8578441e+01
   5.8719684e+01
   5.8968933e+01
   5.9347979e+01
   5.9757239e+01
   5.9961257e+01
   6.0055087e+01
   6.0243472e+01
   6.0534074e+01
   6.0651406e+01
   6.0792834e+01
   6.1013623e+01
   6.1272893e+01
   6.1484941e+01
   6.1596075e+01
   6.1749737e+01
   6.1893432e+01
   6.2100528e+01
   6.2332925e+01
   6.2649453e+01
   6.2790806e+01
   6.3087047e+01
   6.3210560e+01
   6.3461439e+01
   6.3567090e+01
   6.3753448e+01
   6.3935544e+01
   6.4052573e+01
   6.4266913e+01
   6.4445215e+01
   6.4652045e+01
   6.4849060e+01
   6.5364411e+01
   6.5706443e+01
   6.5847408e+01
   6.5952367e+01
   6.5998978e+01
   6.6232876e+01
   6.6511755e+01
   6.6645633e+01
   6.6707056e+01
   6.6858424e+01
   6.7081550e+01
   6.7312029e+01
   6.7439903e+01
   6.7577917e+01
   6.7664467e+01
   6.7731930e+01
   6.7785050e+01
   6.7792633e+01
   6.7916712e+01
   6.8412081e+01
   6.8928499e+01
   6.9039713e+01
   6.9218530e+01
   6.9360849e+01
   6.9536556e+01
   6.9826644e+01
   6.9934709e+01
   7.0134484e+01
   7.0211084e+01
   7.0309408e+01
   7.0404662e+01
   7.0501962e+01
   7.0635841e+01
   7.0828183e+01
   7.1035718e+01
   7.1146582e+01
   7.1420933e+01
   7.1721682e+01
   7.1800472e+01
   7.1824974e+01
   7.1896817e+01
   7.2062369e+01
   7.2383546e+01
   7.2401973e+01
   7.2542153e+01
   7.2726610e+01
   7.2962884e+01
   7.3037263e+01
   7.3274339e+01
   7.3618250e+01
   7.3718057e+01
   7.3746408e+01
   7.3770699e+01
   7.3857300e+01
   7.3992558e+01
   7.4373320e+01
   7.4781980e+01
   7.4979109e+01
   7.5183799e+01
   7.5261556e+01
   7.5288507e+01
   7.5439146e+01
   7.5571387e+01
   7.5629819e+01
   7.5742478e+01
   7.5920426e+01
   7.6166898e+01
   7.6520300e+01
   7.6896356e+01
   7.7097210e+01
   7.7307766e+01
   7.7688924e+01
   7.7930372e+01
   7.8040929e+01
   7.8174456e+01
   7.8368706e+01
   7.8527478e+01
   7.8642782e+01
   7.8789486e+01
   7.9034808e+01
   7.9192885e+01
   7.9211982e+01
   7.9439069e+01
   7.9691672e+01
   7.9836491e+01
   7.9929497e+01
   8.0031556e+01
   8.0143423e+01
   8.0274492e+01
   8.0638030e+01
   8.0683653e+01
   8.1225259e+01
   8.1478748e+01
   8.1847957e+01
   8.2103111e+01
   8.2150539e+01
   8.2293042e+01
   8.2439313e+01
   8.2560644e+01
   8.2793018e+01
   8.2912921e+01
   8.3124855e+01
   8.3318172e+01
   8.3536823e+01
   8.3548936e+01
   8.3762752e+01
   8.3955043e+01
   8.4157912e+01
   8.4217510e+01
   8.4367148e+01
   8.4466435e+01
   8.4625191e+01
   8.4714511e+01
   8.4792114e+01
   8.5056278e+01
   8.5324495e+01
   8.5476453e+01
   8.5729415e+01
   8.5925354e+01
   8.6188401e+01
   8.6575267e+01
   8.6782709e+01
   8.6867061e+01
   8.6916665e+01
   8.6959019e+01
   8.7213610e+01
   8.7483393e+01
   8.7557417e+01
   8.7696935e+01
   8.7793746e+01
   8.7804464e+01
   8.7979520e+01
   8.8052430e+01
   8.8347954e+01
   8.8953569e+01
   8.9354867e+01
   8.9548286e+01
   8.9817066e+01
   9.0333677e+01
   9.0668506e+01
   9.0807505e+01
   9.1013854e+01
   9.1314479e+01
   9.1520334e+01
   9.1849588e+01
   9.2104791e+01
   9.2168279e+01
   9.2246824e+01
   9.2357093e+01
   9.2514223e+01
   9.2635679e+01
   9.2855822e+01
   9.3037762e+01
   9.3281501e+01
   9.3431970e+01
   9.3533336e+01
   9.3627185e+01
   9.3738938e+01
   9.3854313e+01
   9.3926569e+01
   9.4074278e+01
   9.4324671e+01
   9.4596063e+01
   9.4652291e+01
   9.4997246e+01
   9.5247840e+01
   9.5388103e+01
   9.5519708e+01
   9.5599178e+01
   9.5761196e+01
   9.5949968e+01
   9.6142739e+01
   9.6339845e+01
   9.6487505e+01
   9.6591488e+01
   9.6697581e+01
   9.6811427e+01
   9.6993043e+01
   9.7134937e+01
   9.7376975e+01
   9.7729404e+01
   9.8034683e+01
   9.8278275e+01
   9.8611896e+01
   9.9080145e+01
   9.9484197e+01
   9.9838844e+01
   1.0040210e+02
   1.0088403e+02
   1.0111154e+02
   1.0147388e+02
   1.0197363e+02
   1.0238816e+02
   1.0278297e+02
   1.0337568e+02
   1.0366772e+02
   1.0423421e+02
   1.0475581e+02
   1.0527111e+02
   1.0571791e+02
   1.0597694e+02
   1.0614130e+02
   1.0649673e+02
   1.0682141e+02
   1.0726268e+02
   1.0772470e+02
   1.0847984e+02
   1.0889775e+02
   1.0920635e+02
   1.0969263e+02
   1.1000688e+02
   1.1043613e+02
   1.1099260e+02
   1.1112871e+02
   1.1158556e+02
   1.1201728e+02
   1.1260389e+02
   1.1275703e+02
   1.1295379e+02
   1.1336552e+02
   1.1351399e+02
   1.1385033e+02
   1.1417377e+02
   1.1459624e+02
   1.1501102e+02
   1.1544378e+02
   1.1575335e+02
   1.1626414e+02
   1.1649771e+02
   1.1664279e+02
   1.1684522e+02
   1.1691140e+02
   1.1707742e+02
   1.1742417e+02
   1.1774461e+02
   1.1826517e+02
   1.1876309e+02
   1.1932695e+02
   1.1975767e+02
   1.2003439e+02
   1.2036286e+02
   1.2071825e+02
   1.2128796e+02
   1.2156917e+02
   1.2224869e+02
   1.2251870e+02
   1.2283691e+02
   1.2308088e+02
   1.2361863e+02
   1.2413656e+02
   1.2460059e+02
   1.2494699e+02
   1.2523943e+02
   1.2580211e+02
   1.2617912e+02
   1.2653914e+02
   1.2713216e+02
   1.2762621e+02
   1.2800805e+02
   1.2867460e+02
   1.2925383e+02
   1.2992201e+02
   1.3017710e+02
   1.3050530e+02
   1.3093698e+02
   1.3115786e+02
   1.3160256e+02
   1.3197522e+02
   1.3215866e+02
   1.3258197e+02
   1.3288029e+02
   1.3322043e+02
   1.3371333e+02
   1.3405011e+02
   1.3423423e+02
   1.3450448e+02
   1.3473002e+02
   1.3537336e+02
   1.3589891e+02
   1.3615711e+02
   1.3665620e+02
   1.3695738e+02
   1.3723230e+02
   1.3751524e+02
   1.3825867e+02
   1.3878763e+02
   1.3949658e+02
   1.4019748e+02
   1.4050161e+02
   1.4078365e+02
   1.4115203e+02
   1.4146859e+02
   1.4197647e+02
   1.4223184e+02
   1.4260444e+02
   1.4291164e+02
   1.4345059e+02
   1.4412864e+02
   1.4483438e+02
   1.4519886e+02
   1.4553906e+02
   1.4604178e+02
   1.4640671e+02
   1.4668888e+02
   1.4729014e+02
   1.4761804e+02
   1.4814030e+02
   1.4879010e+02
   1.4950519e+02
   1.4973725e+02
   1.5004791e+02
   1.5008435e+02
   1.5039083e+02
   1.5100424e+02
   1.5133197e+02
   1.5183446e+02
   1.5234687e+02
   1.5267522e+02
   1.5289452e+02
   1.5341496e+02
   1.5393944e+02
   1.5455470e+02
   1.5514260e+02
   1.5558761e+02
   1.5598869e+02
   1.5621784e+02
   1.5662127e+02
   1.5700065e+02
   1.5731916e+02
   1.5780839e+02
   1.5810952e+02
   1.5835490e+02
   1.5859935e+02
   1.5892444e+02
   1.5925494e+02
   1.5946650e+02
   1.5994958e+02
   1.6066003e+02
   1.6118186e+02
   1.6147991e+02
   1.6186148e+02
   1.6233592e+02
   1.6276506e+02
   1.6327415e+02
   1.6396002e+02
   1.6458559e+02
   1.6508565e+02
   1.6543969e+02
   1.6572169e+02
   1.6585449e+02
   1.6612023e+02
   1.6674554e+02
   1.6713718e+02
   1.6754983e+02
   1.6772635e+02
   1.6809137e+02
   1.6885651e+02
   1.6925351e+02
   1.6962810e+02
   1.7018816e+02
   1.7076798e+02
   1.7123662e+02
   1.7157103e+02
   1.7202500e+02
   1.7245964e+02
   1.7290331e+02
   1.7337884e+02
   1.7395349e+02
   1.7449077e+02
   1.7498961e+02
   1.7560055e+02
   1.7608742e+02
   1.7644772e+02
   1.7688144e+02
   1.7717562e+02
   1.7753217e+02
   1.7785902e+02
   1.7822177e+02
   1.7853210e+02
   1.7904194e+02
   1.7942535e+02
   1.7971380e+02
   1.8011977e+02
   1.8048833e+02
   1.8104129e+02
   1.8131416e+02
   1.8168224e+02
   1.8211186e+02
   1.8239341e+02
   1.8310757e+02
   1.8366114e+02
   1.8379707e+02
   1.8419363e+02
   1.8464774e+02
   1.8515516e+02
   1.8537178e+02
   1.8570011e+02
   1.8598726e+02
   1.8628070e+02
   1.8670189e+02
   1.8729899e+02
   1.8768133e+02
   1.8796907e+02
   1.8818296e+02
   1.8887064e+02
   1.8941193e+02
   1.8954688e+02
   1.8986750e+02
   1.9035373e+02
   1.9077286e+02
   1.9097667e+02
   1.9133448e+02
   1.9173140e+02
   1.9197955e+02
   1.9238047e+02
   1.9272073e+02
   1.9314830e+02
   1.9357836e+02
   1.9397132e+02
   1.9438202e+02
   1.9458416e+02
   1.9502479e+02
   1.9556758e+02
   1.9611987e+02
   1.9646199e+02
   1.9678161e+02
   1.9716114e+02
   1.9748912e+02
   1.9799730e+02
   1.9830792e+02
   1.9878721e+02
   1.9923486e+02
   1.9941368e+02
   1.9965557e+02
   1.9987456e+02
   2.0007950e+02
   2.0046152e+02
   2.0082288e+02
   2.0136362e+02
   2.0164851e+02
   2.0212854e+02
   2.0266745e+02
   2.0320256e+02
   2.0354980e+02
   2.0385295e+02
   2.0412551e+02
   2.0438167e+02
   2.0456570e+02
   2.0493968e+02
   2.0528861e+02
   2.0575936e+02
   2.0619612e+02
   2.0641306e+02
   2.0682929e+02
   2.0713398e+02
   2.0752185e+02
   2.0810177e+02
   2.0849256e+02
   2.0882009e+02
   2.0931439e+02
   2.0984064e+02
   2.1043006e+02
   2.1114888e+02
   2.1171342e+02
   2.1188431e+02
   2.1223309e+02
   2.1253411e+02
   2.1316527e+02
   2.1352151e+02
   2.1410808e+02
   2.1427838e+02
   2.1467501e+02
   2.1501336e+02
   2.1527484e+02
   2.1541600e+02
   2.1570997e+02
   2.1610693e+02
   2.1652616e+02
   2.1713166e+02
   2.1754931e+02
   2.1780742e+02
   2.1822373e+02
   2.1858234e+02
   2.1879172e+02
   2.1926243e+02
   2.2010128e+02
   2.2058479e+02
   2.2098997e+02
   2.2147654e+02
   2.2187042e+02
   2.2237752e+02
   2.2257102e+02
   2.2278360e+02
   2.2300139e+02
   2.2337569e+02
   2.2365353e+02
   2.2409146e+02
   2.2440942e+02
   2.2474639e+02
   2.2541020e+02
   2.2601285e+02
   2.2635726e+02
   2.2702549e+02
   2.2740969e+02
   2.2821292e+02
   2.2868275e+02
   2.2913582e+02
   2.2961038e+02
   2.2983267e+02
   2.3017915e+02
   2.3068390e+02
   2.3116801e+02
   2.3183059e+02
   2.3216092e+02
   2.3241416e+02
   2.3280890e+02
   2.3309089e+02
   2.3333107e+02
   2.3354829e+02
   2.3368277e+02
   2.3396933e+02
   2.3417457e+02
   2.3439213e+02
   2.3490816e+02
   2.3529033e+02
   2.3579075e+02
   2.3619982e+02
   2.3651508e+02
   2.3703179e+02
   2.3750402e+02
   2.3761212e+02
   2.3804551e+02
   2.3824367e+02
   2.3856403e+02
   2.3906150e+02
   2.3963523e+02
   2.3987478e+02
   2.4025371e+02
   2.4070547e+02
   2.4099943e+02
   2.4140404e+02
   2.4179641e+02
   2.4237053e+02
   2.4288384e+02
   2.4314968e+02
   2.4346920e+02
   2.4367668e+02
   2.4403753e+02
   2.4456795e+02
   2.4512933e+02
   2.4541906e+02
   2.4558404e+02
   2.4587254e+02
   2.4622201e+02
   2.4659830e+02
   2.4691425e+02
   2.4717399e+02
   2.4769855e+02
   2.4835438e+02
   2.4895361e+02
   2.4953703e+02
   2.5007507e+02
   2.5054487e+02
   2.5090248e+02
   2.5122121e+02
   2.5135223e+02
   2.5182069e+02
   2.5239503e+02
   2.5282925e+02
   2.5330490e+02
   2.5373588e+02
   2.5428024e+02
   2.5485235e+02
   2.5540205e+02
   2.5570555e+02
   2.5590391e+02
   2.5627360e+02
   2.5658875e+02
   2.5672591e+02
   2.5689198e+02
   2.5723244e+02
   2.5766968e+02
   2.5814316e+02
   2.5842235e+02
   2.5881656e+02
   2.5925762e+02
   2.5951877e+02
   2.5983050e+02
   2.6031473e+02
   2.6077724e+02
   2.6139094e+02
   2.6183424e+02
   2.6216645e+02
   2.6268435e+02
   2.6295336e+02
   2.6340439e+02
   2.6382569e+02
   2.6396864e+02
   2.6437882e+02
   2.6479920e+02
   2.6518574e+02
   2.6538783e+02
   2.6559014e+02
   2.6580975e+02
   2.6601843e+02
   2.6628499e+02
   2.6674107e+02
   2.6738519e+02
   2.6792222e+02
   2.6811416e+02
   2.6866591e+02
   2.6921788e+02
   2.6980046e+02
   2.7032821e+02
   2.7082698e+02
   2.7117826e+02
   2.7145535e+02
   2.7194056e+02
   2.7243079e+02
   2.7272800e+02
   2.7306593e+02
   2.7330789e+02
   2.7353643e+02
   2.7393911e+02
   2.7460442e+02
   2.7494838e+02
   2.7513133e+02
   2.7567618e+02
   2.7638591e+02
   2.7682502e+02
   2.7727563e+02
   2.7786696e+02
   2.7845653e+02
   2.7885610e+02
   2.7932270e+02
   2.7975120e+02
   2.8002036e+02
   2.8028676e+02
   2.8064725e+02
   2.8101931e+02
   2.8139903e+02
   2.8180325e+02
   2.8218965e+02
   2.8247716e+02
   2.8290244e+02
   2.8327278e+02
   2.8358672e+02
   2.8402466e+02
   2.8467426e+02
   2.8498647e+02
   2.8550301e+02
   2.8578077e+02
   2.8589064e+02
   2.8610355e+02
   2.8658088e+02
   2.8693050e+02
   2.8766600e+02
   2.8798394e+02
   2.8828095e+02
   2.8853173e+02
   2.8888472e+02
   2.8924205e+02
   2.8958107e+02
   2.9003281e+02
   2.9028010e+02
   2.9056533e+02
   2.9080549e+02
   2.9100161e+02
   2.9101921e+02
   2.9125486e+02
   2.9166336e+02
   2.9238822e+02
   2.9278826e+02
   2.9363993e+02
   2.9417439e+02
   2.9468130e+02
   2.9517214e+02
   2.9577415e+02
