   2.4089369e-03
   2.3884654e-01
   4.4384772e-01
   4.4858834e-01
   4.6904062e-01
   6.0095721e-01
   6.3458597e-01
   7.6132335e-01
   8.3224392e-01
   9.5552035e-01
   1.0322138e+00
   1.2710810e+00
   1.3385609e+00
   1.3409274e+00
   1.3850290e+00
   1.4638856e+00
   1.4914098e+00
   1.5002257e+00
   1.5036377e+00
   1.5697214e+00
   1.6239876e+00
   1.6269593e+00
   1.7161439e+00
   1.7694440e+00
   1.7781262e+00
   1.8116260e+00
   1.9210703e+00
   2.0551358e+00
   2.0980520e+00
   2.1188100e+00
   2.1375683e+00
   2.1415870e+00
   2.3441952e+00
   2.4116618e+00
   2.4820919e+00
   2.5149794e+00
   2.5397362e+00
   2.6279978e+00
   2.6792091e+00
   2.6844285e+00
   2.6891072e+00
   2.7209648e+00
   2.7950085e+00
   2.7994144e+00
   2.8467406e+00
   2.8914663e+00
   2.9469406e+00
   3.0686707e+00
   3.1850047e+00
   3.2037299e+00
   3.3307146e+00
   3.4492787e+00
   3.4927824e+00
   3.6462065e+00
   3.8029790e+00
   3.8395952e+00
   3.9154569e+00
   3.9846376e+00
   4.0199805e+00
   4.0562494e+00
   4.0816906e+00
   4.1389379e+00
   4.1796361e+00
   4.1925497e+00
   4.2029882e+00
   4.2224021e+00
   4.2409728e+00
   4.2582067e+00
   4.2644383e+00
   4.2715258e+00
   4.3039524e+00
   4.3432888e+00
   4.3636518e+00
   4.5554468e+00
   4.6419326e+00
   4.6588682e+00
   4.6643886e+00
   4.6998045e+00
   4.7042316e+00
   4.7052330e+00
   4.7190204e+00
   4.7194198e+00
   4.9679661e+00
   5.0396570e+00
   5.0674029e+00
   5.0701648e+00
   5.0754644e+00
   5.0971675e+00
   5.1133744e+00
   5.1350765e+00
   5.1715160e+00
   5.2777175e+00
   5.4316168e+00
   5.4888159e+00
   5.5062825e+00
   5.5213432e+00
   5.6025592e+00
   5.6959251e+00
   5.7033959e+00
   5.7086838e+00
   5.7254346e+00
   5.7759883e+00
   5.8488649e+00
   5.9424569e+00
   5.9534454e+00
   5.9579870e+00
   5.9857040e+00
   6.0128584e+00
   6.0651796e+00
   6.1027136e+00
   6.1115313e+00
   6.1785968e+00
   6.4625986e+00
   6.6335407e+00
   6.7331247e+00
   6.7382633e+00
   6.9041370e+00
   6.9350364e+00
   6.9420459e+00
   7.0567487e+00
   7.2320312e+00
   7.3386583e+00
   7.3492588e+00
   7.3921981e+00
   7.4479264e+00
   7.6142502e+00
   7.6932865e+00
   7.7226356e+00
   7.7330113e+00
   7.7429604e+00
   7.7593109e+00
   7.7944181e+00
   7.9667370e+00
   8.0485710e+00
   8.0581089e+00
   8.1184595e+00
   8.1851701e+00
   8.1871301e+00
   8.2285371e+00
   8.3034136e+00
   8.3125346e+00
   8.3618559e+00
   8.4508808e+00
   8.4587039e+00
   8.5059954e+00
   8.5306950e+00
   8.5385086e+00
   8.5752350e+00
   8.6220145e+00
   8.7278643e+00
   8.7600383e+00
   8.9853416e+00
   9.0058992e+00
   9.0229826e+00
   9.0407710e+00
   9.1275796e+00
   9.1603091e+00
   9.1881019e+00
   9.2483415e+00
   9.2884222e+00
   9.3432811e+00
   9.3979556e+00
   9.6759771e+00
   9.7901285e+00
   9.7956188e+00
   9.8120983e+00
   9.8382823e+00
   9.8439037e+00
   9.8573082e+00
   9.8670576e+00
   9.8721037e+00
   9.8723438e+00
   9.9399932e+00
   1.0067891e+01
   1.0089501e+01
   1.0092316e+01
   1.0103652e+01
   1.0138397e+01
   1.0143888e+01
   1.0195660e+01
   1.0255551e+01
   1.0363832e+01
   1.0639892e+01
   1.0750057e+01
   1.0775847e+01
   1.0811361e+01
   1.0836243e+01
   1.0879429e+01
   1.0979186e+01
   1.1028170e+01
   1.1039743e+01
   1.1071120e+01
   1.1081790e+01
   1.1082442e+01
   1.1129374e+01
   1.1169697e+01
   1.1175013e+01
   1.1226076e+01
   1.1308264e+01
   1.1351051e+01
   1.1382724e+01
   1.1387170e+01
   1.1400274e+01
   1.1427826e+01
   1.1442597e+01
   1.1704127e+01
   1.1926778e+01
   1.1949225e+01
   1.1974259e+01
   1.2007960e+01
   1.2039322e+01
   1.2070283e+01
   1.2131068e+01
   1.2285448e+01
   1.2318812e+01
   1.2345043e+01
   1.2378336e+01
   1.2414960e+01
   1.2416536e+01
   1.2430986e+01
   1.2497515e+01
   1.2607176e+01
   1.2609623e+01
   1.2700673e+01
   1.2855238e+01
   1.2904515e+01
   1.2923893e+01
   1.2932861e+01
   1.2937242e+01
   1.3009241e+01
   1.3076925e+01
   1.3092308e+01
   1.3116370e+01
   1.3173501e+01
   1.3213770e+01
   1.3269664e+01
   1.3277304e+01
   1.3288165e+01
   1.3318324e+01
   1.3381385e+01
   1.3404137e+01
   1.3420077e+01
   1.3439629e+01
   1.3498660e+01
   1.3517696e+01
   1.3546110e+01
   1.3624239e+01
   1.3634385e+01
   1.3634772e+01
   1.3642468e+01
   1.3733452e+01
   1.3777918e+01
   1.3849638e+01
   1.3883072e+01
   1.3907148e+01
   1.3932531e+01
   1.3967120e+01
   1.4063429e+01
   1.4080715e+01
   1.4082641e+01
   1.4145617e+01
   1.4273698e+01
   1.4315330e+01
   1.4345666e+01
   1.4354944e+01
   1.4366106e+01
   1.4396649e+01
   1.4414727e+01
   1.4431016e+01
   1.4503701e+01
   1.4578193e+01
   1.4582475e+01
   1.4597229e+01
   1.4601288e+01
   1.4605895e+01
   1.4617200e+01
   1.4695553e+01
   1.4730774e+01
   1.4771890e+01
   1.4806512e+01
   1.4890056e+01
   1.4912328e+01
   1.4934093e+01
   1.5009160e+01
   1.5074815e+01
   1.5095923e+01
   1.5112557e+01
   1.5171084e+01
   1.5208712e+01
   1.5239038e+01
   1.5258988e+01
   1.5321113e+01
   1.5464789e+01
   1.5632283e+01
   1.5673906e+01
   1.5682710e+01
   1.5718199e+01
   1.5802649e+01
   1.5816415e+01
   1.5836417e+01
   1.5885165e+01
   1.5952386e+01
   1.5997350e+01
   1.6009701e+01
   1.6033313e+01
   1.6053961e+01
   1.6096850e+01
   1.6150858e+01
   1.6251048e+01
   1.6271029e+01
   1.6358788e+01
   1.6374044e+01
   1.6436984e+01
   1.6448146e+01
   1.6482875e+01
   1.6516034e+01
   1.6529730e+01
   1.6575672e+01
   1.6607463e+01
   1.6650242e+01
   1.6689057e+01
   1.6954644e+01
   1.7071630e+01
   1.7091501e+01
   1.7102517e+01
   1.7104690e+01
   1.7159398e+01
   1.7237171e+01
   1.7255095e+01
   1.7258867e+01
   1.7281780e+01
   1.7331565e+01
   1.7384685e+01
   1.7401037e+01
   1.7420085e+01
   1.7427576e+01
   1.7432127e+01
   1.7434949e+01
   1.7435006e+01
   1.7450402e+01
   1.7695793e+01
   1.7962481e+01
   1.7974849e+01
   1.8006825e+01
   1.8027079e+01
   1.8057952e+01
   1.8142103e+01
   1.8153781e+01
   1.8193692e+01
   1.8199559e+01
   1.8209227e+01
   1.8218300e+01
   1.8227767e+01
   1.8245691e+01
   1.8282686e+01
   1.8325757e+01
   1.8338048e+01
   1.8413316e+01
   1.8503767e+01
   1.8509974e+01
   1.8510575e+01
   1.8515736e+01
   1.8543144e+01
   1.8646298e+01
   1.8646637e+01
   1.8666288e+01
   1.8700312e+01
   1.8756138e+01
   1.8761670e+01
   1.8817875e+01
   1.8936149e+01
   1.8946111e+01
   1.8946915e+01
   1.8947505e+01
   1.8955005e+01
   1.8973299e+01
   1.9118279e+01
   1.9285282e+01
   1.9324142e+01
   1.9366040e+01
   1.9372086e+01
   1.9372812e+01
   1.9395504e+01
   1.9412992e+01
   1.9416406e+01
   1.9429098e+01
   1.9460764e+01
   1.9521513e+01
   1.9646406e+01
   1.9787823e+01
   1.9828166e+01
   1.9872499e+01
   2.0017781e+01
   2.0076078e+01
   2.0088301e+01
   2.0106130e+01
   2.0143863e+01
   2.0169072e+01
   2.0182367e+01
   2.0203889e+01
   2.0264072e+01
   2.0289060e+01
   2.0289425e+01
   2.0340994e+01
   2.0404802e+01
   2.0425774e+01
   2.0434424e+01
   2.0444841e+01
   2.0457355e+01
   2.0474534e+01
   2.0606694e+01
   2.0608775e+01
   2.0902112e+01
   2.0966369e+01
   2.1102684e+01
   2.1167788e+01
   2.1170037e+01
   2.1190344e+01
   2.1211740e+01
   2.1226461e+01
   2.1280459e+01
   2.1294836e+01
   2.1339752e+01
   2.1377123e+01
   2.1424931e+01
   2.1425078e+01
   2.1470795e+01
   2.1507771e+01
   2.1548927e+01
   2.1552479e+01
   2.1574870e+01
   2.1584728e+01
   2.1609932e+01
   2.1617910e+01
   2.1623932e+01
   2.1693715e+01
   2.1765655e+01
   2.1788746e+01
   2.1852736e+01
   2.1891128e+01
   2.1960322e+01
   2.2109988e+01
   2.2153020e+01
   2.2160135e+01
   2.2162596e+01
   2.2164389e+01
   2.2229206e+01
   2.2301989e+01
   2.2307468e+01
   2.2326934e+01
   2.2336306e+01
   2.2336421e+01
   2.2367065e+01
   2.2372381e+01
   2.2459716e+01
   2.2826485e+01
   2.2987525e+01
   2.3024936e+01
   2.3097179e+01
   2.3364065e+01
   2.3476176e+01
   2.3495496e+01
   2.3538076e+01
   2.3628452e+01
   2.3670828e+01
   2.3779236e+01
   2.3844365e+01
   2.3848395e+01
   2.3854565e+01
   2.3866724e+01
   2.3891414e+01
   2.3906166e+01
   2.3954628e+01
   2.3987730e+01
   2.4047139e+01
   2.4069780e+01
   2.4080055e+01
   2.4088863e+01
   2.4101352e+01
   2.4114663e+01
   2.4119884e+01
   2.4141702e+01
   2.4204398e+01
   2.4278052e+01
   2.4281214e+01
   2.4400208e+01
   2.4463005e+01
   2.4482679e+01
   2.4499999e+01
   2.4506314e+01
   2.4532564e+01
   2.4568199e+01
   2.4605360e+01
   2.4644211e+01
   2.4666014e+01
   2.4676827e+01
   2.4688082e+01
   2.4701043e+01
   2.4734028e+01
   2.4754161e+01
   2.4812744e+01
   2.4936950e+01
   2.5030146e+01
   2.5089482e+01
   2.5200786e+01
   2.5420042e+01
   2.5583301e+01
   2.5709075e+01
   2.6026329e+01
   2.6258589e+01
   2.6310350e+01
   2.6441637e+01
   2.6691395e+01
   2.6863224e+01
   2.7019104e+01
   2.7370408e+01
   2.7455693e+01
   2.7776606e+01
   2.8048675e+01
   2.8314208e+01
   2.8513835e+01
   2.8580931e+01
   2.8607947e+01
   2.8734275e+01
   2.8839693e+01
   2.9034412e+01
   2.9247875e+01
   2.9818115e+01
   2.9992763e+01
   3.0087997e+01
   3.0324465e+01
   3.0423217e+01
   3.0607469e+01
   3.0917133e+01
   3.0935659e+01
   3.1144370e+01
   3.1330755e+01
   3.1674857e+01
   3.1698312e+01
   3.1737024e+01
   3.1906549e+01
   3.1928593e+01
   3.2041712e+01
   3.2146325e+01
   3.2324811e+01
   3.2496852e+01
   3.2684136e+01
   3.2779965e+01
   3.3040872e+01
   3.3095428e+01
   3.3116476e+01
   3.3157453e+01
   3.3161834e+01
   3.3189394e+01
   3.3309629e+01
   3.3412311e+01
   3.3683301e+01
   3.3931216e+01
   3.4249156e+01
   3.4434681e+01
   3.4511255e+01
   3.4619146e+01
   3.4745444e+01
   3.5070023e+01
   3.5149103e+01
   3.5610849e+01
   3.5683754e+01
   3.5785012e+01
   3.5844530e+01
   3.6133714e+01
   3.6401960e+01
   3.6617289e+01
   3.6737276e+01
   3.6822800e+01
   3.7139412e+01
   3.7281547e+01
   3.7411156e+01
   3.7762835e+01
   3.8006919e+01
   3.8152721e+01
   3.8597011e+01
   3.8932522e+01
   3.9378986e+01
   3.9444057e+01
   3.9551769e+01
   3.9738120e+01
   3.9786905e+01
   3.9984664e+01
   4.0123544e+01
   4.0157192e+01
   4.0336387e+01
   4.0425381e+01
   4.0541077e+01
   4.0784024e+01
   4.0897448e+01
   4.0931348e+01
   4.1004381e+01
   4.1055249e+01
   4.1469142e+01
   4.1745338e+01
   4.1812004e+01
   4.2061100e+01
   4.2151812e+01
   4.2227393e+01
   4.2307447e+01
   4.2860131e+01
   4.3139934e+01
   4.3642538e+01
   4.4133792e+01
   4.4226288e+01
   4.4305839e+01
   4.4441542e+01
   4.4541752e+01
   4.4799689e+01
   4.4864903e+01
   4.5003738e+01
   4.5098107e+01
   4.5388580e+01
   4.5848325e+01
   4.6346394e+01
   4.6479239e+01
   4.6594973e+01
   4.6847705e+01
   4.6980876e+01
   4.7060495e+01
   4.7422010e+01
   4.7529530e+01
   4.7802284e+01
   4.8224525e+01
   4.8735884e+01
   4.8789736e+01
   4.8886244e+01
   4.8887572e+01
   4.8981504e+01
   4.9357771e+01
   4.9465179e+01
   4.9717680e+01
   4.9980246e+01
   5.0088056e+01
   5.0136150e+01
   5.0407009e+01
   5.0682087e+01
   5.1060632e+01
   5.1406251e+01
   5.1604288e+01
   5.1765153e+01
   5.1817661e+01
   5.1980420e+01
   5.2124350e+01
   5.2225797e+01
   5.2465147e+01
   5.2555827e+01
   5.2616039e+01
   5.2675792e+01
   5.2781479e+01
   5.2890708e+01
   5.2935466e+01
   5.3168830e+01
   5.3673574e+01
   5.3945879e+01
   5.4034711e+01
   5.4180304e+01
   5.4405398e+01
   5.4589563e+01
   5.4848730e+01
   5.5319149e+01
   5.5710489e+01
   5.5960546e+01
   5.6085896e+01
   5.6165418e+01
   5.6183055e+01
   5.6253668e+01
   5.6644687e+01
   5.6798065e+01
   5.6968351e+01
   5.6999508e+01
   5.7132752e+01
   5.7718186e+01
   5.7875795e+01
   5.8016115e+01
   5.8329780e+01
   5.8665967e+01
   5.8885590e+01
   5.8997421e+01
   5.9203511e+01
   5.9392428e+01
   5.9589264e+01
   5.9815394e+01
   6.0145618e+01
   6.0434285e+01
   6.0683129e+01
   6.1056383e+01
   6.1293419e+01
   6.1423236e+01
   6.1611354e+01
   6.1697893e+01
   6.1825019e+01
   6.1931852e+01
   6.2063442e+01
   6.2159743e+01
   6.2419686e+01
   6.2566687e+01
   6.2649891e+01
   6.2814701e+01
   6.2950538e+01
   6.3256302e+01
   6.3330759e+01
   6.3466242e+01
   6.3650818e+01
   6.3730089e+01
   6.4240105e+01
   6.4546553e+01
   6.4565029e+01
   6.4722289e+01
   6.4928507e+01
   6.5185984e+01
   6.5232908e+01
   6.5340707e+01
   6.5423161e+01
   6.5509269e+01
   6.5686675e+01
   6.6043198e+01
   6.6189385e+01
   6.6272178e+01
   6.6317927e+01
   6.6790833e+01
   6.7083822e+01
   6.7102035e+01
   6.7204827e+01
   6.7441253e+01
   6.7616921e+01
   6.7658458e+01
   6.7786485e+01
   6.7944038e+01
   6.8005616e+01
   6.8166347e+01
   6.8282129e+01
   6.8464945e+01
   6.8649895e+01
   6.8804312e+01
   6.8972987e+01
   6.9013847e+01
   6.9208001e+01
   6.9502618e+01
   6.9807643e+01
   6.9924689e+01
   7.0026848e+01
   7.0170892e+01
   7.0278463e+01
   7.0536711e+01
   7.0633192e+01
   7.0862910e+01
   7.1063308e+01
   7.1095284e+01
   7.1153795e+01
   7.1201749e+01
   7.1243749e+01
   7.1389690e+01
   7.1520269e+01
   7.1812673e+01
   7.1893834e+01
   7.2124263e+01
   7.2414685e+01
   7.2701032e+01
   7.2821606e+01
   7.2913509e+01
   7.2987798e+01
   7.3053412e+01
   7.3087280e+01
   7.3227139e+01
   7.3348891e+01
   7.3570498e+01
   7.3761259e+01
   7.3808323e+01
   7.3981571e+01
   7.4074405e+01
   7.4224848e+01
   7.4561162e+01
   7.4713873e+01
   7.4821154e+01
   7.5065481e+01
   7.5342426e+01
   7.5689840e+01
   7.6206537e+01
   7.6525243e+01
   7.6554447e+01
   7.6676096e+01
   7.6766709e+01
   7.7165067e+01
   7.7291974e+01
   7.7636042e+01
   7.7665042e+01
   7.7822361e+01
   7.7936839e+01
   7.8005210e+01
   7.8025138e+01
   7.8111556e+01
   7.8269129e+01
   7.8444889e+01
   7.8811509e+01
   7.8985945e+01
   7.9052566e+01
   7.9225878e+01
   7.9354479e+01
   7.9398319e+01
   7.9619890e+01
   8.0323561e+01
   8.0557341e+01
   8.0721515e+01
   8.0958264e+01
   8.1113406e+01
   8.1370549e+01
   8.1407994e+01
   8.1453184e+01
   8.1500617e+01
   8.1640714e+01
   8.1717911e+01
   8.1909694e+01
   8.2010789e+01
   8.2124339e+01
   8.2564989e+01
   8.2928172e+01
   8.3046792e+01
   8.3493313e+01
   8.3640929e+01
   8.4286098e+01
   8.4506841e+01
   8.4712111e+01
   8.4937323e+01
   8.4986733e+01
   8.5106782e+01
   8.5361558e+01
   8.5595923e+01
   8.6034930e+01
   8.6144051e+01
   8.6208179e+01
   8.6363997e+01
   8.6443516e+01
   8.6501205e+01
   8.6548387e+01
   8.6566472e+01
   8.6648589e+01
   8.6690715e+01
   8.6738045e+01
   8.7004333e+01
   8.7150384e+01
   8.7400805e+01
   8.7568145e+01
   8.7667535e+01
   8.7934520e+01
   8.8157522e+01
   8.8169207e+01
   8.8357039e+01
   8.8396303e+01
   8.8498936e+01
   8.8746418e+01
   8.9075578e+01
   8.9132963e+01
   8.9276554e+01
   8.9480637e+01
   8.9567049e+01
   8.9730755e+01
   8.9884709e+01
   9.0214330e+01
   9.0477814e+01
   9.0548485e+01
   9.0650579e+01
   9.0693628e+01
   9.0823838e+01
   9.1105181e+01
   9.1420331e+01
   9.1504272e+01
   9.1531490e+01
   9.1614726e+01
   9.1736854e+01
   9.1878445e+01
   9.1978269e+01
   9.2045738e+01
   9.2320896e+01
   9.2751011e+01
   9.3110092e+01
   9.3450468e+01
   9.3739954e+01
   9.3960665e+01
   9.4088554e+01
   9.4190139e+01
   9.4207307e+01
   9.4426757e+01
   9.4756618e+01
   9.4945166e+01
   9.5171410e+01
   9.5357152e+01
   9.5653480e+01
   9.5980799e+01
   9.6282970e+01
   9.6375079e+01
   9.6414426e+01
   9.6551094e+01
   9.6650415e+01
   9.6669227e+01
   9.6696808e+01
   9.6812719e+01
   9.7003901e+01
   9.7228087e+01
   9.7306031e+01
   9.7461434e+01
   9.7655969e+01
   9.7724168e+01
   9.7821344e+01
   9.8055818e+01
   9.8269736e+01
   9.8646368e+01
   9.8842881e+01
   9.8953245e+01
   9.9221463e+01
   9.9293829e+01
   9.9497252e+01
   9.9674748e+01
   9.9695183e+01
   9.9863431e+01
   1.0004015e+02
   1.0018956e+02
   1.0023041e+02
   1.0027133e+02
   1.0031956e+02
   1.0036311e+02
   1.0043416e+02
   1.0064217e+02
   1.0105706e+02
   1.0134547e+02
   1.0138231e+02
   1.0168674e+02
   1.0199141e+02
   1.0233080e+02
   1.0260932e+02
   1.0285810e+02
   1.0298150e+02
   1.0305828e+02
   1.0329370e+02
   1.0353403e+02
   1.0362236e+02
   1.0373656e+02
   1.0379510e+02
   1.0384734e+02
   1.0400949e+02
   1.0445212e+02
   1.0457043e+02
   1.0460390e+02
   1.0490076e+02
   1.0540447e+02
   1.0559729e+02
   1.0580034e+02
   1.0615001e+02
   1.0649761e+02
   1.0665727e+02
   1.0687498e+02
   1.0705859e+02
   1.0713104e+02
   1.0720201e+02
   1.0733196e+02
   1.0747038e+02
   1.0761457e+02
   1.0777797e+02
   1.0792728e+02
   1.0800994e+02
   1.0819080e+02
   1.0832795e+02
   1.0842651e+02
   1.0861830e+02
   1.0904029e+02
   1.0913776e+02
   1.0940457e+02
   1.0948172e+02
   1.0949379e+02
   1.0953912e+02
   1.0976697e+02
   1.0988920e+02
   1.1043015e+02
   1.1053124e+02
   1.1061946e+02
   1.1068235e+02
   1.1080695e+02
   1.1093463e+02
   1.1104957e+02
   1.1125364e+02
   1.1131479e+02
   1.1139615e+02
   1.1145382e+02
   1.1149229e+02
   1.1149259e+02
   1.1154813e+02
   1.1171500e+02
   1.1224042e+02
   1.1240045e+02
   1.1312580e+02
   1.1341144e+02
   1.1366840e+02
   1.1390933e+02
   1.1427174e+02
