   7.0330020e-03
   1.2521941e+00
   1.4362816e+00
   1.5442987e+00
   1.6077049e+00
   1.6967376e+00
   1.7311589e+00
   1.7745172e+00
   1.8099505e+00
   1.8437240e+00
   1.8766974e+00
   1.9155909e+00
   1.9553238e+00
   1.9921020e+00
   2.0337902e+00
   2.0673478e+00
   2.1010447e+00
   2.1331047e+00
   2.1683632e+00
   2.2095337e+00
   2.2391990e+00
   2.2742477e+00
   2.3037510e+00
   2.3420803e+00
   2.3760827e+00
   2.4111974e+00
   2.4569522e+00
   2.4904332e+00
   2.5272065e+00
   2.5613449e+00
   2.5881325e+00
   2.6287986e+00
   2.6579856e+00
   2.6892165e+00
   2.7227052e+00
   2.7514293e+00
   2.7845674e+00
   2.8204792e+00
   2.8552764e+00
   2.8911172e+00
   2.9258120e+00
   2.9624094e+00
   2.9924906e+00
   3.0231876e+00
   3.0541469e+00
   3.0844372e+00
   3.1128371e+00
   3.1450472e+00
   3.1791615e+00
   3.2109544e+00
   3.2422271e+00
   3.2769428e+00
   3.3040720e+00
   3.3377717e+00
   3.3708570e+00
   3.4063189e+00
   3.4441182e+00
   3.4711894e+00
   3.5027684e+00
   3.5345834e+00
   3.5726391e+00
   3.6057334e+00
   3.6437801e+00
   3.6801332e+00
   3.7154734e+00
   3.7425600e+00
   3.7789636e+00
   3.8116865e+00
   3.8440394e+00
   3.8772554e+00
   3.9151326e+00
   3.9442666e+00
   3.9799157e+00
   4.0060544e+00
   4.0371758e+00
   4.0730866e+00
   4.1111502e+00
   4.1358548e+00
   4.1628161e+00
   4.1919209e+00
   4.2268953e+00
   4.2605729e+00
   4.2912252e+00
   4.3210162e+00
   4.3576451e+00
   4.3889256e+00
   4.4240762e+00
   4.4553664e+00
   4.4887241e+00
   4.5206857e+00
   4.5484297e+00
   4.5807110e+00
   4.6124428e+00
   4.6483816e+00
   4.6742508e+00
   4.7017598e+00
   4.7346544e+00
   4.7617981e+00
   4.7966712e+00
   4.8303199e+00
   4.8613526e+00
   4.8980056e+00
   4.9296670e+00
   4.9640178e+00
   4.9941001e+00
   5.0247767e+00
   5.0561396e+00
   5.0984958e+00
   5.1305558e+00
   5.1668932e+00
   5.1947459e+00
   5.2353777e+00
   5.2637252e+00
   5.3005055e+00
   5.3363568e+00
   5.3687057e+00
   5.4036178e+00
   5.4402563e+00
   5.4794582e+00
   5.5129591e+00
   5.5516602e+00
   5.5814763e+00
   5.6207797e+00
   5.6484357e+00
   5.6898520e+00
   5.7250518e+00
   5.7655618e+00
   5.7999370e+00
   5.8352227e+00
   5.8679504e+00
   5.8963490e+00
   5.9256280e+00
   5.9598919e+00
   5.9974410e+00
   6.0347439e+00
   6.0698695e+00
   6.1074087e+00
   6.1465980e+00
   6.1917547e+00
   6.2339869e+00
   6.2712984e+00
   6.3111529e+00
   6.3460087e+00
   6.3823977e+00
   6.4191413e+00
   6.4573979e+00
   6.4929577e+00
   6.5285276e+00
   6.5697263e+00
   6.6036811e+00
   6.6399614e+00
   6.6697879e+00
   6.7040051e+00
   6.7382852e+00
   6.7705311e+00
   6.8030071e+00
   6.8389785e+00
   6.8679570e+00
   6.8970310e+00
   6.9290201e+00
   6.9634572e+00
   6.9993045e+00
   7.0343464e+00
   7.0726928e+00
   7.1107686e+00
   7.1444950e+00
   7.1800142e+00
   7.2097094e+00
   7.2435661e+00
   7.2728966e+00
   7.3031330e+00
   7.3347516e+00
   7.3727807e+00
   7.4126182e+00
   7.4478351e+00
   7.4771184e+00
   7.5098472e+00
   7.5489288e+00
   7.5748796e+00
   7.6119859e+00
   7.6482494e+00
   7.6819124e+00
   7.7152249e+00
   7.7495873e+00
   7.7780379e+00
   7.8086747e+00
   7.8441439e+00
   7.8816536e+00
   7.9162492e+00
   7.9569234e+00
   7.9886273e+00
   8.0188197e+00
   8.0471341e+00
   8.0799911e+00
   8.1195428e+00
   8.1556128e+00
   8.1899333e+00
   8.2275591e+00
   8.2584736e+00
   8.2894927e+00
   8.3245612e+00
   8.3656460e+00
   8.3924557e+00
   8.4316939e+00
   8.4651755e+00
   8.5009731e+00
   8.5320283e+00
   8.5644856e+00
   8.6021140e+00
   8.6336273e+00
   8.6741655e+00
   8.7007106e+00
   8.7365696e+00
   8.7704351e+00
   8.8064106e+00
   8.8373015e+00
   8.8673403e+00
   8.8959451e+00
   8.9208046e+00
   8.9516636e+00
   8.9793395e+00
   9.0160220e+00
   9.0502534e+00
   9.0786408e+00
   9.1049552e+00
   9.1389353e+00
   9.1739241e+00
   9.2070826e+00
   9.2351348e+00
   9.2601458e+00
   9.2939102e+00
   9.3256665e+00
   9.3587144e+00
   9.3901517e+00
   9.4253524e+00
   9.4529587e+00
   9.4783525e+00
   9.5050196e+00
   9.5378801e+00
   9.5747463e+00
   9.6036618e+00
   9.6361042e+00
   9.6694740e+00
   9.7056567e+00
   9.7362200e+00
   9.7691619e+00
   9.7962951e+00
   9.8280033e+00
   9.8558739e+00
   9.8978550e+00
   9.9387127e+00
   9.9681275e+00
   1.0002308e+01
   1.0035520e+01
   1.0065729e+01
   1.0094633e+01
   1.0130163e+01
   1.0169044e+01
   1.0205482e+01
   1.0236728e+01
   1.0270060e+01
   1.0308819e+01
   1.0341823e+01
   1.0374177e+01
   1.0406769e+01
   1.0433551e+01
   1.0465500e+01
   1.0496752e+01
   1.0519669e+01
   1.0547226e+01
   1.0580275e+01
   1.0613254e+01
   1.0649101e+01
   1.0680982e+01
   1.0712504e+01
   1.0745359e+01
   1.0772901e+01
   1.0800957e+01
   1.0832379e+01
   1.0864724e+01
   1.0893177e+01
   1.0926919e+01
   1.0954437e+01
   1.0984512e+01
   1.1012250e+01
   1.1048548e+01
   1.1079775e+01
   1.1110217e+01
   1.1143465e+01
   1.1180454e+01
   1.1214679e+01
   1.1251787e+01
   1.1281824e+01
   1.1313946e+01
   1.1346549e+01
   1.1372252e+01
   1.1398167e+01
   1.1439096e+01
   1.1464655e+01
   1.1496821e+01
   1.1531012e+01
   1.1561806e+01
   1.1594046e+01
   1.1628265e+01
   1.1661933e+01
   1.1696148e+01
   1.1729477e+01
   1.1769197e+01
   1.1804393e+01
   1.1839688e+01
   1.1878590e+01
   1.1912954e+01
   1.1943457e+01
   1.1982185e+01
   1.2013388e+01
   1.2046030e+01
   1.2078150e+01
   1.2115286e+01
   1.2144557e+01
   1.2173838e+01
   1.2206148e+01
   1.2242037e+01
   1.2273936e+01
   1.2306278e+01
   1.2332988e+01
   1.2368580e+01
   1.2403207e+01
   1.2438529e+01
   1.2469635e+01
   1.2502535e+01
   1.2534014e+01
   1.2564555e+01
   1.2597238e+01
   1.2628150e+01
   1.2657308e+01
   1.2694087e+01
   1.2727004e+01
   1.2766764e+01
   1.2807785e+01
   1.2843149e+01
   1.2878710e+01
   1.2902246e+01
   1.2937550e+01
   1.2966648e+01
   1.3008524e+01
   1.3040014e+01
   1.3069955e+01
   1.3097261e+01
   1.3129765e+01
   1.3163533e+01
   1.3193564e+01
   1.3221514e+01
   1.3255706e+01
   1.3283995e+01
   1.3312191e+01
   1.3344365e+01
   1.3371206e+01
   1.3403005e+01
   1.3436630e+01
   1.3467486e+01
   1.3498445e+01
   1.3534952e+01
   1.3567616e+01
   1.3597276e+01
   1.3630254e+01
   1.3660684e+01
   1.3688568e+01
   1.3719378e+01
   1.3749997e+01
   1.3777046e+01
   1.3813155e+01
   1.3843863e+01
   1.3872200e+01
   1.3912298e+01
   1.3959300e+01
   1.4000788e+01
   1.4033884e+01
   1.4071539e+01
   1.4111672e+01
   1.4146352e+01
   1.4173148e+01
   1.4219749e+01
   1.4262284e+01
   1.4298854e+01
   1.4332208e+01
   1.4364348e+01
   1.4398199e+01
   1.4432867e+01
   1.4467036e+01
   1.4501333e+01
   1.4537294e+01
   1.4574341e+01
   1.4610068e+01
   1.4648450e+01
   1.4684738e+01
   1.4718050e+01
   1.4757778e+01
   1.4793280e+01
   1.4831969e+01
   1.4871370e+01
   1.4906871e+01
   1.4936599e+01
   1.4970533e+01
   1.5004956e+01
   1.5039924e+01
   1.5071123e+01
   1.5108096e+01
   1.5140453e+01
   1.5180694e+01
   1.5216374e+01
   1.5256944e+01
   1.5289917e+01
   1.5324069e+01
   1.5365574e+01
   1.5402624e+01
   1.5434501e+01
   1.5470729e+01
   1.5511161e+01
   1.5545237e+01
   1.5582501e+01
   1.5616564e+01
   1.5650756e+01
   1.5678881e+01
   1.5715897e+01
   1.5752141e+01
   1.5786061e+01
   1.5822568e+01
   1.5862475e+01
   1.5902258e+01
   1.5938523e+01
   1.5970646e+01
   1.5999701e+01
   1.6035499e+01
   1.6074948e+01
   1.6106002e+01
   1.6145560e+01
   1.6181848e+01
   1.6214799e+01
   1.6252807e+01
   1.6286713e+01
   1.6317852e+01
   1.6344630e+01
   1.6376318e+01
   1.6409694e+01
   1.6442655e+01
   1.6479087e+01
   1.6502629e+01
   1.6537180e+01
   1.6568357e+01
   1.6589996e+01
   1.6614513e+01
   1.6640542e+01
   1.6678859e+01
   1.6717025e+01
   1.6748213e+01
   1.6779384e+01
   1.6807928e+01
   1.6843064e+01
   1.6880645e+01
   1.6913303e+01
   1.6944962e+01
   1.6976168e+01
   1.7006097e+01
   1.7040438e+01
   1.7076700e+01
   1.7108080e+01
   1.7137445e+01
   1.7166766e+01
   1.7194492e+01
   1.7227972e+01
   1.7250914e+01
   1.7280920e+01
   1.7307084e+01
   1.7340211e+01
   1.7365978e+01
   1.7399044e+01
   1.7432288e+01
   1.7462528e+01
   1.7491630e+01
   1.7525917e+01
   1.7559891e+01
   1.7587518e+01
   1.7616570e+01
   1.7648041e+01
   1.7679791e+01
   1.7716969e+01
   1.7747126e+01
   1.7778568e+01
   1.7812221e+01
   1.7842557e+01
   1.7873952e+01
   1.7908408e+01
   1.7942345e+01
   1.7981775e+01
   1.8011401e+01
   1.8047413e+01
   1.8079705e+01
   1.8109280e+01
   1.8137953e+01
   1.8169306e+01
   1.8199752e+01
   1.8233258e+01
   1.8262580e+01
   1.8294196e+01
   1.8333118e+01
   1.8373769e+01
   1.8406513e+01
   1.8443053e+01
   1.8478782e+01
   1.8517036e+01
   1.8553029e+01
   1.8592309e+01
   1.8636235e+01
   1.8675311e+01
   1.8720608e+01
   1.8765552e+01
   1.8800173e+01
   1.8829411e+01
   1.8873545e+01
   1.8909633e+01
   1.8947424e+01
   1.8979530e+01
   1.9018796e+01
   1.9062153e+01
   1.9093408e+01
   1.9132065e+01
   1.9162085e+01
   1.9197325e+01
   1.9232027e+01
   1.9262940e+01
   1.9298122e+01
   1.9330666e+01
   1.9364811e+01
   1.9399279e+01
   1.9433636e+01
   1.9459951e+01
   1.9484981e+01
   1.9519902e+01
   1.9551041e+01
   1.9589609e+01
   1.9627893e+01
   1.9663815e+01
   1.9699785e+01
   1.9743342e+01
   1.9779697e+01
   1.9818670e+01
   1.9855963e+01
   1.9894051e+01
   1.9932024e+01
   1.9972872e+01
   2.0005922e+01
   2.0045963e+01
   2.0080279e+01
   2.0145388e+01
   2.0202628e+01
   2.0240286e+01
   2.0268237e+01
   2.0304978e+01
   2.0341115e+01
   2.0386030e+01
   2.0420689e+01
   2.0465342e+01
   2.0506404e+01
   2.0534743e+01
   2.0566182e+01
   2.0597078e+01
   2.0633819e+01
   2.0666100e+01
   2.0705895e+01
   2.0738234e+01
   2.0771054e+01
   2.0801706e+01
   2.0835556e+01
   2.0871948e+01
   2.0911988e+01
   2.0937078e+01
   2.0971391e+01
   2.0998191e+01
   2.1025539e+01
   2.1059097e+01
   2.1090231e+01
   2.1122939e+01
   2.1151589e+01
   2.1184290e+01
   2.1215028e+01
   2.1240485e+01
   2.1274985e+01
   2.1303452e+01
   2.1336500e+01
   2.1363091e+01
   2.1407683e+01
   2.1433495e+01
   2.1471747e+01
   2.1504880e+01
   2.1542808e+01
   2.1575797e+01
   2.1606974e+01
   2.1643383e+01
   2.1666795e+01
   2.1697817e+01
   2.1731481e+01
   2.1766604e+01
   2.1800293e+01
   2.1829628e+01
   2.1855200e+01
   2.1887670e+01
   2.1918832e+01
   2.1951527e+01
   2.1982532e+01
   2.2009032e+01
   2.2055560e+01
   2.2094125e+01
   2.2125613e+01
   2.2152938e+01
   2.2186490e+01
   2.2216360e+01
   2.2265290e+01
   2.2295048e+01
   2.2330175e+01
   2.2359510e+01
   2.2400191e+01
   2.2427852e+01
   2.2456557e+01
   2.2512329e+01
   2.2554133e+01
   2.2600520e+01
   2.2640453e+01
   2.2683034e+01
   2.2718899e+01
   2.2755382e+01
   2.2788715e+01
   2.2822439e+01
   2.2852940e+01
   2.2892496e+01
   2.2932146e+01
   2.2962687e+01
   2.3000790e+01
   2.3038959e+01
   2.3084874e+01
   2.3117390e+01
   2.3153794e+01
   2.3184164e+01
   2.3219318e+01
   2.3249551e+01
   2.3284586e+01
   2.3314324e+01
   2.3344155e+01
   2.3379672e+01
   2.3419522e+01
   2.3454978e+01
   2.3486827e+01
   2.3518078e+01
   2.3557339e+01
   2.3593279e+01
   2.3634182e+01
   2.3670379e+01
   2.3704194e+01
   2.3744624e+01
   2.3779823e+01
   2.3811864e+01
   2.3844431e+01
   2.3876820e+01
   2.3910695e+01
   2.3947430e+01
   2.3975717e+01
   2.4009833e+01
   2.4042218e+01
   2.4076307e+01
   2.4105205e+01
   2.4139506e+01
   2.4173687e+01
   2.4212595e+01
   2.4248178e+01
   2.4286555e+01
   2.4317642e+01
   2.4350820e+01
   2.4381485e+01
   2.4411691e+01
   2.4446016e+01
   2.4471470e+01
   2.4506401e+01
   2.4537034e+01
   2.4572359e+01
   2.4595691e+01
   2.4631269e+01
   2.4662904e+01
   2.4689410e+01
   2.4722793e+01
   2.4754037e+01
   2.4778053e+01
   2.4813531e+01
   2.4845401e+01
   2.4880595e+01
   2.4912504e+01
   2.4946633e+01
   2.4980986e+01
   2.5006896e+01
   2.5037412e+01
   2.5068426e+01
   2.5098213e+01
   2.5126855e+01
   2.5152498e+01
   2.5187541e+01
   2.5216978e+01
   2.5243826e+01
   2.5276339e+01
   2.5308419e+01
   2.5345082e+01
   2.5379065e+01
   2.5414646e+01
   2.5448372e+01
   2.5481275e+01
   2.5516464e+01
   2.5546829e+01
   2.5584442e+01
   2.5609969e+01
   2.5644294e+01
   2.5685323e+01
   2.5713386e+01
   2.5749422e+01
   2.5784913e+01
   2.5821170e+01
   2.5856841e+01
   2.5889527e+01
   2.5921505e+01
   2.5954950e+01
   2.5992644e+01
   2.6028933e+01
   2.6061622e+01
   2.6101781e+01
   2.6135531e+01
   2.6170581e+01
   2.6210222e+01
   2.6239627e+01
   2.6277982e+01
   2.6315107e+01
   2.6347797e+01
   2.6378372e+01
   2.6409160e+01
   2.6446928e+01
   2.6477532e+01
   2.6511185e+01
   2.6544358e+01
   2.6579352e+01
   2.6605307e+01
   2.6637877e+01
   2.6666873e+01
   2.6692620e+01
   2.6727271e+01
   2.6759939e+01
   2.6787963e+01
   2.6822285e+01
   2.6848284e+01
   2.6882703e+01
   2.6912596e+01
   2.6937557e+01
   2.6971523e+01
   2.7006948e+01
   2.7039707e+01
   2.7070611e+01
   2.7099200e+01
   2.7134426e+01
   2.7169937e+01
   2.7201361e+01
   2.7234619e+01
   2.7262319e+01
   2.7287937e+01
   2.7319999e+01
   2.7355753e+01
   2.7385425e+01
   2.7422696e+01
   2.7450679e+01
   2.7484764e+01
   2.7518994e+01
   2.7551423e+01
   2.7582268e+01
   2.7606596e+01
   2.7636435e+01
   2.7670143e+01
   2.7698197e+01
   2.7728661e+01
   2.7759472e+01
   2.7790463e+01
   2.7816082e+01
   2.7848576e+01
   2.7870768e+01
   2.7906901e+01
   2.7941219e+01
   2.7966062e+01
   2.7992548e+01
   2.8024596e+01
   2.8055995e+01
   2.8080984e+01
   2.8110174e+01
   2.8140268e+01
   2.8165547e+01
   2.8191003e+01
   2.8230122e+01
   2.8257769e+01
   2.8285965e+01
   2.8316858e+01
   2.8341947e+01
   2.8375786e+01
   2.8407414e+01
   2.8437192e+01
   2.8471679e+01
   2.8504626e+01
   2.8534802e+01
   2.8561112e+01
   2.8593606e+01
   2.8625829e+01
   2.8650290e+01
   2.8680961e+01
   2.8706218e+01
   2.8745156e+01
   2.8771632e+01
   2.8802573e+01
   2.8829961e+01
   2.8855169e+01
   2.8888096e+01
   2.8914139e+01
   2.8941314e+01
   2.8972280e+01
   2.9006601e+01
   2.9038393e+01
   2.9070956e+01
   2.9101716e+01
   2.9127198e+01
   2.9156730e+01
   2.9187649e+01
   2.9210011e+01
   2.9248158e+01
   2.9279032e+01
   2.9310982e+01
   2.9343961e+01
   2.9384033e+01
   2.9429827e+01
   2.9459396e+01
   2.9489387e+01
   2.9523777e+01
   2.9557636e+01
   2.9592114e+01
   2.9621509e+01
   2.9648534e+01
   2.9685704e+01
   2.9712933e+01
   2.9743548e+01
   2.9776930e+01
   2.9806740e+01
   2.9837197e+01
   2.9866286e+01
   2.9900668e+01
   2.9921288e+01
   2.9944828e+01
   2.9981807e+01
   3.0014049e+01
   3.0041398e+01
   3.0073598e+01
   3.0106636e+01
   3.0132304e+01
   3.0159021e+01
   3.0187388e+01
   3.0212592e+01
   3.0246281e+01
   3.0269366e+01
   3.0298965e+01
   3.0329542e+01
   3.0364554e+01
   3.0394903e+01
   3.0421778e+01
   3.0446248e+01
   3.0479593e+01
   3.0514784e+01
   3.0543912e+01
   3.0580599e+01
   3.0851566e+01
   3.0897373e+01
   3.0931133e+01
   3.0959158e+01
   3.0986047e+01
   3.1018047e+01
   3.1043985e+01
   3.1075253e+01
   3.1102591e+01
   3.1133396e+01
   3.1163814e+01
   3.1190504e+01
   3.1219474e+01
   3.1249657e+01
   3.1273835e+01
   3.1307272e+01
   3.1336939e+01
   3.1363451e+01
   3.1397425e+01
   3.1431865e+01
   3.1462730e+01
   3.1489055e+01
   3.1520395e+01
   3.1545947e+01
   3.1579168e+01
   3.1603942e+01
   3.1632483e+01
   3.1654966e+01
   3.1685535e+01
   3.1715089e+01
   3.1744921e+01
   3.1772724e+01
   3.1801351e+01
   3.1832507e+01
   3.1867403e+01
   3.1900642e+01
   3.1930601e+01
   3.1962245e+01
   3.1993120e+01
   3.2020343e+01
   3.2048154e+01
   3.2080002e+01
   3.2104985e+01
   3.2136263e+01
   3.2163465e+01
   3.2195008e+01
   3.2230891e+01
   3.2264516e+01
   3.2290758e+01
   3.2316962e+01
   3.2357312e+01
   3.2387500e+01
   3.2422834e+01
   3.2453817e+01
   3.2479725e+01
   3.2509055e+01
   3.2545158e+01
   3.2575239e+01
   3.2608951e+01
   3.2644157e+01
   3.2679840e+01
   3.2707804e+01
   3.2737112e+01
   3.2767316e+01
   3.2801386e+01
   3.2825246e+01
   3.2852720e+01
   3.2883277e+01
   3.2914439e+01
   3.2950127e+01
   3.2976504e+01
   3.3010061e+01
   3.3035345e+01
   3.3060144e+01
   3.3085472e+01
   3.3116007e+01
   3.3140528e+01
   3.3179562e+01
   3.3208099e+01
   3.3231262e+01
   3.3261122e+01
   3.3286130e+01
   3.3319151e+01
   3.3352801e+01
   3.3377845e+01
   3.3404517e+01
   3.3434655e+01
   3.3467166e+01
   3.3496690e+01
   3.3527622e+01
   3.3557320e+01
   3.3591691e+01
   3.3617919e+01
   3.3647113e+01
   3.3670183e+01
   3.3702149e+01
   3.3734661e+01
   3.3767224e+01
   3.3792721e+01
   3.3827503e+01
   3.3864214e+01
   3.3890331e+01
   3.3921281e+01
   3.3951683e+01
   3.3981393e+01
   3.4016304e+01
   3.4051581e+01
   3.4089011e+01
   3.4118149e+01
   3.4151467e+01
   3.4187183e+01
   3.4215304e+01
   3.4245626e+01
   3.4276232e+01
   3.4304385e+01
   3.4341529e+01
   3.4376323e+01
   3.4405570e+01
   3.4430827e+01
   3.4460710e+01
   3.4491980e+01
   3.4517091e+01
   3.4550051e+01
   3.4578997e+01
   3.4612211e+01
