   4.9340300e-07
   1.1435343e-06
   1.5795568e-06
   1.9320960e-06
   2.4328597e-06
   2.8439131e-06
   3.2613663e-06
   3.4766349e-06
   3.7910876e-06
   4.3362030e-06
   4.7942748e-06
   5.0759771e-06
   5.5818804e-06
   6.1034719e-06
   6.7141357e-06
   7.0114762e-06
   7.4156835e-06
   8.0197680e-06
   8.3596036e-06
   8.6098492e-06
   9.2549006e-06
   9.9839158e-06
   1.0399963e-05
   1.0936168e-05
   1.1126879e-05
   1.1614069e-05
   1.1909744e-05
   1.2117686e-05
   1.2543292e-05
   1.2960787e-05
   1.3459667e-05
   1.3953131e-05
   1.4480444e-05
   1.5079934e-05
   1.5507668e-05
   1.5956825e-05
   1.6274590e-05
   1.6627577e-05
   1.7224542e-05
   1.7784187e-05
   1.7934072e-05
   1.8538372e-05
   1.9068357e-05
   1.9712847e-05
   2.0048667e-05
   2.0217456e-05
   2.0625175e-05
   2.1059421e-05
   2.1383557e-05
   2.1944686e-05
   2.2550498e-05
   2.3036035e-05
   2.3330051e-05
   2.3604261e-05
   2.3858632e-05
   2.4270282e-05
   2.4769398e-05
   2.5317001e-05
   2.5920651e-05
   2.6566332e-05
   2.7217145e-05
   2.7467198e-05
   2.7704607e-05
   2.8174310e-05
   2.8358234e-05
   2.8861379e-05
   2.9323966e-05
   2.9908531e-05
   3.0533639e-05
   3.1084347e-05
   3.1578225e-05
   3.2059168e-05
   3.2588865e-05
   3.2948224e-05
   3.3382093e-05
   3.3730503e-05
   3.4073461e-05
   3.4353138e-05
   3.4668273e-05
   3.4869330e-05
   3.5317676e-05
   3.5645346e-05
   3.6009352e-05
   3.6604741e-05
   3.7108285e-05
   3.7477049e-05
   3.7745153e-05
   3.8084969e-05
   3.8539873e-05
   3.9202141e-05
   3.9333817e-05
   3.9765237e-05
   4.0332447e-05
   4.0666119e-05
   4.1204036e-05
   4.1759537e-05
   4.1912334e-05
   4.2331765e-05
   4.2574104e-05
   4.2915480e-05
   4.3450640e-05
   4.3913598e-05
   4.4367590e-05
   4.4629105e-05
   4.5063482e-05
   4.5585499e-05
   4.5989054e-05
   4.6635772e-05
   4.7239474e-05
   4.7757231e-05
   4.8163676e-05
   4.8534783e-05
   4.8899205e-05
   4.9309371e-05
   4.9910874e-05
   5.0376388e-05
   5.0699505e-05
   5.0956911e-05
   5.1372082e-05
   5.1609530e-05
   5.1885550e-05
   5.2131059e-05
   5.2514612e-05
   5.2979182e-05
   5.3387018e-05
   5.3545952e-05
   5.3917336e-05
   5.4390014e-05
   5.4626978e-05
   5.5036402e-05
   5.5577679e-05
   5.6122147e-05
   5.6505005e-05
   5.6894675e-05
   5.7206999e-05
   5.7658627e-05
   5.8085893e-05
   5.8363436e-05
   5.8817070e-05
   5.9208522e-05
   5.9750595e-05
   6.0203315e-05
   6.0699349e-05
   6.1124545e-05
   6.1652949e-05
   6.2237983e-05
   6.2636657e-05
   6.3057173e-05
   6.3454302e-05
   6.3795537e-05
   6.4337645e-05
   6.4952596e-05
   6.5437480e-05
   6.5795203e-05
   6.6212857e-05
   6.6686182e-05
   6.7010190e-05
   6.7270118e-05
   6.7640366e-05
   6.8255173e-05
   6.8656335e-05
   6.9085472e-05
   6.9565287e-05
   7.0030649e-05
   7.0344804e-05
   7.0765359e-05
   7.1128748e-05
   7.1579148e-05
   7.1718906e-05
   7.2253138e-05
   7.2984479e-05
   7.3382575e-05
   7.3781016e-05
   7.4185650e-05
   7.4680411e-05
   7.4926515e-05
   7.5415188e-05
   7.6034696e-05
   7.6323729e-05
   7.6722302e-05
   7.7192893e-05
   7.7633467e-05
   7.8080840e-05
   7.8449905e-05
   7.8703111e-05
   7.8932434e-05
   7.9125203e-05
   7.9607873e-05
   7.9957357e-05
   8.0333109e-05
   8.0719430e-05
   8.1217182e-05
   8.1548070e-05
   8.2076788e-05
   8.2451405e-05
   8.2692920e-05
   8.3025692e-05
   8.3569225e-05
   8.4192920e-05
   8.5902933e-05
   8.6307850e-05
   8.7377382e-05
   8.8667371e-05
   8.9311011e-05
   8.9964432e-05
   9.1206433e-05
   9.2485531e-05
   9.3409825e-05
   9.4047667e-05
   9.4785526e-05
   9.5454067e-05
   9.6132585e-05
   9.6918850e-05
   9.7407909e-05
   9.8392360e-05
   9.8946449e-05
   1.0032573e-04
   1.0130448e-04
   1.0240627e-04
   1.0364879e-04
   1.0406825e-04
   1.0484051e-04
   1.0563320e-04
   1.0619941e-04
   1.0719628e-04
   1.0835957e-04
   1.0886824e-04
   1.0999157e-04
   1.1090477e-04
   1.1206357e-04
   1.1303315e-04
   1.1411367e-04
   1.1482680e-04
   1.1547493e-04
   1.1609729e-04
   1.1693537e-04
   1.1796573e-04
   1.1889694e-04
   1.2011617e-04
   1.2093893e-04
   1.2134165e-04
   1.2203470e-04
   1.2277720e-04
   1.2359571e-04
   1.2433907e-04
   1.2577871e-04
   1.2692212e-04
   1.2804987e-04
   1.2878169e-04
   1.2946122e-04
   1.3072032e-04
   1.3191572e-04
   1.3306669e-04
   1.3413215e-04
   1.3494507e-04
   1.3577391e-04
   1.3668123e-04
   1.3765179e-04
   1.3842364e-04
   1.3910120e-04
   1.3979632e-04
   1.4054659e-04
   1.4147585e-04
   1.4211853e-04
   1.4283364e-04
   1.4376136e-04
   1.4456582e-04
   1.4504284e-04
   1.4591934e-04
   1.4637936e-04
   1.4701935e-04
   1.4761689e-04
   1.4888739e-04
   1.4987699e-04
   1.5066527e-04
   1.5158184e-04
   1.5280797e-04
   1.5349868e-04
   1.5411832e-04
   1.5488977e-04
   1.5557761e-04
   1.5615046e-04
   1.5664327e-04
   1.5728344e-04
   1.5771601e-04
   1.5849937e-04
   1.5952676e-04
   1.6059085e-04
   1.6142344e-04
   1.6236335e-04
   1.6325725e-04
   1.6429754e-04
   1.6513078e-04
   1.6593186e-04
   1.6664336e-04
   1.6779687e-04
   1.6857985e-04
   1.6941149e-04
   1.7030607e-04
   1.7137022e-04
   1.7204203e-04
   1.7268636e-04
   1.7387270e-04
   1.7464820e-04
   1.7554755e-04
   1.7622782e-04
   1.7748483e-04
   1.7820995e-04
   1.7923294e-04
   1.8040356e-04
   1.8140160e-04
   1.8243605e-04
   1.8281183e-04
   1.8387629e-04
   1.8490972e-04
   1.8532602e-04
   1.8599918e-04
   1.8633294e-04
   1.8678757e-04
   1.8733357e-04
   1.8795850e-04
   1.8875219e-04
   1.8946654e-04
   1.9060219e-04
   1.9214614e-04
   1.9303172e-04
   1.9371256e-04
   1.9466067e-04
   1.9569022e-04
   1.9597104e-04
   1.9670165e-04
   1.9772286e-04
   1.9883834e-04
   1.9986871e-04
   2.0109698e-04
   2.0187444e-04
   2.0226412e-04
   2.0321141e-04
   2.0402059e-04
   2.0464224e-04
   2.0559179e-04
   2.0676025e-04
   2.0787822e-04
   2.0891319e-04
   2.1002692e-04
   2.1054560e-04
   2.1119990e-04
   2.1199962e-04
   2.1283719e-04
   2.1338049e-04
   2.1431104e-04
   2.1520949e-04
   2.1575521e-04
   2.1646778e-04
   2.1739233e-04
   2.1813655e-04
   2.1902197e-04
   2.2006007e-04
   2.2156933e-04
   2.2222726e-04
   2.2278697e-04
   2.2365027e-04
   2.2451748e-04
   2.2547286e-04
   2.2631801e-04
   2.2684470e-04
   2.2772686e-04
   2.2849893e-04
   2.2932727e-04
   2.3016583e-04
   2.3068270e-04
   2.3144745e-04
   2.3232483e-04
   2.3369485e-04
   2.3412678e-04
   2.3503151e-04
   2.3557083e-04
   2.3649006e-04
   2.3749539e-04
   2.3817413e-04
   2.3916165e-04
   2.3977286e-04
   2.4052966e-04
   2.4117309e-04
   2.4163897e-04
   2.4218322e-04
   2.4324096e-04
   2.4412767e-04
   2.4464299e-04
   2.4520784e-04
   2.4639591e-04
   2.4746176e-04
   2.4849625e-04
   2.4966061e-04
   2.5073984e-04
   2.5144464e-04
   2.5205755e-04
   2.5275350e-04
   2.5329875e-04
   2.5605182e-04
   2.5803243e-04
   2.5926472e-04
   2.6040027e-04
   2.6127192e-04
   2.6238813e-04
   2.6381217e-04
   2.6545978e-04
   2.6721254e-04
   2.6853983e-04
   2.6967576e-04
   2.7166039e-04
   2.7296798e-04
   2.7442025e-04
   2.7593770e-04
   2.7762845e-04
   2.7886033e-04
   2.8035217e-04
   2.8189525e-04
   2.8307588e-04
   2.8403405e-04
   2.8576087e-04
   2.8711932e-04
   2.8848278e-04
   2.8990103e-04
   2.9160155e-04
   2.9350302e-04
   2.9534633e-04
   2.9649297e-04
   2.9800591e-04
   2.9985467e-04
   3.0122112e-04
   3.0257572e-04
   3.0360142e-04
   3.0483206e-04
   3.0594161e-04
   3.0688644e-04
   3.0804133e-04
   3.0912757e-04
   3.1030141e-04
   3.1202869e-04
   3.1338645e-04
   3.1462468e-04
   3.1600391e-04
   3.1691089e-04
   3.1883445e-04
   3.2069831e-04
   3.2180520e-04
   3.2327014e-04
   3.2428146e-04
   3.2497792e-04
   3.2625467e-04
   3.2749303e-04
   3.2949851e-04
   3.3064611e-04
   3.3173757e-04
   3.3296630e-04
   3.3371399e-04
   3.3459855e-04
   3.3551247e-04
   3.3668375e-04
   3.3798293e-04
   3.3981087e-04
   3.4042897e-04
   3.4180821e-04
   3.4314061e-04
   3.4382122e-04
   3.4542620e-04
   3.4677730e-04
   3.4815406e-04
   3.4961586e-04
   3.5164178e-04
   3.5325678e-04
   3.5480607e-04
   3.5656947e-04
   3.5872712e-04
   3.5995478e-04
   3.6107630e-04
   3.6269824e-04
   3.6438166e-04
   3.6615385e-04
   3.6730243e-04
   3.6880490e-04
   3.7048852e-04
   3.7240882e-04
   3.7398718e-04
   3.7511725e-04
   3.7596816e-04
   3.7728939e-04
   3.7876170e-04
   3.8071830e-04
   3.8242844e-04
   3.8410880e-04
   3.8530870e-04
   3.8701280e-04
   3.8845580e-04
   3.8981790e-04
   3.9111660e-04
   3.9191495e-04
   3.9260438e-04
   3.9400442e-04
   3.9494195e-04
   3.9644228e-04
   3.9851489e-04
   3.9963210e-04
   4.0119407e-04
   4.0262002e-04
   4.0350858e-04
   4.0511763e-04
   4.0643666e-04
   4.0787427e-04
   4.0850282e-04
   4.1008085e-04
   4.1067746e-04
   4.1101920e-04
   4.1186983e-04
   4.1339975e-04
   4.1485407e-04
   4.1599879e-04
   4.1780468e-04
   4.1965888e-04
   4.2126479e-04
   4.2311616e-04
   4.2469246e-04
   4.2626771e-04
   4.2722661e-04
   4.2834050e-04
   4.2892427e-04
   4.3078848e-04
   4.3186338e-04
   4.3324832e-04
   4.3499321e-04
   4.3633585e-04
   4.3815942e-04
   4.4030731e-04
   4.4170042e-04
   4.4264229e-04
   4.4371079e-04
   4.4461926e-04
   4.4570171e-04
   4.4691675e-04
   4.4812771e-04
   4.4977172e-04
   4.5164399e-04
   4.5285049e-04
   4.5355970e-04
   4.5443802e-04
   4.5583413e-04
   4.5677224e-04
   4.5812218e-04
   4.5964897e-04
   4.6132535e-04
   4.6251392e-04
   4.6305737e-04
   4.6388293e-04
   4.6537964e-04
   4.6693643e-04
   4.6842367e-04
   4.6962715e-04
   4.7064555e-04
   4.7231848e-04
   4.7333297e-04
   4.7464205e-04
   4.7587146e-04
   4.7683141e-04
   4.7809656e-04
   4.7908396e-04
   4.8065472e-04
   4.8132172e-04
   4.8260972e-04
   4.8323009e-04
   4.8436959e-04
   4.8539983e-04
   4.8676578e-04
   4.8801661e-04
   4.8966156e-04
   4.9084774e-04
   4.9293867e-04
   4.9453658e-04
   4.9515126e-04
   4.9751812e-04
   4.9949690e-04
   5.0148892e-04
   5.0304607e-04
   5.0386128e-04
   5.0506895e-04
   5.0655237e-04
   5.0788235e-04
   5.0869446e-04
   5.0983927e-04
   5.1096703e-04
   5.1257429e-04
   5.1369729e-04
   5.1539256e-04
   5.1634061e-04
   5.1787092e-04
   5.1958435e-04
   5.2155380e-04
   5.2345674e-04
   5.2455675e-04
   5.2713467e-04
   5.2862010e-04
   5.3031387e-04
   5.3201465e-04
   5.3295113e-04
   5.3417507e-04
   5.3580015e-04
   5.3704062e-04
   5.3845384e-04
   5.3969183e-04
   5.4256872e-04
   5.4473241e-04
   5.4614834e-04
   5.4716304e-04
   5.4867716e-04
   5.5151079e-04
   5.5401537e-04
   5.5595597e-04
   5.5745398e-04
   5.5970461e-04
   5.6149744e-04
   5.6386714e-04
   5.6591664e-04
   5.6789741e-04
   5.6886381e-04
   5.6951224e-04
   5.7152126e-04
   5.7247975e-04
   5.7483988e-04
   5.7640846e-04
   5.7857022e-04
   5.7986454e-04
   5.8174262e-04
   5.8384775e-04
   5.8548746e-04
   5.8676610e-04
   5.8854198e-04
   5.9060036e-04
   5.9281871e-04
   5.9461084e-04
   5.9519465e-04
   5.9684637e-04
   5.9831913e-04
   5.9934103e-04
   6.0037061e-04
   6.0167497e-04
   6.0289525e-04
   6.0498357e-04
   6.0713376e-04
   6.0967767e-04
   6.1101032e-04
   6.1230466e-04
   6.1408208e-04
   6.1553076e-04
   6.1734684e-04
   6.1934088e-04
   6.2196811e-04
   6.2406948e-04
   6.2567223e-04
   6.2724779e-04
   6.2909541e-04
   6.3075740e-04
   6.3311310e-04
   6.3500910e-04
   6.3649131e-04
   6.3821492e-04
   6.3991782e-04
   6.4250371e-04
   6.4472807e-04
   6.4762557e-04
   6.4924134e-04
   6.5086340e-04
   6.5206248e-04
   6.5384641e-04
   6.5559975e-04
   6.5722984e-04
   6.5931732e-04
   6.6119258e-04
   6.6287606e-04
   6.6423635e-04
   6.6568998e-04
   6.6769446e-04
   6.6924226e-04
   6.7009092e-04
   6.7134960e-04
   6.7282495e-04
   6.7354328e-04
   6.7576171e-04
   6.7696550e-04
   6.7803664e-04
   6.7899579e-04
   6.8094724e-04
   6.8268481e-04
   6.8472945e-04
   6.8678334e-04
   6.8903501e-04
   6.9100635e-04
   6.9356631e-04
   6.9619607e-04
   6.9844096e-04
   7.0084993e-04
   7.0251654e-04
   7.0411224e-04
   7.0551339e-04
   7.0698952e-04
   7.0830454e-04
   7.1031702e-04
   7.1199970e-04
   7.1374125e-04
   7.1577690e-04
   7.1765581e-04
   7.1874902e-04
   7.1996712e-04
   7.2112479e-04
   7.2320777e-04
   7.2537435e-04
   7.2702968e-04
   7.2760655e-04
   7.2904469e-04
   7.3086812e-04
   7.3301710e-04
   7.3475733e-04
   7.3669523e-04
   7.3878575e-04
   7.4016510e-04
   7.4061119e-04
   7.4245435e-04
   7.4397746e-04
   7.4593157e-04
   7.4783727e-04
   7.4984181e-04
   7.5183214e-04
   7.5381401e-04
   7.5513247e-04
   7.5637209e-04
   7.5788947e-04
   7.6042887e-04
   7.6256593e-04
   7.6480113e-04
   7.6603874e-04
   7.6788455e-04
   7.6983685e-04
   7.7174946e-04
   7.7417851e-04
   7.7609697e-04
   7.7752315e-04
   7.8014805e-04
   7.8181774e-04
   7.8357592e-04
   7.8527250e-04
   7.8722725e-04
   7.8952129e-04
   7.9160330e-04
   7.9324894e-04
   7.9480183e-04
   7.9731063e-04
   7.9886748e-04
   8.0080025e-04
   8.0305336e-04
   8.0591692e-04
   8.0795854e-04
   8.0851761e-04
   8.0983875e-04
   8.1184799e-04
   8.1324998e-04
   8.1460152e-04
   8.1596187e-04
   8.1758839e-04
   8.1887566e-04
   8.1988001e-04
   8.2090538e-04
   8.2241307e-04
   8.2399236e-04
   8.2664577e-04
   8.2801301e-04
   8.3016575e-04
   8.3225975e-04
   8.3455226e-04
   8.3674005e-04
   8.3874499e-04
   8.4073512e-04
   8.4299459e-04
   8.4515318e-04
   8.4668378e-04
   8.4896856e-04
   8.5044807e-04
   8.5235397e-04
   8.5445521e-04
   8.5603798e-04
   8.5772936e-04
   8.5995990e-04
   8.6060963e-04
   8.6224544e-04
   8.6389590e-04
   8.6635581e-04
   8.6894248e-04
   8.7114722e-04
   8.7372325e-04
   8.7581245e-04
   8.7788365e-04
   8.8032456e-04
   8.8218808e-04
   8.8476287e-04
   8.8669928e-04
   8.8813958e-04
   8.9094818e-04
   8.9381268e-04
   8.9679446e-04
   8.9955350e-04
   9.0302468e-04
   9.0517982e-04
   9.0704568e-04
   9.0886817e-04
   9.1102626e-04
   9.1338185e-04
   9.1578448e-04
   9.1811612e-04
   9.1991152e-04
   9.2135879e-04
   9.2364905e-04
   9.2583866e-04
   9.2837881e-04
   9.3075804e-04
   9.3349903e-04
   9.3574060e-04
   9.3815589e-04
   9.4022894e-04
   9.4272272e-04
   9.4508827e-04
   9.4720244e-04
   9.4960460e-04
   9.5145503e-04
   9.5466015e-04
   9.5609404e-04
   9.5854087e-04
   9.6095880e-04
   9.6270443e-04
   9.6440438e-04
   9.6634319e-04
   9.6827442e-04
   9.7041682e-04
   9.7189000e-04
   9.7490084e-04
   9.7768879e-04
   9.8006786e-04
   9.8196811e-04
   9.8446975e-04
   9.8632692e-04
   9.8923279e-04
   9.9150617e-04
   9.9429677e-04
   9.9614625e-04
   9.9756670e-04
   9.9893381e-04
   1.0006553e-03
   1.0028250e-03
   1.0054285e-03
   1.0069843e-03
   1.0079760e-03
   1.0104198e-03
   1.0138733e-03
   1.0172189e-03
   1.0192650e-03
   1.0214680e-03
   1.0236586e-03
   1.0251663e-03
   1.0268292e-03
   1.0288349e-03
   1.0307834e-03
   1.0332613e-03
   1.0355576e-03
   1.0380971e-03
   1.0399617e-03
   1.0428696e-03
   1.0455756e-03
   1.0474412e-03
   1.0501089e-03
   1.0521548e-03
   1.0543708e-03
   1.0571833e-03
   1.0599854e-03
   1.0624271e-03
   1.0637734e-03
   1.0655012e-03
   1.0684050e-03
   1.0714021e-03
   1.0729613e-03
   1.0744747e-03
   1.0766302e-03
   1.0787083e-03
   1.0805884e-03
   1.0825220e-03
   1.0857039e-03
   1.0878511e-03
   1.0889450e-03
   1.0915465e-03
   1.0933454e-03
   1.0960411e-03
   1.0982625e-03
   1.1004362e-03
   1.1042314e-03
   1.1068310e-03
   1.1085019e-03
   1.1115507e-03
   1.1141696e-03
   1.1170027e-03
   1.1199259e-03
   1.1224987e-03
   1.1254488e-03
   1.1277772e-03
   1.1295367e-03
   1.1320930e-03
   1.1349809e-03
   1.1374533e-03
   1.1391230e-03
   1.1421304e-03
   1.1441410e-03
   1.1470846e-03
   1.1498160e-03
   1.1521551e-03
   1.1549381e-03
   1.1576757e-03
   1.1592847e-03
   1.1616206e-03
   1.1634925e-03
   1.1655271e-03
   1.1680348e-03
   1.1710508e-03
   1.1734904e-03
   1.1767652e-03
   1.1794359e-03
   1.1814633e-03
   1.1832878e-03
   1.1855792e-03
   1.1880006e-03
   1.1907139e-03
   1.1911883e-03
   1.1931078e-03
   1.1946493e-03
   1.1957659e-03
   1.1979671e-03
   1.2005182e-03
   1.2028430e-03
   1.2049907e-03
   1.2078662e-03
   1.2101761e-03
   1.2131134e-03
   1.2153675e-03
   1.2178000e-03
   1.2188754e-03
   1.2205508e-03
   1.2220724e-03
   1.2245420e-03
   1.2270382e-03
   1.2294228e-03
   1.2317709e-03
   1.2334737e-03
   1.2357517e-03
   1.2372779e-03
   1.2402688e-03
   1.2433223e-03
   1.2453437e-03
   1.2463476e-03
   1.2484586e-03
   1.2518776e-03
   1.2547088e-03
   1.2565612e-03
   1.2587540e-03
   1.2612121e-03
   1.2641444e-03
   1.2655993e-03
   1.2673230e-03
   1.2685214e-03
   1.2711633e-03
   1.2741924e-03
   1.2749886e-03
   1.2775718e-03
   1.2803116e-03
   1.2828470e-03
   1.2865758e-03
   1.2889723e-03
   1.2904463e-03
   1.2923027e-03
   1.2939426e-03
   1.2966722e-03
   1.2976875e-03
   1.3005565e-03
   1.3025515e-03
   1.3049911e-03
   1.3066033e-03
   1.3082934e-03
   1.3094981e-03
   1.3124449e-03
   1.3157092e-03
   1.3165041e-03
   1.3195443e-03
   1.3218804e-03
   1.3244729e-03
   1.3276284e-03
   1.3305609e-03
