   1.3115953e-11
   2.9082292e-11
   4.1465387e-11
   5.6026184e-11
   6.9810602e-11
   8.4321217e-11
   1.0022261e-10
   1.1507728e-10
   1.3183066e-10
   1.4742185e-10
   1.5989110e-10
   1.7459678e-10
   1.9127644e-10
   2.0799540e-10
   2.2564828e-10
   2.4066527e-10
   2.5347380e-10
   2.7105251e-10
   2.8134994e-10
   2.9611325e-10
   3.0883440e-10
   3.2449177e-10
   3.3819514e-10
   3.5455361e-10
   3.6973014e-10
   3.8726489e-10
   4.0054571e-10
   4.1230586e-10
   4.2569293e-10
   4.4154991e-10
   4.5579884e-10
   4.7086823e-10
   4.8241366e-10
   4.9903826e-10
   5.0759141e-10
   5.1986104e-10
   5.3423799e-10
   5.4687721e-10
   5.6340466e-10
   5.7279204e-10
   5.8774663e-10
   6.0176863e-10
   6.1672822e-10
   6.3282712e-10
   6.4583650e-10
   6.6015238e-10
   6.7381700e-10
   6.8773787e-10
   7.0063322e-10
   7.1622286e-10
   7.3212758e-10
   7.4474316e-10
   7.6155082e-10
   7.7519979e-10
   7.8842322e-10
   8.0450235e-10
   8.1880980e-10
   8.3339524e-10
   8.4872975e-10
   8.5998009e-10
   8.7201291e-10
   8.8739249e-10
   9.0366381e-10
   9.1870933e-10
   9.3003294e-10
   9.4379637e-10
   9.5796948e-10
   9.7634978e-10
   9.8614283e-10
   1.0019019e-09
   1.0147617e-09
   1.0284813e-09
   1.0428466e-09
   1.0544419e-09
   1.0681408e-09
   1.0811110e-09
   1.0972181e-09
   1.1097917e-09
   1.1247431e-09
   1.1381533e-09
   1.1498823e-09
   1.1653168e-09
   1.1814145e-09
   1.1953961e-09
   1.2137712e-09
   1.2291199e-09
   1.2439683e-09
   1.2589829e-09
   1.2754688e-09
   1.2870212e-09
   1.3017913e-09
   1.3166251e-09
   1.3344889e-09
   1.3463459e-09
   1.3627247e-09
   1.3717346e-09
   1.3889976e-09
   1.4042537e-09
   1.4158632e-09
   1.4295173e-09
   1.4480899e-09
   1.4614081e-09
   1.4780467e-09
   1.4899425e-09
   1.4993726e-09
   1.5133770e-09
   1.5302540e-09
   1.5487485e-09
   1.5631851e-09
   1.5785186e-09
   1.5947764e-09
   1.6100138e-09
   1.6246426e-09
   1.6443762e-09
   1.6617393e-09
   1.6745091e-09
   1.6873889e-09
   1.7013981e-09
   1.7162676e-09
   1.7304712e-09
   1.7452578e-09
   1.7575442e-09
   1.7668296e-09
   1.7808133e-09
   1.7939051e-09
   1.8066190e-09
   1.8216024e-09
   1.8410788e-09
   1.8548614e-09
   1.8696029e-09
   1.8855852e-09
   1.8943763e-09
   1.9113371e-09
   1.9244353e-09
   1.9382070e-09
   1.9505955e-09
   1.9676915e-09
   1.9797963e-09
   1.9934175e-09
   2.0049936e-09
   2.0197339e-09
   2.0334789e-09
   2.0453638e-09
   2.0563515e-09
   2.0705453e-09
   2.0818932e-09
   2.0960680e-09
   2.1072015e-09
   2.1201170e-09
   2.1311183e-09
   2.1420016e-09
   2.1554071e-09
   2.1710436e-09
   2.1846408e-09
   2.1985848e-09
   2.2082826e-09
   2.2243586e-09
   2.2360283e-09
   2.2489052e-09
   2.2594486e-09
   2.2755609e-09
   2.2882770e-09
   2.3021922e-09
   2.3185462e-09
   2.3321164e-09
   2.3439986e-09
   2.3585359e-09
   2.3754428e-09
   2.3854417e-09
   2.3943428e-09
   2.4091653e-09
   2.4220574e-09
   2.4326484e-09
   2.4487679e-09
   2.4611648e-09
   2.4784983e-09
   2.4942287e-09
   2.5068778e-09
   2.5234205e-09
   2.5372171e-09
   2.5522063e-09
   2.5640906e-09
   2.5765977e-09
   2.5895075e-09
   2.6052490e-09
   2.6195408e-09
   2.6351893e-09
   2.6498834e-09
   2.6634746e-09
   2.6768590e-09
   2.6890494e-09
   2.6999704e-09
   2.7158922e-09
   2.7288378e-09
   2.7449812e-09
   2.7577837e-09
   2.7708889e-09
   2.7827548e-09
   2.7923580e-09
   2.8096757e-09
   2.8700852e-09
   2.9302978e-09
   3.0067403e-09
   3.0671818e-09
   3.1267297e-09
   3.1990779e-09
   3.2386919e-09
   3.3114453e-09
   3.3698296e-09
   3.4390101e-09
   3.4892405e-09
   3.5444891e-09
   3.5950798e-09
   3.6625607e-09
   3.7300399e-09
   3.7843343e-09
   3.8292749e-09
   3.9059150e-09
   3.9651185e-09
   4.0412331e-09
   4.0831678e-09
   4.1224513e-09
   4.1687386e-09
   4.2308730e-09
   4.2850775e-09
   4.3322202e-09
   4.3889582e-09
   4.4410438e-09
   4.5052283e-09
   4.5593700e-09
   4.6125659e-09
   4.6574600e-09
   4.7094807e-09
   4.7689502e-09
   4.8311134e-09
   4.8972163e-09
   4.9582445e-09
   5.0095104e-09
   5.0817545e-09
   5.1218905e-09
   5.1744141e-09
   5.2164455e-09
   5.2703824e-09
   5.3342545e-09
   5.3985314e-09
   5.4803992e-09
   5.5211349e-09
   5.5662794e-09
   5.6233532e-09
   5.6891579e-09
   5.7415568e-09
   5.7971521e-09
   5.8681161e-09
   5.9256938e-09
   5.9817563e-09
   6.0476377e-09
   6.0998705e-09
   6.1747453e-09
   6.2246305e-09
   6.2876120e-09
   6.3383561e-09
   6.3919940e-09
   6.4417759e-09
   6.5016406e-09
   6.5555381e-09
   6.6196773e-09
   6.6914285e-09
   6.7406988e-09
   6.7919503e-09
   6.8389836e-09
   6.8923417e-09
   6.9517491e-09
   7.0177942e-09
   7.0765476e-09
   7.1395075e-09
   7.1926654e-09
   7.2535956e-09
   7.3190088e-09
   7.3848025e-09
   7.4483539e-09
   7.5216459e-09
   7.5775495e-09
   7.6420008e-09
   7.7035183e-09
   7.7532558e-09
   7.8108602e-09
   7.8590224e-09
   7.9104736e-09
   7.9564120e-09
   8.0230006e-09
   8.0950112e-09
   8.1656846e-09
   8.2094378e-09
   8.2791445e-09
   8.3375014e-09
   8.4087496e-09
   8.4581597e-09
   8.5000016e-09
   8.5567390e-09
   8.6131484e-09
   8.6624838e-09
   8.7133410e-09
   8.7679544e-09
   8.8170603e-09
   8.8579208e-09
   8.9102364e-09
   8.9629183e-09
   9.0269705e-09
   9.0901345e-09
   9.1442336e-09
   9.2032997e-09
   9.2651395e-09
   9.3253648e-09
   9.3913991e-09
   9.4336324e-09
   9.4860959e-09
   9.5419120e-09
   9.5907947e-09
   9.6436205e-09
   9.7029026e-09
   9.7758205e-09
   9.8280922e-09
   9.8780814e-09
   9.9373477e-09
   9.9995866e-09
   1.0063823e-08
   1.0111728e-08
   1.0161214e-08
   1.0219456e-08
   1.0257476e-08
   1.0295094e-08
   1.0352566e-08
   1.0397345e-08
   1.0450172e-08
   1.0516999e-08
   1.0552196e-08
   1.0605824e-08
   1.0658163e-08
   1.0693203e-08
   1.0736362e-08
   1.0780770e-08
   1.0847596e-08
   1.0893867e-08
   1.0949938e-08
   1.1011069e-08
   1.1067656e-08
   1.1122863e-08
   1.1182239e-08
   1.1231477e-08
   1.1282000e-08
   1.1336715e-08
   1.1388994e-08
   1.1460347e-08
   1.1542441e-08
   1.1610066e-08
   1.1650078e-08
   1.1704153e-08
   1.1761242e-08
   1.1815394e-08
   1.1874199e-08
   1.1933720e-08
   1.2002995e-08
   1.2054485e-08
   1.2103854e-08
   1.2149623e-08
   1.2216006e-08
   1.2273746e-08
   1.2348699e-08
   1.2402395e-08
   1.2452834e-08
   1.2521435e-08
   1.2584641e-08
   1.2625573e-08
   1.2679683e-08
   1.2747391e-08
   1.2810259e-08
   1.2864027e-08
   1.2917500e-08
   1.2966578e-08
   1.3024302e-08
   1.3080293e-08
   1.3126870e-08
   1.3181557e-08
   1.3245443e-08
   1.3297734e-08
   1.3354724e-08
   1.3422795e-08
   1.3473989e-08
   1.3516739e-08
   1.3568557e-08
   1.3636700e-08
   1.3691750e-08
   1.3763197e-08
   1.3814283e-08
   1.3861281e-08
   1.3905983e-08
   1.3963111e-08
   1.4025575e-08
   1.4072278e-08
   1.4117567e-08
   1.4253806e-08
   1.4407104e-08
   1.4533793e-08
   1.4678704e-08
   1.4792225e-08
   1.4901809e-08
   1.5047123e-08
   1.5198650e-08
   1.5292249e-08
   1.5416736e-08
   1.5508185e-08
   1.5682109e-08
   1.5833075e-08
   1.5956976e-08
   1.6104533e-08
   1.6226544e-08
   1.6328311e-08
   1.6466653e-08
   1.6588088e-08
   1.6700474e-08
   1.6813760e-08
   1.6995040e-08
   1.7134982e-08
   1.7274032e-08
   1.7405152e-08
   1.7570779e-08
   1.7663623e-08
   1.7806988e-08
   1.7944683e-08
   1.8030030e-08
   1.8175581e-08
   1.8322337e-08
   1.8430816e-08
   1.8553292e-08
   1.8667045e-08
   1.8766030e-08
   1.8895486e-08
   1.9013735e-08
   1.9117707e-08
   1.9260842e-08
   1.9380648e-08
   1.9492466e-08
   1.9640317e-08
   1.9780775e-08
   1.9945874e-08
   2.0042520e-08
   2.0221109e-08
   2.0350961e-08
   2.0445938e-08
   2.0561783e-08
   2.0693187e-08
   2.0821163e-08
   2.0945206e-08
   2.1058634e-08
   2.1182756e-08
   2.1344003e-08
   2.1452585e-08
   2.1552324e-08
   2.1681039e-08
   2.1819593e-08
   2.1915145e-08
   2.2048037e-08
   2.2156257e-08
   2.2266448e-08
   2.2416822e-08
   2.2536141e-08
   2.2661075e-08
   2.2740955e-08
   2.2855755e-08
   2.2968008e-08
   2.3106492e-08
   2.3265469e-08
   2.3376477e-08
   2.3499561e-08
   2.3600097e-08
   2.3752859e-08
   2.3887725e-08
   2.4013745e-08
   2.4107308e-08
   2.4204977e-08
   2.4338468e-08
   2.4458515e-08
   2.4584504e-08
   2.4696609e-08
   2.4829215e-08
   2.4924853e-08
   2.5058546e-08
   2.5164962e-08
   2.5307902e-08
   2.5449673e-08
   2.5557701e-08
   2.5673788e-08
   2.5795875e-08
   2.5875129e-08
   2.6012155e-08
   2.6133214e-08
   2.6275254e-08
   2.6408488e-08
   2.6519467e-08
   2.6662671e-08
   2.6786471e-08
   2.6908970e-08
   2.7067239e-08
   2.7164080e-08
   2.7296426e-08
   2.7406680e-08
   2.7530136e-08
   2.7679955e-08
   2.7845081e-08
   2.7974957e-08
   2.8106236e-08
   2.8225522e-08
   2.8341618e-08
   2.8466304e-08
   2.8589847e-08
   2.8701507e-08
   2.8813952e-08
   2.8943733e-08
   2.9047412e-08
   2.9181089e-08
   2.9329052e-08
   2.9488407e-08
   2.9576967e-08
   2.9698566e-08
   2.9832999e-08
   2.9969246e-08
   3.0086813e-08
   3.0213036e-08
   3.0336665e-08
   3.0477871e-08
   3.0605917e-08
   3.0760566e-08
   3.0902068e-08
   3.1013019e-08
   3.1159512e-08
   3.1284167e-08
   3.1397713e-08
   3.1530105e-08
   3.1667388e-08
   3.1792876e-08
   3.1901778e-08
   3.2024051e-08
   3.2169972e-08
   3.2264570e-08
   3.2373531e-08
   3.2469107e-08
   3.2584459e-08
   3.2712582e-08
   3.2811416e-08
   3.2930956e-08
   3.3094298e-08
   3.3204054e-08
   3.3346098e-08
   3.3464059e-08
   3.3600070e-08
   3.3731954e-08
   3.3858489e-08
   3.3968717e-08
   3.4112063e-08
   3.4240563e-08
   3.4398213e-08
   3.4506289e-08
   3.4628398e-08
   3.4758988e-08
   3.4864858e-08
   3.4974323e-08
   3.5109122e-08
   3.5188203e-08
   3.5286725e-08
   3.5416360e-08
   3.5520263e-08
   3.5629002e-08
   3.5743943e-08
   3.5853601e-08
   3.5961321e-08
   3.6065814e-08
   3.6157406e-08
   3.6286680e-08
   3.6375005e-08
   3.6468570e-08
   3.6607636e-08
   3.6756622e-08
   3.6885175e-08
   3.6996319e-08
   3.7120921e-08
   3.7234712e-08
   3.7400984e-08
   3.7538200e-08
   3.7680588e-08
   3.7807044e-08
   3.7928818e-08
   3.8076196e-08
   3.8208718e-08
   3.8342280e-08
   3.8471222e-08
   3.8576599e-08
   3.8704673e-08
   3.8850492e-08
   3.8982597e-08
   3.9105143e-08
   3.9341809e-08
   3.9514153e-08
   3.9717145e-08
   3.9981193e-08
   4.0243233e-08
   4.0497774e-08
   4.0729420e-08
   4.1012046e-08
   4.1211908e-08
   4.1455688e-08
   4.1746542e-08
   4.1940669e-08
   4.2144358e-08
   4.2320673e-08
   4.2592302e-08
   4.2773368e-08
   4.3056433e-08
   4.3268623e-08
   4.3469431e-08
   4.3649856e-08
   4.3885626e-08
   4.4116992e-08
   4.4252244e-08
   4.4493673e-08
   4.4682105e-08
   4.4841966e-08
   4.5129949e-08
   4.5436217e-08
   4.5637759e-08
   4.5859632e-08
   4.6046194e-08
   4.6275527e-08
   4.6434158e-08
   4.6687787e-08
   4.6946853e-08
   4.7168262e-08
   4.7394020e-08
   4.7582224e-08
   4.7849546e-08
   4.8070571e-08
   4.8295504e-08
   4.8502935e-08
   4.8713037e-08
   4.8876288e-08
   4.9036264e-08
   4.9263207e-08
   4.9437863e-08
   4.9722707e-08
   4.9917136e-08
   5.0170944e-08
   5.0368441e-08
   5.0580137e-08
   5.0782867e-08
   5.0997164e-08
   5.1184983e-08
   5.1337983e-08
   5.1651607e-08
   5.1822467e-08
   5.2052510e-08
   5.2240834e-08
   5.2451793e-08
   5.2589153e-08
   5.2841520e-08
   5.3047330e-08
   5.3250116e-08
   5.3475137e-08
   5.3687735e-08
   5.3889122e-08
   5.4143174e-08
   5.4340205e-08
   5.4524660e-08
   5.4721976e-08
   5.4906717e-08
   5.5149138e-08
   5.5386430e-08
   5.5590360e-08
   5.5789218e-08
   5.6028683e-08
   5.6234689e-08
   5.6389009e-08
   5.6556841e-08
   5.6761911e-08
   5.6953967e-08
   5.7135052e-08
   5.7385210e-08
   5.7672097e-08
   5.7919492e-08
   5.8079853e-08
   5.8291308e-08
   5.8545476e-08
   5.8748693e-08
   5.9038398e-08
   5.9348075e-08
   5.9572166e-08
   5.9830726e-08
   5.9991727e-08
   6.0265347e-08
   6.0449909e-08
   6.0702434e-08
   6.0898030e-08
   6.1202753e-08
   6.1473214e-08
   6.1687719e-08
   6.1908483e-08
   6.2178896e-08
   6.2434804e-08
   6.2592052e-08
   6.2841344e-08
   6.3083029e-08
   6.3267569e-08
   6.3488158e-08
   6.3704277e-08
   6.3908633e-08
   6.4150931e-08
   6.4356157e-08
   6.4592114e-08
   6.4777733e-08
   6.4965974e-08
   6.5212480e-08
   6.5417469e-08
   6.5693939e-08
   6.5914713e-08
   6.6089336e-08
   6.6336221e-08
   6.6616706e-08
   6.6887897e-08
   6.7088075e-08
   6.7307372e-08
   6.7476820e-08
   6.7693891e-08
   6.7889245e-08
   6.8140022e-08
   6.8342519e-08
   6.8576482e-08
   6.8794647e-08
   6.9043809e-08
   6.9176735e-08
   6.9430510e-08
   6.9616512e-08
   6.9813869e-08
   7.0053451e-08
   7.0284051e-08
   7.0408430e-08
   7.0650746e-08
   7.0843612e-08
   7.1082068e-08
   7.1287397e-08
   7.1542799e-08
   7.1768748e-08
   7.1950322e-08
   7.2202993e-08
   7.2396118e-08
   7.2622444e-08
   7.2860087e-08
   7.3061564e-08
   7.3314894e-08
   7.3519154e-08
   7.3724347e-08
   7.3914108e-08
   7.4132735e-08
   7.4364746e-08
   7.4579359e-08
   7.4779315e-08
   7.4952989e-08
   7.5120374e-08
   7.5372801e-08
   7.5652277e-08
   7.5861851e-08
   7.6109286e-08
   7.6310963e-08
   7.6518591e-08
   7.6763485e-08
   7.6945117e-08
   7.7135905e-08
   7.7367286e-08
   7.7545126e-08
   7.7754233e-08
   7.8001927e-08
   7.8167945e-08
   7.8370346e-08
   7.8568103e-08
   7.8777888e-08
   7.9033897e-08
   7.9289176e-08
   7.9486076e-08
   7.9659763e-08
   7.9832859e-08
   8.0062753e-08
   8.0203344e-08
   8.0358345e-08
   8.0582045e-08
   8.0789096e-08
   8.0952368e-08
   8.1192304e-08
   8.1311502e-08
   8.1562014e-08
   8.1759767e-08
   8.1982332e-08
   8.2190921e-08
   8.2421497e-08
   8.2771951e-08
   8.3163489e-08
   8.3457197e-08
   8.3807898e-08
   8.4167566e-08
   8.4446345e-08
   8.4794613e-08
   8.5219106e-08
   8.5601249e-08
   8.5850515e-08
   8.6154724e-08
   8.6485804e-08
   8.6853994e-08
   8.7109116e-08
   8.7414098e-08
   8.7787337e-08
   8.8069091e-08
   8.8280912e-08
   8.8505180e-08
   8.8849328e-08
   8.9154393e-08
   8.9508940e-08
   8.9892658e-08
   9.0245809e-08
   9.0565891e-08
   9.0861710e-08
   9.1127635e-08
   9.1455070e-08
   9.1705293e-08
   9.2066495e-08
   9.2355940e-08
   9.2688259e-08
   9.3082786e-08
   9.3422687e-08
   9.3749165e-08
   9.4083180e-08
   9.4355710e-08
   9.4634270e-08
   9.4974852e-08
   9.5229427e-08
   9.5542434e-08
   9.5897258e-08
   9.6265408e-08
   9.6546921e-08
   9.6883367e-08
   9.7156699e-08
   9.7600715e-08
   9.8008424e-08
   9.8397287e-08
   9.8741861e-08
   9.9121773e-08
   9.9508644e-08
   9.9858811e-08
   1.0016633e-07
   1.0058362e-07
   1.0098062e-07
   1.0122625e-07
   1.0153510e-07
   1.0188052e-07
   1.0222302e-07
   1.0264095e-07
   1.0287101e-07
   1.0319794e-07
   1.0348867e-07
   1.0385906e-07
   1.0418658e-07
   1.0448196e-07
   1.0480034e-07
   1.0522950e-07
   1.0557893e-07
   1.0605870e-07
   1.0635492e-07
   1.0677737e-07
   1.0702239e-07
   1.0731679e-07
   1.0761669e-07
   1.0790777e-07
   1.0822863e-07
   1.0855377e-07
   1.0895502e-07
   1.0930632e-07
   1.0958006e-07
   1.0987615e-07
   1.1019253e-07
   1.1052914e-07
   1.1086562e-07
   1.1115967e-07
   1.1136285e-07
   1.1161926e-07
   1.1189970e-07
   1.1218377e-07
   1.1252541e-07
   1.1281024e-07
   1.1318939e-07
   1.1352445e-07
   1.1378293e-07
   1.1409108e-07
   1.1446509e-07
   1.1479247e-07
   1.1520356e-07
   1.1553051e-07
   1.1596268e-07
   1.1630111e-07
   1.1668555e-07
   1.1707200e-07
   1.1738157e-07
   1.1770267e-07
   1.1815042e-07
   1.1845377e-07
   1.1869339e-07
   1.1902878e-07
   1.1932674e-07
   1.1972048e-07
   1.1997883e-07
   1.2018483e-07
   1.2049009e-07
   1.2074366e-07
   1.2113898e-07
   1.2143222e-07
   1.2183324e-07
   1.2213565e-07
   1.2249657e-07
   1.2280213e-07
   1.2311181e-07
   1.2346434e-07
   1.2382705e-07
   1.2422609e-07
   1.2449179e-07
   1.2477293e-07
   1.2514864e-07
   1.2541320e-07
   1.2563348e-07
   1.2589597e-07
   1.2626399e-07
   1.2648731e-07
   1.2682671e-07
   1.2719646e-07
   1.2752077e-07
   1.2781881e-07
   1.2810940e-07
   1.2839396e-07
   1.2870122e-07
   1.2906010e-07
   1.2935336e-07
   1.2964339e-07
   1.3001634e-07
   1.3031196e-07
   1.3063712e-07
   1.3083826e-07
   1.3107573e-07
   1.3141301e-07
   1.3180388e-07
   1.3210060e-07
   1.3243676e-07
   1.3277581e-07
   1.3316777e-07
   1.3356644e-07
   1.3382059e-07
   1.3405281e-07
   1.3450118e-07
   1.3473513e-07
   1.3506597e-07
   1.3544554e-07
   1.3580741e-07
   1.3609129e-07
   1.3640948e-07
   1.3674898e-07
   1.3698301e-07
   1.3725536e-07
   1.3753791e-07
   1.3785564e-07
   1.3825553e-07
   1.3859911e-07
   1.3893288e-07
   1.3933713e-07
   1.3978032e-07
   1.4016218e-07
   1.4059508e-07
   1.4097097e-07
   1.4129707e-07
   1.4158091e-07
   1.4191649e-07
   1.4223840e-07
   1.4256392e-07
   1.4290196e-07
   1.4316227e-07
   1.4349918e-07
   1.4381389e-07
   1.4417748e-07
   1.4448771e-07
   1.4482018e-07
   1.4521019e-07
   1.4540709e-07
   1.4583331e-07
   1.4626011e-07
   1.4649332e-07
   1.4673502e-07
   1.4706924e-07
   1.4732849e-07
   1.4767790e-07
