   2.4344652e-13
   6.6611719e-13
   8.5623284e-13
   9.8051673e-13
   1.2312810e-12
   1.4002459e-12
   1.5745131e-12
   1.6208537e-12
   1.7197342e-12
   2.0168849e-12
   2.2267147e-12
   2.3060709e-12
   2.5620091e-12
   2.8340667e-12
   3.2069770e-12
   3.2953884e-12
   3.4587720e-12
   3.8236900e-12
   3.9391783e-12
   4.0018011e-12
   4.4178923e-12
   4.9493555e-12
   5.1224509e-12
   5.4099670e-12
   5.4463375e-12
   5.6836919e-12
   5.7711155e-12
   5.8143553e-12
   5.9954961e-12
   6.1697982e-12
   6.4186793e-12
   6.6621855e-12
   6.9402452e-12
   7.2996330e-12
   7.4825894e-12
   7.6843315e-12
   7.7853063e-12
   7.9099059e-12
   8.2662736e-12
   8.5794755e-12
   8.6019411e-12
   8.9671198e-12
   9.2480034e-12
   9.6633704e-12
   9.7761460e-12
   9.8046357e-12
   9.9708703e-12
   1.0159440e-11
   1.0264504e-11
   1.0579370e-11
   1.0946378e-11
   1.1182124e-11
   1.1268569e-11
   1.1343760e-11
   1.1408465e-11
   1.1577921e-11
   1.1827038e-11
   1.2126907e-11
   1.2491300e-11
   1.2908204e-11
   1.3331761e-11
   1.3394288e-11
   1.3450651e-11
   1.3671272e-11
   1.3705100e-11
   1.3958255e-11
   1.4172242e-11
   1.4513958e-11
   1.4904717e-11
   1.5207997e-11
   1.5451913e-11
   1.5683219e-11
   1.5963797e-11
   1.6092936e-11
   1.6281179e-11
   1.6402568e-11
   1.6520189e-11
   1.6598408e-11
   1.6697718e-11
   1.6738142e-11
   1.6939156e-11
   1.7046523e-11
   1.7179024e-11
   1.7533512e-11
   1.7787068e-11
   1.7923055e-11
   1.7994935e-11
   1.8110410e-11
   1.8317348e-11
   1.8755946e-11
   1.8773284e-11
   1.8959408e-11
   1.9281135e-11
   1.9392472e-11
   1.9681827e-11
   1.9990408e-11
   2.0013755e-11
   2.0189678e-11
   2.0248406e-11
   2.0364943e-11
   2.0651340e-11
   2.0865670e-11
   2.1071779e-11
   2.1140169e-11
   2.1328853e-11
   2.1601354e-11
   2.1764211e-11
   2.2182455e-11
   2.2546911e-11
   2.2814983e-11
   2.2980181e-11
   2.3117901e-11
   2.3250705e-11
   2.3418941e-11
   2.3780747e-11
   2.3997450e-11
   2.4101855e-11
   2.4168112e-11
   2.4340479e-11
   2.4396861e-11
   2.4473048e-11
   2.4533323e-11
   2.4680436e-11
   2.4896260e-11
   2.5062591e-11
   2.5087851e-11
   2.5225777e-11
   2.5449201e-11
   2.5505353e-11
   2.5672982e-11
   2.5965962e-11
   2.6262407e-11
   2.6408988e-11
   2.6560830e-11
   2.6658377e-11
   2.6862345e-11
   2.7044901e-11
   2.7121931e-11
   2.7327715e-11
   2.7480949e-11
   2.7774792e-11
   2.7979748e-11
   2.8225797e-11
   2.8406589e-11
   2.8685800e-11
   2.9028064e-11
   2.9187006e-11
   2.9363840e-11
   2.9521551e-11
   2.9637992e-11
   2.9931873e-11
   3.0310037e-11
   3.0545150e-11
   3.0673115e-11
   3.0847551e-11
   3.1071587e-11
   3.1176569e-11
   3.1244131e-11
   3.1381214e-11
   3.1759202e-11
   3.1920133e-11
   3.2104291e-11
   3.2334514e-11
   3.2551076e-11
   3.2649770e-11
   3.2826636e-11
   3.2958688e-11
   3.3161547e-11
   3.3181080e-11
   3.3466484e-11
   3.4001343e-11
   3.4159823e-11
   3.4318579e-11
   3.4482307e-11
   3.4727096e-11
   3.4787663e-11
   3.5026465e-11
   3.5410255e-11
   3.5493795e-11
   3.5652655e-11
   3.5874111e-11
   3.6068217e-11
   3.6268359e-11
   3.6404568e-11
   3.6468681e-11
   3.6521270e-11
   3.6558430e-11
   3.6791400e-11
   3.6913539e-11
   3.7054728e-11
   3.7203973e-11
   3.7451730e-11
   3.7561217e-11
   3.7840759e-11
   3.7981098e-11
   3.8039427e-11
   3.8150164e-11
   3.8445593e-11
   3.8834588e-11
   4.1758734e-11
   4.1922691e-11
   4.3066590e-11
   4.4730660e-11
   4.5144933e-11
   4.5571892e-11
   4.7114459e-11
   4.8750551e-11
   4.9604871e-11
   5.0011713e-11
   5.0556149e-11
   5.1003096e-11
   5.1463483e-11
   5.2081696e-11
   5.2320875e-11
   5.3290017e-11
   5.3597032e-11
   5.5499450e-11
   5.6457396e-11
   5.7671343e-11
   5.9215193e-11
   5.9391142e-11
   5.9987530e-11
   6.0615885e-11
   6.0936478e-11
   6.1930224e-11
   6.3283472e-11
   6.3542213e-11
   6.4804093e-11
   6.5638025e-11
   6.6980848e-11
   6.7920930e-11
   6.9088463e-11
   6.9597006e-11
   7.0017080e-11
   7.0404421e-11
   7.1106786e-11
   7.2168425e-11
   7.3035591e-11
   7.4522107e-11
   7.5199037e-11
   7.5361218e-11
   7.5841538e-11
   7.6392848e-11
   7.7062811e-11
   7.7615399e-11
   7.9687959e-11
   8.0995347e-11
   8.2267153e-11
   8.2802717e-11
   8.3264482e-11
   8.4849814e-11
   8.6278795e-11
   8.7603531e-11
   8.8738737e-11
   8.9399568e-11
   9.0086549e-11
   9.0909779e-11
   9.1851766e-11
   9.2447511e-11
   9.2906606e-11
   9.3389789e-11
   9.3952702e-11
   9.4816218e-11
   9.5229257e-11
   9.5740638e-11
   9.6601311e-11
   9.7248455e-11
   9.7476008e-11
   9.8244250e-11
   9.8455871e-11
   9.8865465e-11
   9.9222521e-11
   1.0083668e-10
   1.0181599e-10
   1.0243737e-10
   1.0327748e-10
   1.0478088e-10
   1.0525795e-10
   1.0564191e-10
   1.0623704e-10
   1.0671016e-10
   1.0703832e-10
   1.0728118e-10
   1.0769100e-10
   1.0787812e-10
   1.0849177e-10
   1.0954729e-10
   1.1067958e-10
   1.1137278e-10
   1.1225622e-10
   1.1305528e-10
   1.1413748e-10
   1.1483177e-10
   1.1547351e-10
   1.1597973e-10
   1.1731033e-10
   1.1792338e-10
   1.1861501e-10
   1.1941528e-10
   1.2054769e-10
   1.2099902e-10
   1.2141419e-10
   1.2282157e-10
   1.2342298e-10
   1.2423180e-10
   1.2469457e-10
   1.2627464e-10
   1.2680045e-10
   1.2784695e-10
   1.2921730e-10
   1.3021339e-10
   1.3128347e-10
   1.3142468e-10
   1.3255777e-10
   1.3362574e-10
   1.3379905e-10
   1.3425218e-10
   1.3436359e-10
   1.3457027e-10
   1.3486839e-10
   1.3525892e-10
   1.3588887e-10
   1.3639916e-10
   1.3768887e-10
   1.4007266e-10
   1.4085690e-10
   1.4132046e-10
   1.4221935e-10
   1.4327932e-10
   1.4335819e-10
   1.4389197e-10
   1.4493486e-10
   1.4617915e-10
   1.4724080e-10
   1.4874945e-10
   1.4935390e-10
   1.4950575e-10
   1.5040312e-10
   1.5105789e-10
   1.5144434e-10
   1.5234598e-10
   1.5371127e-10
   1.5496113e-10
   1.5603230e-10
   1.5727270e-10
   1.5754172e-10
   1.5796983e-10
   1.5860938e-10
   1.5931091e-10
   1.5960608e-10
   1.6047200e-10
   1.6127921e-10
   1.6157702e-10
   1.6208478e-10
   1.6293958e-10
   1.6349344e-10
   1.6427741e-10
   1.6535506e-10
   1.6763292e-10
   1.6806580e-10
   1.6837907e-10
   1.6912436e-10
   1.6987642e-10
   1.7078917e-10
   1.7150344e-10
   1.7178085e-10
   1.7255906e-10
   1.7315515e-10
   1.7384129e-10
   1.7454447e-10
   1.7481162e-10
   1.7539647e-10
   1.7616627e-10
   1.7804323e-10
   1.7822979e-10
   1.7904833e-10
   1.7933919e-10
   1.8018417e-10
   1.8119486e-10
   1.8165555e-10
   1.8263075e-10
   1.8300432e-10
   1.8357707e-10
   1.8399107e-10
   1.8420812e-10
   1.8450432e-10
   1.8562315e-10
   1.8640940e-10
   1.8667495e-10
   1.8699401e-10
   1.8840551e-10
   1.8954156e-10
   1.9061173e-10
   1.9196747e-10
   1.9313220e-10
   1.9362894e-10
   1.9400460e-10
   1.9448895e-10
   1.9478625e-10
   2.0236564e-10
   2.0628843e-10
   2.0780696e-10
   2.0909645e-10
   2.0985622e-10
   2.1110215e-10
   2.1313005e-10
   2.1584467e-10
   2.1891680e-10
   2.2067851e-10
   2.2196886e-10
   2.2590761e-10
   2.2761740e-10
   2.2972647e-10
   2.3202913e-10
   2.3488779e-10
   2.3640532e-10
   2.3863090e-10
   2.4101199e-10
   2.4240587e-10
   2.4332397e-10
   2.4630587e-10
   2.4815125e-10
   2.5001028e-10
   2.5202170e-10
   2.5491347e-10
   2.5852906e-10
   2.6192687e-10
   2.6324164e-10
   2.6553063e-10
   2.6894856e-10
   2.7081575e-10
   2.7265068e-10
   2.7370275e-10
   2.7521722e-10
   2.7644832e-10
   2.7734102e-10
   2.7867480e-10
   2.7985471e-10
   2.8123260e-10
   2.8421611e-10
   2.8605961e-10
   2.8759285e-10
   2.8949511e-10
   2.9031773e-10
   2.9401781e-10
   2.9749176e-10
   2.9871697e-10
   3.0086301e-10
   3.0188580e-10
   3.0237085e-10
   3.0400094e-10
   3.0553447e-10
   3.0955642e-10
   3.1087341e-10
   3.1206468e-10
   3.1357447e-10
   3.1413350e-10
   3.1491595e-10
   3.1575121e-10
   3.1712311e-10
   3.1881098e-10
   3.2215232e-10
   3.2253437e-10
   3.2443668e-10
   3.2621198e-10
   3.2667520e-10
   3.2925117e-10
   3.3107665e-10
   3.3297211e-10
   3.3510897e-10
   3.3921331e-10
   3.4182155e-10
   3.4422184e-10
   3.4733141e-10
   3.5198689e-10
   3.5349404e-10
   3.5475183e-10
   3.5738251e-10
   3.6021644e-10
   3.6335709e-10
   3.6467632e-10
   3.6693376e-10
   3.6976831e-10
   3.7345587e-10
   3.7594710e-10
   3.7722414e-10
   3.7794819e-10
   3.7969385e-10
   3.8186154e-10
   3.8568985e-10
   3.8861440e-10
   3.9143801e-10
   3.9287778e-10
   3.9578173e-10
   3.9786399e-10
   3.9971929e-10
   4.0140592e-10
   4.0204329e-10
   4.0251860e-10
   4.0447869e-10
   4.0535766e-10
   4.0760865e-10
   4.1190439e-10
   4.1315253e-10
   4.1559228e-10
   4.1762564e-10
   4.1841517e-10
   4.2100422e-10
   4.2274404e-10
   4.2481078e-10
   4.2520585e-10
   4.2769602e-10
   4.2805197e-10
   4.2816876e-10
   4.2889232e-10
   4.3123297e-10
   4.3334803e-10
   4.3465841e-10
   4.3791966e-10
   4.4135769e-10
   4.4393664e-10
   4.4736421e-10
   4.4984895e-10
   4.5233036e-10
   4.5324985e-10
   4.5449060e-10
   4.5483138e-10
   4.5830666e-10
   4.5946209e-10
   4.6138012e-10
   4.6442477e-10
   4.6622745e-10
   4.6955285e-10
   4.7416629e-10
   4.7610706e-10
   4.7699417e-10
   4.7813587e-10
   4.7896118e-10
   4.8013288e-10
   4.8160921e-10
   4.8307564e-10
   4.8577840e-10
   4.8928380e-10
   4.9073943e-10
   4.9124241e-10
   4.9201386e-10
   4.9396298e-10
   4.9484303e-10
   4.9666537e-10
   4.9899647e-10
   5.0180670e-10
   5.0321939e-10
   5.0351473e-10
   5.0419629e-10
   5.0643644e-10
   5.0886001e-10
   5.1107192e-10
   5.1252026e-10
   5.1355741e-10
   5.1635610e-10
   5.1738528e-10
   5.1909899e-10
   5.2061042e-10
   5.2153192e-10
   5.2313255e-10
   5.2410751e-10
   5.2657480e-10
   5.2701968e-10
   5.2867862e-10
   5.2906348e-10
   5.3036194e-10
   5.3142334e-10
   5.3328916e-10
   5.3485373e-10
   5.3755958e-10
   5.3896661e-10
   5.4333859e-10
   5.4589190e-10
   5.4626973e-10
   5.5187177e-10
   5.5578732e-10
   5.5975547e-10
   5.6218020e-10
   5.6284476e-10
   5.6430323e-10
   5.6650377e-10
   5.6827262e-10
   5.6893215e-10
   5.7024272e-10
   5.7151458e-10
   5.7409785e-10
   5.7535899e-10
   5.7823292e-10
   5.7913173e-10
   5.8147356e-10
   5.8440940e-10
   5.8828815e-10
   5.9190934e-10
   5.9311935e-10
   5.9976501e-10
   6.0197153e-10
   6.0484039e-10
   6.0773304e-10
   6.0861002e-10
   6.1010806e-10
   6.1274895e-10
   6.1428771e-10
   6.1628490e-10
   6.1781752e-10
   6.2609401e-10
   6.3077556e-10
   6.3278043e-10
   6.3381004e-10
   6.3610259e-10
   6.4413208e-10
   6.5040496e-10
   6.5417089e-10
   6.5641493e-10
   6.6148026e-10
   6.6469450e-10
   6.7030997e-10
   6.7451045e-10
   6.7843387e-10
   6.7936781e-10
   6.7978828e-10
   6.8382443e-10
   6.8474313e-10
   6.9031337e-10
   6.9277381e-10
   6.9744702e-10
   6.9912227e-10
   7.0264947e-10
   7.0708103e-10
   7.0976968e-10
   7.1140460e-10
   7.1455834e-10
   7.1879530e-10
   7.2371636e-10
   7.2692809e-10
   7.2726892e-10
   7.2999710e-10
   7.3216611e-10
   7.3321041e-10
   7.3427043e-10
   7.3597179e-10
   7.3746087e-10
   7.4182197e-10
   7.4644528e-10
   7.5291678e-10
   7.5469273e-10
   7.5636804e-10
   7.5952727e-10
   7.6162594e-10
   7.6492408e-10
   7.6890027e-10
   7.7580260e-10
   7.8021838e-10
   7.8278718e-10
   7.8526958e-10
   7.8868326e-10
   7.9144549e-10
   7.9699481e-10
   8.0058960e-10
   8.0278656e-10
   8.0575738e-10
   8.0865725e-10
   8.1534409e-10
   8.2029188e-10
   8.2868736e-10
   8.3129808e-10
   8.3392917e-10
   8.3536695e-10
   8.3854935e-10
   8.4162354e-10
   8.4428075e-10
   8.4863833e-10
   8.5215493e-10
   8.5498901e-10
   8.5683941e-10
   8.5895245e-10
   8.6297042e-10
   8.6536609e-10
   8.6608632e-10
   8.6767058e-10
   8.6984724e-10
   8.7036323e-10
   8.7528471e-10
   8.7673381e-10
   8.7788114e-10
   8.7880111e-10
   8.8260927e-10
   8.8562841e-10
   8.8980896e-10
   8.9402742e-10
   8.9909747e-10
   9.0298363e-10
   9.0953703e-10
   9.1645267e-10
   9.2149220e-10
   9.2729533e-10
   9.3007294e-10
   9.3261919e-10
   9.3458240e-10
   9.3676137e-10
   9.3849063e-10
   9.4254072e-10
   9.4537214e-10
   9.4840514e-10
   9.5254899e-10
   9.5607930e-10
   9.5727441e-10
   9.5875818e-10
   9.6009837e-10
   9.6443720e-10
   9.6913124e-10
   9.7187139e-10
   9.7220416e-10
   9.7427240e-10
   9.7759730e-10
   9.8221541e-10
   9.8524384e-10
   9.8899929e-10
   9.9336954e-10
   9.9527216e-10
   9.9547116e-10
   9.9886838e-10
   1.0011883e-09
   1.0050068e-09
   1.0086385e-09
   1.0126567e-09
   1.0166181e-09
   1.0205459e-09
   1.0222842e-09
   1.0238209e-09
   1.0261233e-09
   1.0325719e-09
   1.0371389e-09
   1.0421350e-09
   1.0436667e-09
   1.0470737e-09
   1.0508852e-09
   1.0545433e-09
   1.0604436e-09
   1.0641241e-09
   1.0661581e-09
   1.0730481e-09
   1.0758360e-09
   1.0789272e-09
   1.0818056e-09
   1.0856266e-09
   1.0908893e-09
   1.0952240e-09
   1.0979321e-09
   1.1003436e-09
   1.1066377e-09
   1.1090615e-09
   1.1127971e-09
   1.1178736e-09
   1.1260736e-09
   1.1302418e-09
   1.1305543e-09
   1.1322998e-09
   1.1363368e-09
   1.1383024e-09
   1.1401290e-09
   1.1419796e-09
   1.1446251e-09
   1.1462822e-09
   1.1472909e-09
   1.1483423e-09
   1.1506154e-09
   1.1531096e-09
   1.1601502e-09
   1.1620195e-09
   1.1666538e-09
   1.1710387e-09
   1.1762942e-09
   1.1810807e-09
   1.1851004e-09
   1.1890611e-09
   1.1941663e-09
   1.1988258e-09
   1.2011685e-09
   1.2063887e-09
   1.2085777e-09
   1.2122102e-09
   1.2166254e-09
   1.2191305e-09
   1.2219913e-09
   1.2269666e-09
   1.2273888e-09
   1.2300646e-09
   1.2327887e-09
   1.2388398e-09
   1.2455307e-09
   1.2503916e-09
   1.2570275e-09
   1.2613923e-09
   1.2656821e-09
   1.2716402e-09
   1.2751129e-09
   1.2817424e-09
   1.2854921e-09
   1.2875665e-09
   1.2954548e-09
   1.3036602e-09
   1.3125512e-09
   1.3201635e-09
   1.3322126e-09
   1.3368572e-09
   1.3403386e-09
   1.3436601e-09
   1.3483174e-09
   1.3538662e-09
   1.3596389e-09
   1.3650754e-09
   1.3682989e-09
   1.3703935e-09
   1.3756388e-09
   1.3804331e-09
   1.3868855e-09
   1.3925463e-09
   1.4000593e-09
   1.4050839e-09
   1.4109175e-09
   1.4152151e-09
   1.4214340e-09
   1.4270298e-09
   1.4314995e-09
   1.4372699e-09
   1.4406940e-09
   1.4509668e-09
   1.4530228e-09
   1.4590098e-09
   1.4648562e-09
   1.4679035e-09
   1.4707933e-09
   1.4745522e-09
   1.4782819e-09
   1.4828718e-09
   1.4850420e-09
   1.4941072e-09
   1.5018799e-09
   1.5075399e-09
   1.5111508e-09
   1.5174090e-09
   1.5208581e-09
   1.5293022e-09
   1.5344704e-09
   1.5422579e-09
   1.5456784e-09
   1.5476961e-09
   1.5495651e-09
   1.5525285e-09
   1.5572363e-09
   1.5640144e-09
   1.5664349e-09
   1.5674184e-09
   1.5733903e-09
   1.5853171e-09
   1.5965100e-09
   1.6006968e-09
   1.6055501e-09
   1.6103485e-09
   1.6126219e-09
   1.6153869e-09
   1.6194100e-09
   1.6232065e-09
   1.6293466e-09
   1.6346193e-09
   1.6410686e-09
   1.6445455e-09
   1.6530010e-09
   1.6603234e-09
   1.6638041e-09
   1.6709208e-09
   1.6751064e-09
   1.6800170e-09
   1.6879273e-09
   1.6957788e-09
   1.7017406e-09
   1.7035532e-09
   1.7065386e-09
   1.7149705e-09
   1.7239533e-09
   1.7263844e-09
   1.7286746e-09
   1.7333210e-09
   1.7376393e-09
   1.7411744e-09
   1.7449131e-09
   1.7550373e-09
   1.7596480e-09
   1.7608446e-09
   1.7676124e-09
   1.7708482e-09
   1.7781150e-09
   1.7830498e-09
   1.7877746e-09
   1.8021783e-09
   1.8089366e-09
   1.8117285e-09
   1.8210233e-09
   1.8278820e-09
   1.8359084e-09
   1.8444537e-09
   1.8510730e-09
   1.8597761e-09
   1.8651976e-09
   1.8682933e-09
   1.8748277e-09
   1.8831680e-09
   1.8892806e-09
   1.8920685e-09
   1.9011134e-09
   1.9051558e-09
   1.9138206e-09
   1.9212812e-09
   1.9267523e-09
   1.9344977e-09
   1.9419920e-09
   1.9445808e-09
   1.9500375e-09
   1.9535414e-09
   1.9576812e-09
   1.9639694e-09
   1.9730656e-09
   1.9790176e-09
   1.9897415e-09
   1.9968741e-09
   2.0009846e-09
   2.0043134e-09
   2.0095638e-09
   2.0154271e-09
   2.0227891e-09
   2.0230141e-09
   2.0266987e-09
   2.0290750e-09
   2.0303217e-09
   2.0351669e-09
   2.0416751e-09
   2.0470800e-09
   2.0516924e-09
   2.0599613e-09
   2.0652969e-09
   2.0739244e-09
   2.0790056e-09
   2.0849226e-09
   2.0860790e-09
   2.0888862e-09
   2.0912014e-09
   2.0973001e-09
   2.1035314e-09
   2.1092178e-09
   2.1147312e-09
   2.1176307e-09
   2.1228201e-09
   2.1251492e-09
   2.1340951e-09
   2.1434189e-09
   2.1475047e-09
   2.1485126e-09
   2.1529688e-09
   2.1646588e-09
   2.1726741e-09
   2.1761058e-09
   2.1809140e-09
   2.1869564e-09
   2.1955542e-09
   2.1976713e-09
   2.2006424e-09
   2.2020784e-09
   2.2090582e-09
   2.2182334e-09
   2.2188674e-09
   2.2255405e-09
   2.2330470e-09
   2.2394753e-09
   2.2533791e-09
   2.2591222e-09
   2.2612948e-09
   2.2647409e-09
   2.2674302e-09
   2.2748812e-09
   2.2759119e-09
   2.2841435e-09
   2.2881235e-09
   2.2940748e-09
   2.2966740e-09
   2.2995305e-09
   2.3009818e-09
   2.3096656e-09
   2.3203210e-09
   2.3209529e-09
   2.3301958e-09
   2.3356528e-09
   2.3423741e-09
   2.3523311e-09
   2.3609306e-09
