   2.8125600e-03
   9.7055278e-01
   1.0557853e+00
   1.1708043e+00
   1.2231793e+00
   1.3017341e+00
   1.3278151e+00
   1.3498724e+00
   1.3724220e+00
   1.3932168e+00
   1.4177323e+00
   1.4401501e+00
   1.4600327e+00
   1.4797248e+00
   1.5054626e+00
   1.5254090e+00
   1.5470219e+00
   1.5681363e+00
   1.5910379e+00
   1.6102939e+00
   1.6298798e+00
   1.6493957e+00
   1.6687082e+00
   1.6894000e+00
   1.7078317e+00
   1.7254010e+00
   1.7432138e+00
   1.7615015e+00
   1.7794487e+00
   1.7974519e+00
   1.8171038e+00
   1.8363064e+00
   1.8540629e+00
   1.8726434e+00
   1.8918963e+00
   1.9102211e+00
   1.9281672e+00
   1.9516968e+00
   1.9722809e+00
   1.9925083e+00
   2.0134645e+00
   2.0315601e+00
   2.0486087e+00
   2.0685122e+00
   2.0908380e+00
   2.1114969e+00
   2.1307140e+00
   2.1488700e+00
   2.1697695e+00
   2.1903510e+00
   2.2086655e+00
   2.2267305e+00
   2.2453437e+00
   2.2708806e+00
   2.2949968e+00
   2.3152252e+00
   2.3422462e+00
   2.3659359e+00
   2.3924311e+00
   2.4157757e+00
   2.4375392e+00
   2.4554174e+00
   2.4792861e+00
   2.5043969e+00
   2.5284293e+00
   2.5541558e+00
   2.5747237e+00
   2.5946950e+00
   2.6086368e+00
   2.6301507e+00
   2.6543071e+00
   2.6778915e+00
   2.6980620e+00
   2.7193425e+00
   2.7360068e+00
   2.7543844e+00
   2.7732620e+00
   2.7929198e+00
   2.8130495e+00
   2.8344287e+00
   2.8578830e+00
   2.8816204e+00
   2.9004039e+00
   2.9200577e+00
   2.9446922e+00
   2.9687081e+00
   2.9973349e+00
   3.0221404e+00
   3.0486807e+00
   3.0708718e+00
   3.0877638e+00
   3.1187023e+00
   3.1401179e+00
   3.1620404e+00
   3.1872038e+00
   3.2081263e+00
   3.2253326e+00
   3.2459704e+00
   3.2669351e+00
   3.2889495e+00
   3.3090284e+00
   3.3338933e+00
   3.3626197e+00
   3.3875513e+00
   3.4116604e+00
   3.4304645e+00
   3.4511180e+00
   3.4712962e+00
   3.4900072e+00
   3.5093322e+00
   3.5317754e+00
   3.5509412e+00
   3.5747182e+00
   3.5989721e+00
   3.6204180e+00
   3.6510001e+00
   3.6709483e+00
   3.6937220e+00
   3.7155007e+00
   3.7387616e+00
   3.7604154e+00
   3.7822360e+00
   3.8040550e+00
   3.8274600e+00
   3.8483061e+00
   3.8700604e+00
   3.8937178e+00
   3.9218474e+00
   3.9495477e+00
   3.9764635e+00
   4.0028269e+00
   4.0303414e+00
   4.0566954e+00
   4.0944692e+00
   4.1166914e+00
   4.1411658e+00
   4.1687669e+00
   4.1930407e+00
   4.2177370e+00
   4.2403148e+00
   4.2655454e+00
   4.2897786e+00
   4.3151861e+00
   4.3415969e+00
   4.3669868e+00
   4.3894318e+00
   4.4134456e+00
   4.4390193e+00
   4.4702797e+00
   4.5018399e+00
   4.5351458e+00
   4.5647777e+00
   4.5937669e+00
   4.6191411e+00
   4.6457161e+00
   4.6717585e+00
   4.6985331e+00
   4.7277015e+00
   4.7537385e+00
   4.7782633e+00
   4.8053756e+00
   4.8293096e+00
   4.8519732e+00
   4.8728540e+00
   4.8975160e+00
   4.9195828e+00
   4.9364688e+00
   4.9582349e+00
   4.9862769e+00
   5.0092849e+00
   5.0290340e+00
   5.0521787e+00
   5.0747853e+00
   5.0986739e+00
   5.1210805e+00
   5.1436185e+00
   5.1678271e+00
   5.1958572e+00
   5.2199636e+00
   5.2391288e+00
   5.2615301e+00
   5.2843541e+00
   5.3069571e+00
   5.3287601e+00
   5.3533566e+00
   5.3746568e+00
   5.3943208e+00
   5.4166621e+00
   5.4375403e+00
   5.4538895e+00
   5.4736768e+00
   5.4913056e+00
   5.5083412e+00
   5.5266660e+00
   5.5435361e+00
   5.5656928e+00
   5.5870115e+00
   5.6112891e+00
   5.6387193e+00
   5.6614820e+00
   5.6799629e+00
   5.7109047e+00
   5.7460645e+00
   5.7723725e+00
   5.7946469e+00
   5.8174922e+00
   5.8443794e+00
   5.8667272e+00
   5.8920797e+00
   5.9145456e+00
   5.9389452e+00
   5.9605858e+00
   5.9804594e+00
   6.0016741e+00
   6.0250845e+00
   6.0474115e+00
   6.0709531e+00
   6.0901003e+00
   6.1129050e+00
   6.1346908e+00
   6.1536347e+00
   6.1726498e+00
   6.1952326e+00
   6.2198331e+00
   6.2388586e+00
   6.2583049e+00
   6.2787319e+00
   6.2988797e+00
   6.3194006e+00
   6.3370744e+00
   6.3534141e+00
   6.3735889e+00
   6.3921257e+00
   6.4090182e+00
   6.4261318e+00
   6.4410862e+00
   6.4587901e+00
   6.4762563e+00
   6.4961520e+00
   6.5145703e+00
   6.5377809e+00
   6.5538706e+00
   6.5722174e+00
   6.5916331e+00
   6.6092493e+00
   6.6293778e+00
   6.6498413e+00
   6.6710814e+00
   6.6895961e+00
   6.7083752e+00
   6.7269237e+00
   6.7423790e+00
   6.7630580e+00
   6.7814562e+00
   6.8023471e+00
   6.8212959e+00
   6.8441577e+00
   6.8635496e+00
   6.8879793e+00
   6.9083685e+00
   6.9291309e+00
   6.9529503e+00
   6.9681822e+00
   6.9844878e+00
   7.0018327e+00
   7.0175730e+00
   7.0452179e+00
   7.3375311e+00
   7.3592693e+00
   7.3735173e+00
   7.3938127e+00
   7.4112364e+00
   7.4304779e+00
   7.4502862e+00
   7.4693865e+00
   7.4897004e+00
   7.5156414e+00
   7.5362404e+00
   7.5575849e+00
   7.5739702e+00
   7.5910201e+00
   7.6069201e+00
   7.6283407e+00
   7.6541816e+00
   7.6810217e+00
   7.7054251e+00
   7.7235297e+00
   7.7424386e+00
   7.7630910e+00
   7.7805912e+00
   7.8003853e+00
   7.8184471e+00
   7.8385499e+00
   7.8513987e+00
   7.8766023e+00
   7.8928407e+00
   7.9111889e+00
   7.9260408e+00
   7.9422278e+00
   7.9628620e+00
   7.9823087e+00
   8.0005375e+00
   8.0161019e+00
   8.0355435e+00
   8.0501370e+00
   8.0709037e+00
   8.0882550e+00
   8.1076603e+00
   8.1258864e+00
   8.1424716e+00
   8.1581892e+00
   8.1750365e+00
   8.1911650e+00
   8.2087009e+00
   8.2258019e+00
   8.2414121e+00
   8.2595693e+00
   8.2771606e+00
   8.2938601e+00
   8.3117118e+00
   8.3288486e+00
   8.3444672e+00
   8.3681325e+00
   8.3935846e+00
   8.4133112e+00
   8.4359327e+00
   8.4537798e+00
   8.4703221e+00
   8.4872773e+00
   8.5035411e+00
   8.5260268e+00
   8.5446563e+00
   8.5620977e+00
   8.5797136e+00
   8.6005231e+00
   8.6200513e+00
   8.6419065e+00
   8.6645966e+00
   8.6843278e+00
   8.7042181e+00
   8.7259652e+00
   8.7441625e+00
   8.7639054e+00
   8.7869542e+00
   8.8115584e+00
   8.8334143e+00
   8.8579558e+00
   8.8764070e+00
   8.8955824e+00
   8.9167125e+00
   8.9354456e+00
   8.9562642e+00
   8.9755295e+00
   8.9946748e+00
   9.0116181e+00
   9.0306930e+00
   9.0486197e+00
   9.0639388e+00
   9.0829400e+00
   9.0987658e+00
   9.1178094e+00
   9.1359541e+00
   9.1540465e+00
   9.1697866e+00
   9.1872313e+00
   9.2050710e+00
   9.2277250e+00
   9.2421135e+00
   9.2556295e+00
   9.2716469e+00
   9.2888810e+00
   9.3050783e+00
   9.3209355e+00
   9.3383695e+00
   9.3570500e+00
   9.3767122e+00
   9.3927780e+00
   9.4121942e+00
   9.4287931e+00
   9.4458067e+00
   9.4611320e+00
   9.4793756e+00
   9.4947479e+00
   9.5112003e+00
   9.5265427e+00
   9.5460779e+00
   9.5608089e+00
   9.5761337e+00
   9.5901400e+00
   9.6046970e+00
   9.6204061e+00
   9.6400473e+00
   9.6529792e+00
   9.6681217e+00
   9.6843297e+00
   9.7009206e+00
   9.7207477e+00
   9.7391307e+00
   9.7587783e+00
   9.7759120e+00
   9.7933493e+00
   9.8081152e+00
   9.8215582e+00
   9.8369778e+00
   9.8522932e+00
   9.8669280e+00
   9.8823130e+00
   9.8968691e+00
   9.9116593e+00
   9.9250352e+00
   9.9388499e+00
   9.9540282e+00
   9.9691049e+00
   9.9839993e+00
   9.9998217e+00
   1.0014574e+01
   1.0030138e+01
   1.0050726e+01
   1.0064793e+01
   1.0081061e+01
   1.0098350e+01
   1.0117801e+01
   1.0133920e+01
   1.0149293e+01
   1.0163949e+01
   1.0183058e+01
   1.0208342e+01
   1.0224193e+01
   1.0244276e+01
   1.0257787e+01
   1.0272652e+01
   1.0288475e+01
   1.0304464e+01
   1.0320151e+01
   1.0336089e+01
   1.0352772e+01
   1.0369479e+01
   1.0385120e+01
   1.0401795e+01
   1.0418615e+01
   1.0435344e+01
   1.0451779e+01
   1.0468054e+01
   1.0484344e+01
   1.0500675e+01
   1.0516621e+01
   1.0533093e+01
   1.0548665e+01
   1.0563483e+01
   1.0578173e+01
   1.0591633e+01
   1.0607949e+01
   1.0623577e+01
   1.0639291e+01
   1.0655247e+01
   1.0671552e+01
   1.0687539e+01
   1.0705368e+01
   1.0722341e+01
   1.0737781e+01
   1.0754210e+01
   1.0770950e+01
   1.0787496e+01
   1.0803557e+01
   1.0820106e+01
   1.0836056e+01
   1.0852630e+01
   1.0869029e+01
   1.0883667e+01
   1.0898871e+01
   1.0913430e+01
   1.0928605e+01
   1.0942517e+01
   1.0957604e+01
   1.0975177e+01
   1.0991156e+01
   1.1007500e+01
   1.1023514e+01
   1.1039869e+01
   1.1055346e+01
   1.1071103e+01
   1.1087707e+01
   1.1104930e+01
   1.1122200e+01
   1.1139448e+01
   1.1157041e+01
   1.1174111e+01
   1.1189826e+01
   1.1205951e+01
   1.1222348e+01
   1.1239069e+01
   1.1255927e+01
   1.1272764e+01
   1.1289109e+01
   1.1305200e+01
   1.1321209e+01
   1.1336464e+01
   1.1351813e+01
   1.1366554e+01
   1.1382651e+01
   1.1399156e+01
   1.1416417e+01
   1.1459388e+01
   1.1492626e+01
   1.1513475e+01
   1.1537839e+01
   1.1555828e+01
   1.1575304e+01
   1.1599238e+01
   1.1618076e+01
   1.1636415e+01
   1.1656280e+01
   1.1675334e+01
   1.1696738e+01
   1.1717376e+01
   1.1735736e+01
   1.1755044e+01
   1.1777095e+01
   1.1797027e+01
   1.1819716e+01
   1.1844904e+01
   1.1862522e+01
   1.1881765e+01
   1.1900938e+01
   1.1921603e+01
   1.1940908e+01
   1.1966110e+01
   1.1984217e+01
   1.1993888e+01
   1.2016741e+01
   1.2037828e+01
   1.2059821e+01
   1.2078267e+01
   1.2103891e+01
   1.2124347e+01
   1.2150776e+01
   1.2173213e+01
   1.2190853e+01
   1.2211613e+01
   1.2233618e+01
   1.2247329e+01
   1.2271251e+01
   1.2291730e+01
   1.2311102e+01
   1.2328276e+01
   1.2343449e+01
   1.2362002e+01
   1.2383985e+01
   1.2403305e+01
   1.2424044e+01
   1.2442171e+01
   1.2461849e+01
   1.2480887e+01
   1.2501620e+01
   1.2519465e+01
   1.2537203e+01
   1.2554936e+01
   1.2570315e+01
   1.2581032e+01
   1.2593637e+01
   1.2610996e+01
   1.2623553e+01
   1.2640736e+01
   1.2657842e+01
   1.2676950e+01
   1.2695866e+01
   1.2715061e+01
   1.2734942e+01
   1.2753358e+01
   1.2771426e+01
   1.2790137e+01
   1.2811657e+01
   1.2833980e+01
   1.2851723e+01
   1.2869728e+01
   1.2885874e+01
   1.2903735e+01
   1.2921758e+01
   1.2938880e+01
   1.2956968e+01
   1.2973621e+01
   1.2995305e+01
   1.3012363e+01
   1.3030292e+01
   1.3050398e+01
   1.3069865e+01
   1.3088126e+01
   1.3105640e+01
   1.3122971e+01
   1.3140766e+01
   1.3160163e+01
   1.3176975e+01
   1.3195763e+01
   1.3214088e+01
   1.3233644e+01
   1.3251368e+01
   1.3269648e+01
   1.3288477e+01
   1.3305980e+01
   1.3327423e+01
   1.3345841e+01
   1.3363545e+01
   1.3382144e+01
   1.3400377e+01
   1.3419889e+01
   1.3437756e+01
   1.3455625e+01
   1.3474608e+01
   1.3504139e+01
   1.3520070e+01
   1.3535455e+01
   1.3550286e+01
   1.3565499e+01
   1.3582480e+01
   1.3600429e+01
   1.3615717e+01
   1.3631842e+01
   1.3649327e+01
   1.3666156e+01
   1.3684106e+01
   1.3702828e+01
   1.3717344e+01
   1.3735287e+01
   1.3750238e+01
   1.3766400e+01
   1.3783108e+01
   1.3800268e+01
   1.3817199e+01
   1.3834398e+01
   1.3849927e+01
   1.3867272e+01
   1.3884447e+01
   1.3901038e+01
   1.3916386e+01
   1.3937818e+01
   1.3953954e+01
   1.3968573e+01
   1.3984136e+01
   1.3999060e+01
   1.4015388e+01
   1.4033102e+01
   1.4049009e+01
   1.4065878e+01
   1.4082832e+01
   1.4099834e+01
   1.4115885e+01
   1.4133277e+01
   1.4154201e+01
   1.4170181e+01
   1.4185063e+01
   1.4202841e+01
   1.4220282e+01
   1.4235868e+01
   1.4251384e+01
   1.4267439e+01
   1.4284158e+01
   1.4301385e+01
   1.4319261e+01
   1.4336249e+01
   1.4352412e+01
   1.4369502e+01
   1.4385024e+01
   1.4402661e+01
   1.4419427e+01
   1.4435530e+01
   1.4450554e+01
   1.4468508e+01
   1.4485917e+01
   1.4502347e+01
   1.4520581e+01
   1.4539921e+01
   1.4557155e+01
   1.4573661e+01
   1.4589549e+01
   1.4605167e+01
   1.4621025e+01
   1.4635915e+01
   1.4651599e+01
   1.4668358e+01
   1.4685758e+01
   1.4702014e+01
   1.4720187e+01
   1.4736786e+01
   1.4753802e+01
   1.4769948e+01
   1.4787215e+01
   1.4802597e+01
   1.4820868e+01
   1.4837522e+01
   1.4853785e+01
   1.4867095e+01
   1.4884830e+01
   1.4902995e+01
   1.4919999e+01
   1.4936634e+01
   1.4957539e+01
   1.4972976e+01
   1.4987476e+01
   1.5003689e+01
   1.5020083e+01
   1.5037450e+01
   1.5055071e+01
   1.5071035e+01
   1.5086475e+01
   1.5102389e+01
   1.5119843e+01
   1.5136864e+01
   1.5154441e+01
   1.5170569e+01
   1.5186159e+01
   1.5203324e+01
   1.5220437e+01
   1.5237884e+01
   1.5253557e+01
   1.5269682e+01
   1.5286918e+01
   1.5303759e+01
   1.5320663e+01
   1.5337036e+01
   1.5354595e+01
   1.5370758e+01
   1.5387877e+01
   1.5403392e+01
   1.5420017e+01
   1.5442034e+01
   1.5460860e+01
   1.5479814e+01
   1.5497654e+01
   1.5517362e+01
   1.5538184e+01
   1.5560668e+01
   1.5578546e+01
   1.5600372e+01
   1.5629583e+01
   1.5661063e+01
   1.5680908e+01
   1.5697723e+01
   1.5714099e+01
   1.5731371e+01
   1.5748028e+01
   1.5764690e+01
   1.5781826e+01
   1.5798060e+01
   1.5814836e+01
   1.5831082e+01
   1.5848983e+01
   1.5865835e+01
   1.5884372e+01
   1.5901144e+01
   1.5919878e+01
   1.5937915e+01
   1.5956426e+01
   1.5976421e+01
   1.5988365e+01
   1.6007453e+01
   1.6018997e+01
   1.6036824e+01
   1.6054467e+01
   1.6070453e+01
   1.6086658e+01
   1.6103464e+01
   1.6121037e+01
   1.6137757e+01
   1.6153890e+01
   1.6169012e+01
   1.6184685e+01
   1.6209795e+01
   1.6229059e+01
   1.6241095e+01
   1.6263445e+01
   1.6285009e+01
   1.6305797e+01
   1.6320906e+01
   1.6337667e+01
   1.6355971e+01
   1.6373742e+01
   1.6390399e+01
   1.6408078e+01
   1.6424614e+01
   1.6439453e+01
   1.6456723e+01
   1.6472707e+01
   1.6489037e+01
   1.6504597e+01
   1.6520539e+01
   1.6538986e+01
   1.6556440e+01
   1.6570615e+01
   1.6586245e+01
   1.6601741e+01
   1.6617874e+01
   1.6635017e+01
   1.6655505e+01
   1.6678857e+01
   1.6697164e+01
   1.6714054e+01
   1.6735947e+01
   1.6752706e+01
   1.6770109e+01
   1.6786916e+01
   1.6806182e+01
   1.6824581e+01
   1.6844520e+01
   1.6864312e+01
   1.6881462e+01
   1.6902633e+01
   1.6921125e+01
   1.6943356e+01
   1.6963618e+01
   1.6981309e+01
   1.7011356e+01
   1.7026730e+01
   1.7051334e+01
   1.7070359e+01
   1.7089661e+01
   1.7108125e+01
   1.7129494e+01
   1.7148220e+01
   1.7162595e+01
   1.7186909e+01
   1.7202596e+01
   1.7221934e+01
   1.7239007e+01
   1.7256349e+01
   1.7272733e+01
   1.7287887e+01
   1.7306290e+01
   1.7321733e+01
   1.7339487e+01
   1.7353859e+01
   1.7368750e+01
   1.7384200e+01
   1.7399955e+01
   1.7414410e+01
   1.7427265e+01
   1.7442836e+01
   1.7463364e+01
   1.7478312e+01
   1.7499024e+01
   1.7513231e+01
   1.7534260e+01
   1.7550509e+01
   1.7564935e+01
   1.7578767e+01
   1.7594686e+01
   1.7610204e+01
   1.7624422e+01
   1.7643415e+01
   1.7658705e+01
   1.7676566e+01
   1.7693433e+01
   1.7709519e+01
   1.7723737e+01
   1.7741239e+01
   1.7756563e+01
   1.7774363e+01
   1.7791320e+01
   1.7807059e+01
   1.7823167e+01
   1.7838440e+01
   1.7853647e+01
   1.7868267e+01
   1.7883600e+01
   1.7896978e+01
   1.7917723e+01
   1.7932313e+01
   1.7945415e+01
   1.7961631e+01
   1.7977928e+01
   1.7997318e+01
   1.8011695e+01
   1.8026490e+01
   1.8041725e+01
   1.8058538e+01
   1.8074053e+01
   1.8091609e+01
   1.8106130e+01
   1.8122175e+01
   1.8137861e+01
   1.8152974e+01
   1.8171806e+01
   1.8191654e+01
   1.8212051e+01
   1.8233367e+01
   1.8251509e+01
   1.8267670e+01
   1.8283539e+01
   1.8301908e+01
   1.8319113e+01
   1.8335898e+01
   1.8356283e+01
   1.8377680e+01
   1.8394210e+01
   1.8412485e+01
   1.8431543e+01
   1.8451659e+01
   1.8469118e+01
   1.8488559e+01
   1.8504412e+01
   1.8521290e+01
   1.8549878e+01
   1.8569576e+01
   1.8583289e+01
   1.8599044e+01
   1.8616022e+01
   1.8642329e+01
   1.8660688e+01
   1.8679852e+01
   1.8698027e+01
   1.8714274e+01
   1.8731902e+01
   1.8751317e+01
   1.8767453e+01
   1.8785224e+01
   1.8802195e+01
   1.8819308e+01
   1.8836631e+01
   1.8855924e+01
   1.8874373e+01
   1.8890214e+01
   1.8908527e+01
   1.8923674e+01
   1.8938933e+01
   1.8953655e+01
   1.8968054e+01
   1.8982671e+01
   1.9003043e+01
   1.9015929e+01
   1.9032075e+01
   1.9049561e+01
   1.9065744e+01
   1.9083077e+01
   1.9099208e+01
   1.9114230e+01
   1.9130548e+01
   1.9148097e+01
   1.9165710e+01
   1.9184598e+01
   1.9199929e+01
   1.9218343e+01
   1.9231833e+01
   1.9249216e+01
   1.9263530e+01
   1.9282593e+01
   1.9298629e+01
   1.9313629e+01
   1.9333040e+01
   1.9348826e+01
   1.9365259e+01
   1.9382466e+01
   1.9398063e+01
   1.9413187e+01
   1.9430132e+01
   1.9446653e+01
   1.9463422e+01
   1.9478230e+01
   1.9492614e+01
   1.9506760e+01
   1.9526338e+01
   1.9542576e+01
   1.9558968e+01
   1.9573638e+01
   1.9588336e+01
   1.9603082e+01
   1.9615802e+01
   1.9630719e+01
   1.9647798e+01
   1.9661166e+01
   1.9675444e+01
   1.9689506e+01
   1.9704710e+01
   1.9717925e+01
   1.9733571e+01
   1.9750877e+01
   1.9767730e+01
   1.9783876e+01
   1.9799644e+01
   1.9815009e+01
   1.9836623e+01
   1.9849077e+01
   1.9865462e+01
   1.9881696e+01
   1.9897678e+01
   1.9911059e+01
   1.9926532e+01
   1.9942311e+01
   1.9957271e+01
   1.9976197e+01
   1.9990747e+01
   2.0004896e+01
   2.0023814e+01
   2.0038579e+01
   2.0055919e+01
   2.0068680e+01
   2.0084139e+01
   2.0099966e+01
   2.0114978e+01
   2.0131690e+01
   2.0150561e+01
   2.0170441e+01
