   2.4004049e-01
   2.7537520e-01
   4.2135592e-01
   5.2114050e-01
   5.2527997e-01
   5.4106427e-01
   7.4000077e-01
   9.7130335e-01
   9.9271971e-01
   1.2661328e+00
   1.2661328e+00
   1.2661328e+00
   1.5886005e+00
   1.5981764e+00
   1.5981764e+00
   1.7971572e+00
   1.7992270e+00
   1.8844107e+00
   1.9010972e+00
   1.9041951e+00
   2.0044453e+00
   2.0247397e+00
   2.2928251e+00
   2.3292274e+00
   2.4372512e+00
   2.4582755e+00
   2.6433639e+00
   3.3026246e+00
   3.3041930e+00
   3.3077273e+00
   3.3426858e+00
   3.3427575e+00
   3.5743821e+00
   3.5873558e+00
   3.8656874e+00
   3.8657045e+00
   3.8768181e+00
   3.9611335e+00
   3.9664714e+00
   4.0037546e+00
   4.2634775e+00
   4.2634775e+00
   4.2634775e+00
   4.3844213e+00
   4.3911832e+00
   4.6114321e+00
   5.0807607e+00
   5.1424274e+00
   5.1494163e+00
   5.2122029e+00
   5.2972582e+00
   5.3800075e+00
   5.4518400e+00
   5.5602187e+00
   5.7575211e+00
   5.7575350e+00
   5.7772407e+00
   5.7772407e+00
   5.9540217e+00
   5.9586016e+00
   6.3352209e+00
   6.8254556e+00
   6.8294777e+00
   7.0769508e+00
   7.1499461e+00
   7.1888185e+00
   7.2025811e+00
   7.2455086e+00
   7.8026492e+00
   8.4963856e+00
   8.4977767e+00
   8.5280957e+00
   8.5474174e+00
   8.6415226e+00
   8.6627601e+00
   8.6627604e+00
   8.8829445e+00
   8.9147408e+00
   9.0855420e+00
   9.0871143e+00
   9.2489797e+00
   9.3855704e+00
   1.0150418e+01
   1.0173908e+01
   1.0213940e+01
   1.0214833e+01
   1.0367247e+01
   1.0367247e+01
   1.0387289e+01
   1.0440348e+01
   1.0488997e+01
   1.0576941e+01
   1.0721440e+01
   1.0752702e+01
   1.0761641e+01
   1.0810826e+01
   1.0929847e+01
   1.0973251e+01
   1.0973251e+01
   1.1125346e+01
   1.1331630e+01
   1.1672212e+01
   1.1679483e+01
   1.1680484e+01
   1.1683169e+01
   1.1727990e+01
   1.1987202e+01
   1.2637274e+01
   1.2667762e+01
   1.2673210e+01
   1.2674210e+01
   1.3006598e+01
   1.3020590e+01
   1.3060656e+01
   1.3414048e+01
   1.3424711e+01
   1.3426617e+01
   1.3612400e+01
   1.3612400e+01
   1.3619853e+01
   1.3861570e+01
   1.3865578e+01
   1.3917324e+01
   1.4059065e+01
   1.4173872e+01
   1.4249676e+01
   1.4602327e+01
   1.4602327e+01
   1.4609812e+01
   1.4644324e+01
   1.4859862e+01
   1.4931148e+01
   1.4931173e+01
   1.4985636e+01
   1.5032576e+01
   1.5043385e+01
   1.5469351e+01
   1.5520899e+01
   1.5607386e+01
   1.5627840e+01
   1.5655080e+01
   1.5655080e+01
   1.5655080e+01
   1.5774184e+01
   1.5774719e+01
   1.5775008e+01
   1.5775008e+01
   1.5819315e+01
   1.5823307e+01
   1.5823310e+01
   1.5823310e+01
   1.5823310e+01
   1.5911377e+01
   1.6138122e+01
   1.6206174e+01
   1.6225885e+01
   1.6230203e+01
   1.6232022e+01
   1.6608716e+01
   1.6985714e+01
   1.7113610e+01
   1.7129592e+01
   1.7164961e+01
   1.7224938e+01
   1.7269431e+01
   1.7285130e+01
   1.7297142e+01
   1.7578637e+01
   1.7681194e+01
   1.8740683e+01
   1.8808250e+01
   1.8808250e+01
   1.8808297e+01
   1.8815961e+01
   1.8815961e+01
   1.9047362e+01
   1.9047362e+01
   1.9072693e+01
   1.9090998e+01
   1.9174811e+01
   1.9331626e+01
   1.9453610e+01
   1.9629727e+01
   2.0057930e+01
   2.0057930e+01
   2.0151808e+01
   2.0187655e+01
   2.0204860e+01
   2.0295681e+01
   2.0479339e+01
   2.0480341e+01
   2.0519530e+01
   2.0549088e+01
   2.0550669e+01
   2.0703542e+01
   2.0789047e+01
   2.0864702e+01
   2.0864702e+01
   2.0864702e+01
   2.0864702e+01
   2.0864702e+01
   2.0864702e+01
   2.0864702e+01
   2.1044929e+01
   2.1081287e+01
   2.1620614e+01
   2.1696081e+01
   2.1901569e+01
   2.2513431e+01
   2.2513431e+01
   2.2555873e+01
   2.2607738e+01
   2.2618982e+01
   2.2737798e+01
   2.2800366e+01
   2.2800366e+01
   2.2818444e+01
   2.2888845e+01
   2.3036552e+01
   2.3036552e+01
   2.3036552e+01
   2.3103924e+01
   2.3231626e+01
   2.3250040e+01
   2.4628960e+01
   2.4705397e+01
   2.5281427e+01
   2.5411839e+01
   2.5414408e+01
   2.5414408e+01
   2.5432044e+01
   2.5433699e+01
   2.5642557e+01
   2.6034009e+01
   2.6721718e+01
   2.6835867e+01
   2.6866143e+01
   2.6877453e+01
   2.6892800e+01
   2.6892800e+01
   2.7035290e+01
   2.7118278e+01
   2.7128459e+01
   2.7130078e+01
   2.7215807e+01
   2.7231170e+01
   2.7285154e+01
   2.7343048e+01
   2.7343048e+01
   2.7364593e+01
   2.7584349e+01
   2.7722647e+01
   2.7737474e+01
   2.7750100e+01
   2.8450888e+01
   2.8536002e+01
   2.9530330e+01
   2.9561236e+01
   2.9561236e+01
   2.9601110e+01
   2.9601110e+01
   2.9601110e+01
   2.9601526e+01
   2.9940564e+01
   3.0050947e+01
   3.0051265e+01
   3.0051265e+01
   3.0066828e+01
   3.0486901e+01
   3.0871409e+01
   3.0995543e+01
   3.1065046e+01
   3.1115437e+01
   3.1115437e+01
   3.1698934e+01
   3.1840146e+01
   3.1880150e+01
   3.1880150e+01
   3.1903982e+01
   3.1985637e+01
   3.2152584e+01
   3.2152696e+01
   3.2593100e+01
   3.2644052e+01
   3.2677436e+01
   3.2677985e+01
   3.2705969e+01
   3.2755462e+01
   3.2763992e+01
   3.3604786e+01
   3.3739615e+01
   3.3817970e+01
   3.3817970e+01
   3.4158757e+01
   3.4158757e+01
   3.4966491e+01
   3.4975434e+01
   3.4984590e+01
   3.4985174e+01
   3.5314000e+01
   3.5371524e+01
   3.5394845e+01
   3.5412786e+01
   3.5413132e+01
   3.5464465e+01
   3.5904476e+01
   3.6417671e+01
   3.6495432e+01
   3.6673268e+01
   3.6886148e+01
   3.7093583e+01
   3.7094720e+01
   3.7273264e+01
   3.7292864e+01
   3.7304784e+01
   3.7317761e+01
   3.7819592e+01
   3.7819592e+01
   3.7880190e+01
   3.7880190e+01
   3.7888706e+01
   3.8111308e+01
   3.8122157e+01
   3.8230478e+01
   3.8244408e+01
   3.8255440e+01
   3.8312599e+01
   3.8504786e+01
   3.8649387e+01
   3.8687277e+01
   3.8693047e+01
   3.8973323e+01
   3.9110950e+01
   3.9136151e+01
   3.9403801e+01
   3.9669939e+01
   3.9678759e+01
   3.9678759e+01
   3.9824921e+01
   3.9874850e+01
   3.9874850e+01
   3.9929350e+01
   4.0145122e+01
   4.0190673e+01
   4.0234672e+01
   4.0346803e+01
   4.0355641e+01
   4.0520346e+01
   4.0520585e+01
   4.0544030e+01
   4.0565879e+01
   4.0771903e+01
   4.0812389e+01
   4.0815150e+01
   4.0990689e+01
   4.0990702e+01
   4.1133208e+01
   4.1179181e+01
   4.1292967e+01
   4.1390860e+01
   4.1484644e+01
   4.1716405e+01
   4.2011225e+01
   4.2120273e+01
   4.2149233e+01
   4.2149233e+01
   4.2218346e+01
   4.2218362e+01
   4.2286001e+01
   4.2382596e+01
   4.2396189e+01
   4.2409262e+01
   4.2440507e+01
   4.2440518e+01
   4.2442190e+01
   4.2442190e+01
   4.2442190e+01
   4.2481245e+01
   4.2481245e+01
   4.2998809e+01
   4.3040246e+01
   4.3064655e+01
   4.3192907e+01
   4.3678442e+01
   4.3739446e+01
   4.3784714e+01
   4.3784714e+01
   4.3784714e+01
   4.3807973e+01
   4.3825997e+01
   4.3862477e+01
   4.3862477e+01
   4.3884309e+01
   4.3910155e+01
   4.3975498e+01
   4.3980234e+01
   4.4440984e+01
   4.4591238e+01
   4.4672166e+01
   4.4961820e+01
   4.4961820e+01
   4.4961820e+01
   4.5048886e+01
   4.5721625e+01
   4.5732135e+01
   4.5732262e+01
   4.5877908e+01
   4.5878579e+01
   4.6083106e+01
   4.6083106e+01
   4.6083106e+01
   4.6087370e+01
   4.6243185e+01
   4.6275569e+01
   4.6316548e+01
   4.6468692e+01
   4.6468692e+01
   4.6648718e+01
   4.6662125e+01
   4.6663140e+01
   4.7015742e+01
   4.7056363e+01
   4.7107604e+01
   4.7131413e+01
   4.7169959e+01
   4.7221552e+01
   4.7648632e+01
   4.7655025e+01
   4.7675039e+01
   4.7751410e+01
   4.7755422e+01
   4.7971612e+01
   4.8134754e+01
   4.8216553e+01
   4.8220710e+01
   4.9452861e+01
   4.9521702e+01
   4.9521702e+01
   4.9834767e+01
   5.0333708e+01
   5.0334073e+01
   5.0336474e+01
   5.0336474e+01
   5.0379787e+01
   5.0473723e+01
   5.0866562e+01
   5.0866988e+01
   5.0911633e+01
   5.0954257e+01
   5.0971457e+01
   5.0993968e+01
   5.1035791e+01
   5.1064474e+01
   5.1317203e+01
   5.1334639e+01
   5.1339504e+01
   5.1348214e+01
   5.1370770e+01
   5.1376038e+01
   5.1377891e+01
   5.1390773e+01
   5.2140987e+01
   5.2385652e+01
   5.2385652e+01
   5.2416232e+01
   5.2595599e+01
   5.3145395e+01
   5.3174322e+01
   5.3174660e+01
   5.3186704e+01
   5.3275397e+01
   5.3466166e+01
   5.3594989e+01
   5.3595477e+01
   5.3740827e+01
   5.3776297e+01
   5.3796797e+01
   5.4041596e+01
   5.4041596e+01
   5.4093852e+01
   5.4111783e+01
   5.4135882e+01
   5.4139927e+01
   5.4152805e+01
   5.4155947e+01
   5.4157435e+01
   5.4185657e+01
   5.4209664e+01
   5.4294478e+01
   5.4331650e+01
   5.4388104e+01
   5.4628505e+01
   5.4853908e+01
   5.4949771e+01
   5.5032989e+01
   5.5044897e+01
   5.5085551e+01
   5.5200419e+01
   5.5209834e+01
   5.5365136e+01
   5.5365136e+01
   5.5365136e+01
   5.5369658e+01
   5.5369717e+01
   5.5808336e+01
   5.5865041e+01
   5.5987515e+01
   5.5989638e+01
   5.5989638e+01
   5.5989638e+01
   5.6413458e+01
   5.6651741e+01
   5.6872252e+01
   5.7052569e+01
   5.7155093e+01
   5.7156608e+01
   5.7298897e+01
   5.7442712e+01
   5.7519502e+01
   5.7599668e+01
   5.7848026e+01
   5.8246344e+01
   5.8299949e+01
   5.8300245e+01
   5.8300808e+01
   5.8514288e+01
   5.8519762e+01
   5.8761835e+01
   5.8847807e+01
   5.8910441e+01
   5.8935646e+01
   5.8989438e+01
   5.9018392e+01
   5.9023952e+01
   5.9110522e+01
   5.9196391e+01
   5.9197851e+01
   5.9197855e+01
   5.9244100e+01
   5.9903406e+01
   5.9922007e+01
   5.9922007e+01
   5.9922007e+01
   6.0142743e+01
   6.0579414e+01
   6.0725361e+01
   6.0765423e+01
   6.0765423e+01
   6.0853004e+01
   6.0943588e+01
   6.1062199e+01
   6.1090817e+01
   6.1229353e+01
   6.1229353e+01
   6.1319658e+01
   6.1373485e+01
   6.1373485e+01
   6.1373488e+01
   6.1490541e+01
   6.1531659e+01
   6.1565394e+01
   6.1666687e+01
   6.1666687e+01
   6.1669759e+01
   6.1856358e+01
   6.1963874e+01
   6.1969532e+01
   6.1975763e+01
   6.1975763e+01
   6.2387693e+01
   6.2388056e+01
   6.2762068e+01
   6.2826790e+01
   6.2872284e+01
   6.3102832e+01
   6.3109802e+01
   6.3109802e+01
   6.3115441e+01
   6.3681585e+01
   6.3681585e+01
   6.3704745e+01
   6.3787848e+01
   6.3790079e+01
   6.3925917e+01
   6.4652899e+01
   6.4660367e+01
   6.4663205e+01
   6.4702451e+01
   6.4918632e+01
   6.4930446e+01
   6.4950036e+01
   6.4968336e+01
   6.4978560e+01
   6.5894643e+01
   6.5901206e+01
   6.6054723e+01
   6.6104959e+01
   6.6106078e+01
   6.6118152e+01
   6.6265643e+01
   6.6339626e+01
   6.6397689e+01
   6.6422042e+01
   6.6859779e+01
   6.7225941e+01
   6.7243577e+01
   6.7245248e+01
   6.7253913e+01
   6.7254515e+01
   6.7396377e+01
   6.7476851e+01
   6.7532701e+01
   6.7546100e+01
   6.7615084e+01
   6.8440978e+01
   6.8449702e+01
   6.8636703e+01
   6.8683508e+01
   6.8685547e+01
   6.8947094e+01
   6.9248658e+01
   6.9286108e+01
   6.9319103e+01
   6.9319274e+01
   6.9330158e+01
   6.9728498e+01
   6.9922762e+01
   6.9932951e+01
   6.9981595e+01
   7.0623363e+01
   7.0626929e+01
   7.0775861e+01
   7.0926549e+01
   7.1055558e+01
   7.1202062e+01
   7.1920129e+01
   7.1939655e+01
   7.1939655e+01
   7.1939655e+01
   7.1986510e+01
   7.2477516e+01
   7.2478679e+01
   7.2478679e+01
   7.2531749e+01
   7.2546199e+01
   7.2808154e+01
   7.2833401e+01
   7.2848455e+01
   7.2862151e+01
   7.2862151e+01
   7.2863397e+01
   7.2911819e+01
   7.3003846e+01
   7.3252791e+01
   7.3333879e+01
   7.3420766e+01
   7.3625112e+01
   7.3680186e+01
   7.4432311e+01
   7.4432311e+01
   7.4508921e+01
   7.4940964e+01
   7.4940994e+01
   7.5100493e+01
   7.5108475e+01
   7.5108475e+01
   7.5369965e+01
   7.5486674e+01
   7.5486733e+01
   7.5511594e+01
   7.5695052e+01
   7.5872066e+01
   7.5895512e+01
   7.6080722e+01
   7.6128922e+01
   7.6129353e+01
   7.6242773e+01
   7.6381390e+01
   7.7081721e+01
   7.7378284e+01
   7.7449119e+01
   7.7658498e+01
   7.7713168e+01
   7.7754567e+01
   7.7755097e+01
   7.7755160e+01
   7.7763941e+01
   7.7786221e+01
   7.7832713e+01
   7.8073517e+01
   7.8085264e+01
   7.8735608e+01
   7.8777336e+01
   7.9054187e+01
   7.9094432e+01
   7.9339198e+01
   7.9352629e+01
   7.9387486e+01
   7.9666789e+01
   7.9973064e+01
   7.9984650e+01
   8.0146781e+01
   8.0326886e+01
   8.0337990e+01
   8.0341155e+01
   8.0353911e+01
   8.0577141e+01
   8.1089766e+01
   8.1390263e+01
   8.1494603e+01
   8.1512915e+01
   8.1654987e+01
   8.1654987e+01
   8.1908845e+01
   8.1908845e+01
   8.1935338e+01
   8.2053554e+01
   8.2065985e+01
   8.2076916e+01
   8.2129886e+01
   8.2445961e+01
   8.2514438e+01
   8.2675309e+01
   8.2858701e+01
   8.2858701e+01
   8.2858701e+01
   8.2956311e+01
   8.3015813e+01
   8.3072533e+01
   8.3520953e+01
   8.3580343e+01
   8.4217473e+01
   8.4258690e+01
   8.4570574e+01
   8.4619941e+01
   8.4950709e+01
   8.4950867e+01
   8.5007599e+01
   8.5424818e+01
   8.5476374e+01
   8.5529458e+01
   8.5760961e+01
   8.5931301e+01
   8.6048099e+01
   8.6060990e+01
   8.6261446e+01
   8.6261446e+01
   8.6265697e+01
   8.6621876e+01
   8.6636875e+01
   8.6639033e+01
   8.6644373e+01
   8.6941701e+01
   8.7160115e+01
   8.7160307e+01
   8.7180198e+01
   8.7180226e+01
   8.7205433e+01
   8.7550368e+01
   8.7616469e+01
   8.7616469e+01
   8.7669158e+01
   8.7781191e+01
   8.7805616e+01
   8.7821051e+01
   8.8042289e+01
   8.8150807e+01
   8.8165865e+01
   8.8385139e+01
   8.8432377e+01
   8.8433292e+01
   8.9095775e+01
   8.9870842e+01
   8.9945618e+01
   8.9945618e+01
   9.0054217e+01
   9.0082780e+01
   9.0082780e+01
   9.0085838e+01
   9.0261825e+01
   9.0982987e+01
   9.0989605e+01
   9.1096031e+01
   9.1140990e+01
   9.1848597e+01
   9.1848597e+01
   9.2216850e+01
   9.2425158e+01
   9.2835686e+01
   9.3073782e+01
   9.3087102e+01
   9.3129425e+01
   9.3138762e+01
   9.3139569e+01
   9.3311415e+01
   9.3376341e+01
   9.3443361e+01
   9.3461658e+01
   9.3463593e+01
   9.3517408e+01
   9.3687050e+01
   9.3776308e+01
   9.3826873e+01
   9.4030534e+01
   9.4088507e+01
   9.4134110e+01
   9.4188006e+01
   9.4329348e+01
   9.4458808e+01
   9.4458808e+01
   9.4683431e+01
   9.4686009e+01
   9.4788893e+01
   9.4788893e+01
   9.4967539e+01
   9.4969319e+01
   9.5319272e+01
   9.5319272e+01
   9.5353591e+01
   9.5457321e+01
   9.5459715e+01
   9.5658282e+01
   9.5677955e+01
   9.5696147e+01
   9.5697606e+01
   9.5765101e+01
   9.5797759e+01
   9.6447956e+01
   9.6926855e+01
   9.7256394e+01
   9.7314098e+01
   9.7336464e+01
   9.7367335e+01
   9.7367335e+01
   9.7481552e+01
   9.7481552e+01
   9.7687887e+01
   9.7893272e+01
   9.7930129e+01
   9.8091514e+01
   9.8195962e+01
   9.8476125e+01
   9.8715796e+01
   9.8733105e+01
   9.8733453e+01
   9.8754593e+01
   9.8755812e+01
   9.8755812e+01
   9.9634980e+01
   9.9708972e+01
   9.9719248e+01
   9.9856913e+01
   9.9918906e+01
   1.0092916e+02
   1.0093056e+02
   1.0102480e+02
   1.0119975e+02
   1.0121296e+02
   1.0129200e+02
   1.0134923e+02
   1.0157373e+02
   1.0223686e+02
   1.0244459e+02
   1.0284991e+02
   1.0284991e+02
   1.0286057e+02
   1.0286339e+02
   1.0286498e+02
   1.0286498e+02
   1.0289018e+02
   1.0306271e+02
   1.0307787e+02
   1.0312402e+02
   1.0320346e+02
   1.0321244e+02
   1.0321343e+02
   1.0321343e+02
   1.0327619e+02
   1.0330522e+02
   1.0345392e+02
   1.0345544e+02
   1.0350195e+02
   1.0351616e+02
   1.0372544e+02
   1.0372566e+02
   1.0372566e+02
   1.0381606e+02
   1.0382182e+02
   1.0385234e+02
   1.0396865e+02
   1.0397669e+02
   1.0410418e+02
   1.0413242e+02
   1.0416675e+02
   1.0417378e+02
   1.0420919e+02
   1.0431807e+02
   1.0433836e+02
   1.0449415e+02
   1.0468408e+02
   1.0473231e+02
   1.0476512e+02
   1.0480212e+02
   1.0490602e+02
   1.0509675e+02
   1.0516261e+02
   1.0528390e+02
   1.0528390e+02
   1.0533313e+02
   1.0564624e+02
   1.0575893e+02
   1.0586654e+02
   1.0593054e+02
   1.0593081e+02
   1.0655577e+02
   1.0657066e+02
   1.0657066e+02
   1.0657530e+02
   1.0657764e+02
   1.0666279e+02
   1.0695495e+02
   1.0716154e+02
   1.0716154e+02
   1.0747975e+02
   1.0754164e+02
   1.0765175e+02
   1.0765175e+02
   1.0807105e+02
   1.0808583e+02
   1.0827409e+02
   1.0827629e+02
   1.0843318e+02
   1.0875469e+02
   1.0875469e+02
   1.0876261e+02
   1.0912248e+02
   1.0912618e+02
   1.0939271e+02
   1.0939271e+02
   1.0939609e+02
   1.0951187e+02
   1.0951187e+02
   1.0957076e+02
   1.1013135e+02
   1.1102790e+02
   1.1104143e+02
   1.1104143e+02
   1.1163932e+02
   1.1200806e+02
   1.1208563e+02
   1.1209335e+02
   1.1209716e+02
   1.1213901e+02
   1.1215273e+02
   1.1217731e+02
   1.1231406e+02
   1.1232116e+02
   1.1259960e+02
   1.1259960e+02
   1.1268304e+02
   1.1269822e+02
   1.1287085e+02
   1.1302779e+02
   1.1335594e+02
   1.1347473e+02
   1.1347900e+02
   1.1354680e+02
   1.1367982e+02
   1.1368311e+02
   1.1379235e+02
   1.1436051e+02
   1.1447117e+02
   1.1451573e+02
   1.1480672e+02
   1.1481674e+02
   1.1498399e+02
   1.1500452e+02
   1.1527163e+02
   1.1528700e+02
   1.1540336e+02
   1.1573408e+02
   1.1575856e+02
   1.1583717e+02
   1.1623204e+02
   1.1624125e+02
   1.1629918e+02
   1.1629918e+02
   1.1631267e+02
   1.1632800e+02
   1.1637113e+02
   1.1637113e+02
   1.1637523e+02
   1.1637523e+02
   1.1639192e+02
   1.1643769e+02
   1.1652227e+02
   1.1711026e+02
   1.1711762e+02
   1.1718406e+02
   1.1729237e+02
