   7.1854769e-02
   1.2747687e-01
   1.3813522e-01
   1.9730744e-01
   2.1290157e-01
   2.9951984e-01
   3.1700842e-01
   3.9511765e-01
   4.9486785e-01
   6.0602251e-01
   6.0822053e-01
   7.3915158e-01
   9.2375615e-01
   9.8068677e-01
   1.0784363e+00
   1.1953570e+00
   1.2756425e+00
   1.3097012e+00
   1.3556283e+00
   1.4472197e+00
   1.5734279e+00
   1.7584376e+00
   1.9429502e+00
   1.9816956e+00
   2.0225465e+00
   2.0975498e+00
   2.2066005e+00
   2.3789076e+00
   2.4150905e+00
   2.4715335e+00
   2.5055182e+00
   2.6651386e+00
   2.7475701e+00
   2.9262148e+00
   3.0416816e+00
   3.0567998e+00
   3.1760166e+00
   3.2799911e+00
   3.3077512e+00
   3.5011651e+00
   3.6457154e+00
   3.6473557e+00
   3.7593884e+00
   3.8210339e+00
   3.9251894e+00
   3.9928157e+00
   4.0971112e+00
   4.1366712e+00
   4.1831281e+00
   4.1989356e+00
   4.3504171e+00
   4.4946988e+00
   4.6513347e+00
   4.6889387e+00
   4.7988205e+00
   4.8355269e+00
   4.8688896e+00
   4.9841981e+00
   5.1077710e+00
   5.2563523e+00
   5.2916335e+00
   5.4472318e+00
   5.6013229e+00
   5.7986886e+00
   5.8132211e+00
   5.8306753e+00
   5.9190478e+00
   6.1725867e+00
   6.5854298e+00
   6.8056056e+00
   6.8648043e+00
   6.8705901e+00
   6.9881697e+00
   7.0255507e+00
   7.0568980e+00
   7.1767570e+00
   7.2456333e+00
   7.3111221e+00
   7.3970363e+00
   7.4877772e+00
   7.4897482e+00
   7.6309578e+00
   7.8018661e+00
   7.8145326e+00
   7.8606554e+00
   7.9871542e+00
   8.1076863e+00
   8.1759715e+00
   8.2016172e+00
   8.3232586e+00
   8.4646753e+00
   8.4933430e+00
   8.5394223e+00
   8.6116358e+00
   8.6462305e+00
   8.7972393e+00
   8.9403886e+00
   8.9846232e+00
   9.0803154e+00
   9.1047559e+00
   9.1477624e+00
   9.2643433e+00
   9.2894608e+00
   9.3232437e+00
   9.4052586e+00
   9.4867905e+00
   9.5752276e+00
   9.8367926e+00
   9.8525072e+00
   9.8909947e+00
   1.0036752e+01
   1.0227895e+01
   1.0250039e+01
   1.0466102e+01
   1.0578573e+01
   1.0586592e+01
   1.0737273e+01
   1.0868321e+01
   1.0878037e+01
   1.1044806e+01
   1.1193072e+01
   1.1281453e+01
   1.1442312e+01
   1.1632025e+01
   1.1792978e+01
   1.1882666e+01
   1.2014356e+01
   1.2024863e+01
   1.2048761e+01
   1.2123933e+01
   1.2167166e+01
   1.2219245e+01
   1.2311250e+01
   1.2312628e+01
   1.2403764e+01
   1.2547536e+01
   1.2647191e+01
   1.2794633e+01
   1.2915727e+01
   1.3009987e+01
   1.3076677e+01
   1.3077834e+01
   1.3194446e+01
   1.3286308e+01
   1.3286816e+01
   1.3292208e+01
   1.3336130e+01
   1.3368153e+01
   1.3377771e+01
   1.3378200e+01
   1.3379976e+01
   1.3446596e+01
   1.3499566e+01
   1.3547779e+01
   1.3661566e+01
   1.3727969e+01
   1.3756357e+01
   1.3924020e+01
   1.3936836e+01
   1.3993573e+01
   1.4117141e+01
   1.4200072e+01
   1.4219185e+01
   1.4337281e+01
   1.4423970e+01
   1.4484832e+01
   1.4600401e+01
   1.4646888e+01
   1.4843694e+01
   1.5029912e+01
   1.5078284e+01
   1.5088995e+01
   1.5107505e+01
   1.5118938e+01
   1.5269215e+01
   1.5402430e+01
   1.5433850e+01
   1.5515967e+01
   1.5630571e+01
   1.5664038e+01
   1.5670152e+01
   1.5694867e+01
   1.5981349e+01
   1.6159820e+01
   1.6227644e+01
   1.6252730e+01
   1.6264151e+01
   1.6308901e+01
   1.6347399e+01
   1.6450170e+01
   1.6520464e+01
   1.6522138e+01
   1.6566407e+01
   1.6672389e+01
   1.6691684e+01
   1.6695154e+01
   1.6745819e+01
   1.6749565e+01
   1.6752355e+01
   1.6752701e+01
   1.6753534e+01
   1.6756499e+01
   1.6852034e+01
   1.6904922e+01
   1.7050121e+01
   1.7317717e+01
   1.7515403e+01
   1.7846833e+01
   1.8064772e+01
   1.8102372e+01
   1.8225318e+01
   1.8319911e+01
   1.8381108e+01
   1.8400060e+01
   1.8443500e+01
   1.8462663e+01
   1.8581313e+01
   1.8618516e+01
   1.8730996e+01
   1.8732784e+01
   1.8788208e+01
   1.8954272e+01
   1.9004793e+01
   1.9357194e+01
   1.9730493e+01
   2.0006907e+01
   2.0098832e+01
   2.0225810e+01
   2.0278187e+01
   2.0348387e+01
   2.0413626e+01
   2.0513300e+01
   2.0802401e+01
   2.1183715e+01
   2.1298695e+01
   2.1444486e+01
   2.1454739e+01
   2.1530673e+01
   2.1548309e+01
   2.1628698e+01
   2.1646730e+01
   2.1764722e+01
   2.1828235e+01
   2.1883088e+01
   2.1918663e+01
   2.1944962e+01
   2.2082859e+01
   2.2171141e+01
   2.2192568e+01
   2.2276016e+01
   2.2502650e+01
   2.2639409e+01
   2.2640922e+01
   2.2907235e+01
   2.3197161e+01
   2.3390707e+01
   2.3697964e+01
   2.3769973e+01
   2.3853927e+01
   2.3926928e+01
   2.3929795e+01
   2.3931653e+01
   2.4069128e+01
   2.4310624e+01
   2.4404586e+01
   2.4411079e+01
   2.4430590e+01
   2.4569126e+01
   2.4576655e+01
   2.4835227e+01
   2.4850105e+01
   2.4983008e+01
   2.5024137e+01
   2.5208724e+01
   2.5297626e+01
   2.5335329e+01
   2.5367589e+01
   2.5450721e+01
   2.5578883e+01
   2.5614981e+01
   2.5699475e+01
   2.5853733e+01
   2.5953853e+01
   2.6084286e+01
   2.6154815e+01
   2.6190656e+01
   2.6312923e+01
   2.6335549e+01
   2.6618101e+01
   2.6956053e+01
   2.7132281e+01
   2.7178539e+01
   2.7307471e+01
   2.7427381e+01
   2.7706754e+01
   2.7895998e+01
   2.7961928e+01
   2.7986301e+01
   2.8130293e+01
   2.8207352e+01
   2.8323953e+01
   2.8324362e+01
   2.8387044e+01
   2.8475768e+01
   2.8596761e+01
   2.8956104e+01
   2.9059436e+01
   2.9248595e+01
   2.9480036e+01
   2.9722301e+01
   2.9834895e+01
   2.9949162e+01
   3.0098582e+01
   3.0102711e+01
   3.0166360e+01
   3.0325633e+01
   3.0484435e+01
   3.0574534e+01
   3.0652858e+01
   3.0699640e+01
   3.0854432e+01
   3.1008447e+01
   3.1068700e+01
   3.1186044e+01
   3.1188732e+01
   3.1224583e+01
   3.1281631e+01
   3.1291794e+01
   3.1333027e+01
   3.1356392e+01
   3.1470219e+01
   3.1710525e+01
   3.1756074e+01
   3.1853334e+01
   3.2122907e+01
   3.2221835e+01
   3.2235559e+01
   3.2360229e+01
   3.2518497e+01
   3.2561847e+01
   3.2643494e+01
   3.2710250e+01
   3.2768141e+01
   3.2878548e+01
   3.3022591e+01
   3.3132060e+01
   3.3217329e+01
   3.3319927e+01
   3.3362972e+01
   3.3441976e+01
   3.3526604e+01
   3.3696677e+01
   3.3730285e+01
   3.3828348e+01
   3.3935069e+01
   3.4034337e+01
   3.4071248e+01
   3.4108257e+01
   3.4113206e+01
   3.4119282e+01
   3.4171387e+01
   3.4196755e+01
   3.4243348e+01
   3.4277974e+01
   3.4305073e+01
   3.4408277e+01
   3.4488228e+01
   3.4547866e+01
   3.4705055e+01
   3.4821782e+01
   3.4825809e+01
   3.4842588e+01
   3.4875678e+01
   3.4896645e+01
   3.4913367e+01
   3.4913770e+01
   3.4951206e+01
   3.4985058e+01
   3.5200543e+01
   3.5323906e+01
   3.5418834e+01
   3.5475026e+01
   3.5572518e+01
   3.5818380e+01
   3.5941675e+01
   3.5981294e+01
   3.5983093e+01
   3.6010104e+01
   3.6013533e+01
   3.6029629e+01
   3.6063316e+01
   3.6128159e+01
   3.6135040e+01
   3.6248046e+01
   3.6289405e+01
   3.6448410e+01
   3.6727611e+01
   3.6746642e+01
   3.6964678e+01
   3.7081898e+01
   3.7084684e+01
   3.7147468e+01
   3.7292678e+01
   3.7461485e+01
   3.7479810e+01
   3.7562616e+01
   3.7650176e+01
   3.7791997e+01
   3.7926471e+01
   3.7927202e+01
   3.7933668e+01
   3.8069740e+01
   3.8117614e+01
   3.8127612e+01
   3.8285063e+01
   3.8369850e+01
   3.8469925e+01
   3.8542020e+01
   3.8598409e+01
   3.8741216e+01
   3.8945195e+01
   3.8955786e+01
   3.9059031e+01
   3.9153556e+01
   3.9268015e+01
   3.9501963e+01
   3.9694564e+01
   3.9760388e+01
   3.9876245e+01
   3.9924198e+01
   4.0030896e+01
   4.0256153e+01
   4.0280876e+01
   4.0375968e+01
   4.0694944e+01
   4.0900222e+01
   4.0947163e+01
   4.1076203e+01
   4.1412202e+01
   4.1567901e+01
   4.1573013e+01
   4.1610885e+01
   4.1687375e+01
   4.1824745e+01
   4.2073700e+01
   4.2229569e+01
   4.2286684e+01
   4.2290980e+01
   4.2306986e+01
   4.2385932e+01
   4.2481230e+01
   4.2582253e+01
   4.2674972e+01
   4.2836732e+01
   4.2850703e+01
   4.2896519e+01
   4.2961566e+01
   4.2979097e+01
   4.3013744e+01
   4.3032543e+01
   4.3294928e+01
   4.3378824e+01
   4.3486397e+01
   4.3518790e+01
   4.3586586e+01
   4.3679300e+01
   4.3814269e+01
   4.3853030e+01
   4.3910793e+01
   4.4030867e+01
   4.4231899e+01
   4.4243386e+01
   4.4314845e+01
   4.4435601e+01
   4.4479240e+01
   4.4488693e+01
   4.4581610e+01
   4.4683689e+01
   4.4776038e+01
   4.4878646e+01
   4.4886830e+01
   4.4962349e+01
   4.4974456e+01
   4.4982859e+01
   4.5003115e+01
   4.5052505e+01
   4.5053467e+01
   4.5092908e+01
   4.5113141e+01
   4.5129331e+01
   4.5320999e+01
   4.5327848e+01
   4.5363802e+01
   4.5366735e+01
   4.5407096e+01
   4.5431466e+01
   4.5470348e+01
   4.5593274e+01
   4.5731995e+01
   4.5810692e+01
   4.5814874e+01
   4.5865528e+01
   4.5905466e+01
   4.6102184e+01
   4.6333020e+01
   4.6367343e+01
   4.6478320e+01
   4.6511814e+01
   4.6514006e+01
   4.6705057e+01
   4.6999328e+01
   4.7007834e+01
   4.7242533e+01
   4.7262039e+01
   4.7355646e+01
   4.7444631e+01
   4.7455294e+01
   4.7476340e+01
   4.7484430e+01
   4.7547083e+01
   4.7846178e+01
   4.8068554e+01
   4.8111338e+01
   4.8125093e+01
   4.8243435e+01
   4.8390268e+01
   4.8549585e+01
   4.8757762e+01
   4.8762681e+01
   4.8872324e+01
   4.8980904e+01
   4.9088062e+01
   4.9108463e+01
   4.9164639e+01
   4.9170521e+01
   4.9248470e+01
   4.9261429e+01
   4.9338632e+01
   4.9613225e+01
   4.9861241e+01
   4.9916896e+01
   4.9917218e+01
   5.0026271e+01
   5.0326093e+01
   5.0595469e+01
   5.0750599e+01
   5.0818670e+01
   5.0883813e+01
   5.1043797e+01
   5.1213859e+01
   5.1253849e+01
   5.1402580e+01
   5.1509442e+01
   5.1577480e+01
   5.1591966e+01
   5.1636311e+01
   5.1640652e+01
   5.1719083e+01
   5.1750470e+01
   5.1859442e+01
   5.1898807e+01
   5.1992826e+01
   5.1999414e+01
   5.2096673e+01
   5.2296929e+01
   5.2404241e+01
   5.2407505e+01
   5.2418770e+01
   5.2577718e+01
   5.2731354e+01
   5.2908539e+01
   5.3131088e+01
   5.3256079e+01
   5.3440051e+01
   5.3534151e+01
   5.3546095e+01
   5.3587926e+01
   5.3814098e+01
   5.3985726e+01
   5.4051616e+01
   5.4090378e+01
   5.4143899e+01
   5.4261104e+01
   5.4397793e+01
   5.4580271e+01
   5.4586367e+01
   5.4617730e+01
   5.4801599e+01
   5.4954068e+01
   5.5031458e+01
   5.5033865e+01
   5.5038717e+01
   5.5268851e+01
   5.5485501e+01
   5.5611721e+01
   5.5649746e+01
   5.5720180e+01
   5.5762739e+01
   5.5896094e+01
   5.6065390e+01
   5.6073331e+01
   5.6177899e+01
   5.6395924e+01
   5.6726070e+01
   5.6913804e+01
   5.6962642e+01
   5.6976489e+01
   5.7009999e+01
   5.7102408e+01
   5.7274593e+01
   5.7409670e+01
   5.7502305e+01
   5.7603087e+01
   5.7781718e+01
   5.8041236e+01
   5.8186463e+01
   5.8236170e+01
   5.8296879e+01
   5.8437151e+01
   5.8713851e+01
   5.8797825e+01
   5.8903709e+01
   5.8969462e+01
   5.9020668e+01
   5.9221207e+01
   5.9501802e+01
   5.9580683e+01
   5.9670228e+01
   5.9829306e+01
   6.0003669e+01
   6.0082784e+01
   6.0097539e+01
   6.0103529e+01
   6.0122376e+01
   6.0252041e+01
   6.0524494e+01
   6.0604904e+01
   6.0610452e+01
   6.0711732e+01
   6.0842878e+01
   6.1024422e+01
   6.1034644e+01
   6.1120682e+01
   6.1216803e+01
   6.1320541e+01
   6.1403151e+01
   6.1411346e+01
   6.1490096e+01
   6.1544474e+01
   6.1588410e+01
   6.1670665e+01
   6.1695933e+01
   6.1753542e+01
   6.1801635e+01
   6.1963538e+01
   6.2164195e+01
   6.2350698e+01
   6.2648110e+01
   6.2837001e+01
   6.2950055e+01
   6.3056410e+01
   6.3236309e+01
   6.3328318e+01
   6.3464587e+01
   6.3513904e+01
   6.3673967e+01
   6.3709079e+01
   6.3800009e+01
   6.3837291e+01
   6.3994853e+01
   6.4215461e+01
   6.4364401e+01
   6.4519632e+01
   6.4568376e+01
   6.4621703e+01
   6.4707743e+01
   6.4724730e+01
   6.4856239e+01
   6.5216989e+01
   6.5279232e+01
   6.5336146e+01
   6.5386558e+01
   6.5390420e+01
   6.5451082e+01
   6.5453375e+01
   6.5472088e+01
   6.5488606e+01
   6.5509397e+01
   6.5587100e+01
   6.5744104e+01
   6.5991392e+01
   6.6136374e+01
   6.6224461e+01
   6.6419261e+01
   6.6500758e+01
   6.6660647e+01
   6.6679932e+01
   6.6874689e+01
   6.6893448e+01
   6.7061739e+01
   6.7142122e+01
   6.7157150e+01
   6.7297458e+01
   6.7305783e+01
   6.7320614e+01
   6.7478338e+01
   6.7553623e+01
   6.7588876e+01
   6.7640067e+01
   6.7680522e+01
   6.7830675e+01
   6.7950588e+01
   6.8064600e+01
   6.8168222e+01
   6.8193068e+01
   6.8339725e+01
   6.8465866e+01
   6.8473524e+01
   6.8505279e+01
   6.8595337e+01
   6.8816979e+01
   6.8997566e+01
   6.9222207e+01
   6.9354131e+01
   6.9355719e+01
   6.9419600e+01
   6.9573183e+01
   6.9577596e+01
   6.9820755e+01
   6.9921564e+01
   7.0205251e+01
   7.0462093e+01
   7.0668632e+01
   7.0869668e+01
   7.0967706e+01
   7.1104218e+01
   7.1182849e+01
   7.1418495e+01
   7.1646881e+01
   7.1653484e+01
   7.1725283e+01
   7.1735030e+01
   7.1930373e+01
   7.2048602e+01
   7.2198637e+01
   7.2300668e+01
   7.2310241e+01
   7.2491886e+01
   7.2607436e+01
   7.2651451e+01
   7.2684429e+01
   7.2849962e+01
   7.3113035e+01
   7.3235349e+01
   7.3268130e+01
   7.3309652e+01
   7.3357611e+01
   7.3475919e+01
   7.3693747e+01
   7.3766598e+01
   7.3837775e+01
   7.3985601e+01
   7.4113173e+01
   7.4118361e+01
   7.4276631e+01
   7.4306933e+01
   7.4426109e+01
   7.4584813e+01
   7.4763715e+01
   7.4833674e+01
   7.5038860e+01
   7.5077710e+01
   7.5378756e+01
   7.5473269e+01
   7.5541824e+01
   7.5576964e+01
   7.5604001e+01
   7.5632288e+01
   7.5748978e+01
   7.5873411e+01
   7.6109728e+01
   7.6221768e+01
   7.6360969e+01
   7.6534049e+01
   7.6729162e+01
   7.6876914e+01
   7.7155726e+01
   7.7443671e+01
   7.7739384e+01
   7.7896913e+01
   7.7921527e+01
   7.7945286e+01
   7.7971517e+01
   7.8092244e+01
   7.8126303e+01
   7.8133393e+01
   7.8161022e+01
   7.8181691e+01
   7.8232468e+01
   7.8401397e+01
   7.8425491e+01
   7.8442239e+01
   7.8506843e+01
   7.8554845e+01
   7.8565448e+01
   7.8687401e+01
   7.8849155e+01
   7.9044188e+01
   7.9148851e+01
   7.9263080e+01
   7.9406338e+01
   7.9514229e+01
   7.9580069e+01
   7.9676961e+01
   7.9810215e+01
   7.9992265e+01
   8.0120194e+01
   8.0151658e+01
   8.0295283e+01
   8.0402393e+01
   8.0549146e+01
   8.0619764e+01
   8.0621886e+01
   8.0673635e+01
   8.0728956e+01
   8.0846981e+01
   8.1110893e+01
   8.1129591e+01
   8.1154922e+01
   8.1231506e+01
   8.1252070e+01
   8.1358601e+01
   8.1437226e+01
   8.1561278e+01
   8.1671764e+01
   8.1772640e+01
   8.2015291e+01
   8.2073427e+01
   8.2132766e+01
   8.2322023e+01
   8.2383191e+01
   8.2396607e+01
   8.2566266e+01
   8.2615729e+01
   8.2647548e+01
   8.2691568e+01
   8.2709078e+01
   8.2983694e+01
   8.3292015e+01
   8.3392308e+01
   8.3520431e+01
   8.3547666e+01
   8.3883438e+01
   8.4146592e+01
   8.4217923e+01
   8.4254777e+01
   8.4327744e+01
   8.4373824e+01
   8.4382196e+01
   8.4449475e+01
   8.4552856e+01
   8.4885316e+01
   8.5173453e+01
   8.5309836e+01
   8.5376750e+01
   8.5382286e+01
   8.5406555e+01
   8.5423429e+01
   8.5450434e+01
   8.5519775e+01
   8.5586030e+01
   8.5689755e+01
   8.5712074e+01
   8.5752240e+01
   8.5761251e+01
   8.5793652e+01
   8.5847192e+01
   8.5865673e+01
   8.6018274e+01
   8.6097098e+01
   8.6172440e+01
   8.6194070e+01
   8.6284898e+01
   8.6392742e+01
   8.6398795e+01
   8.6463918e+01
   8.6571014e+01
   8.6646777e+01
   8.6789025e+01
   8.6846215e+01
   8.6917868e+01
   8.6960885e+01
   8.7053834e+01
   8.7077437e+01
   8.7105844e+01
   8.7147098e+01
   8.7191406e+01
   8.7260250e+01
   8.7279962e+01
   8.7454780e+01
   8.7459633e+01
   8.7561291e+01
   8.7701593e+01
   8.7901126e+01
   8.7941259e+01
   8.7971348e+01
   8.8042432e+01
   8.8127245e+01
   8.8221810e+01
   8.8452679e+01
   8.8464231e+01
   8.8482071e+01
   8.8540035e+01
   8.8742850e+01
   8.8902253e+01
   8.8920607e+01
   8.8927807e+01
   8.8960005e+01
   8.9040427e+01
   8.9110975e+01
   8.9124709e+01
   8.9213219e+01
   8.9400684e+01
   8.9470998e+01
   8.9627903e+01
   8.9690943e+01
   8.9842795e+01
   8.9965441e+01
   9.0129128e+01
   9.0266969e+01
   9.0349286e+01
   9.0405084e+01
   9.0522302e+01
   9.0532468e+01
   9.0735744e+01
   9.0856874e+01
   9.0972003e+01
   9.1116062e+01
   9.1155329e+01
   9.1228352e+01
   9.1324212e+01
   9.1401775e+01
   9.1664427e+01
   9.1734738e+01
   9.1935286e+01
   9.1951448e+01
   9.2184745e+01
   9.2542119e+01
   9.2773714e+01
   9.2873707e+01
   9.2926362e+01
   9.3005039e+01
   9.3024457e+01
   9.3036022e+01
   9.3181542e+01
   9.3301411e+01
   9.3470597e+01
   9.3611233e+01
   9.3680049e+01
   9.3788897e+01
   9.3933252e+01
   9.3940606e+01
   9.4196761e+01
   9.4247052e+01
   9.4352243e+01
   9.4404797e+01
   9.4438244e+01
   9.4510494e+01
   9.4580939e+01
   9.4700903e+01
   9.4983639e+01
   9.5008157e+01
   9.5100249e+01
   9.5263718e+01
   9.5347244e+01
   9.5492015e+01
   9.5669048e+01
   9.5837238e+01
   9.5963803e+01
   9.6032313e+01
   9.6131945e+01
   9.6166735e+01
   9.6264161e+01
   9.6464583e+01
   9.6500474e+01
   9.6584717e+01
   9.6646778e+01
   9.6651695e+01
   9.6745767e+01
   9.6784571e+01
   9.6791942e+01
   9.6800932e+01
   9.6859261e+01
   9.6954564e+01
   9.6980113e+01
   9.7263779e+01
   9.7429012e+01
   9.7475862e+01
   9.7629429e+01
