   5.1631078e-03
   8.2569260e-03
   8.3705265e-03
   1.1871877e-02
   1.2115054e-02
   1.9617778e-02
   1.9923629e-02
   2.6024682e-02
   3.5974784e-02
   4.8330141e-02
   4.8334973e-02
   6.5477914e-02
   9.9556762e-02
   1.0279786e-01
   1.1235282e-01
   1.2602328e-01
   1.3246905e-01
   1.3362904e-01
   1.3573833e-01
   1.4412732e-01
   1.6005585e-01
   1.9428444e-01
   2.2832934e-01
   2.2983053e-01
   2.3149934e-01
   2.3712483e-01
   2.4901688e-01
   2.7870662e-01
   2.8001582e-01
   2.8320163e-01
   2.8435659e-01
   3.0983525e-01
   3.1663021e-01
   3.4854414e-01
   3.6187672e-01
   3.6210528e-01
   3.7631794e-01
   3.8712863e-01
   3.8789925e-01
   4.2530821e-01
   4.4620301e-01
   4.4620570e-01
   4.5875704e-01
   4.6255720e-01
   4.7340556e-01
   4.7797888e-01
   4.8885644e-01
   4.9042143e-01
   4.9257967e-01
   4.9282955e-01
   5.1577619e-01
   5.3659341e-01
   5.6112822e-01
   5.6254228e-01
   5.7461630e-01
   5.7596365e-01
   5.7707673e-01
   5.9037277e-01
   6.0564304e-01
   6.2771944e-01
   6.2896420e-01
   6.5317503e-01
   6.7691908e-01
   7.1587230e-01
   7.1608350e-01
   7.1638815e-01
   7.2419785e-01
   7.8847983e-01
   9.5891924e-01
   1.0073966e+00
   1.0109011e+00
   1.0109346e+00
   1.0247596e+00
   1.0261569e+00
   1.0271396e+00
   1.0415057e+00
   1.0462497e+00
   1.0505385e+00
   1.0579197e+00
   1.0661536e+00
   1.0661575e+00
   1.0860976e+00
   1.1153073e+00
   1.1154677e+00
   1.1175951e+00
   1.1335970e+00
   1.1481250e+00
   1.1527879e+00
   1.1534456e+00
   1.1682422e+00
   1.1882409e+00
   1.1890627e+00
   1.1911860e+00
   1.1964008e+00
   1.1975976e+00
   1.2204012e+00
   1.2408930e+00
   1.2428497e+00
   1.2520067e+00
   1.2526040e+00
   1.2544536e+00
   1.2680447e+00
   1.2686756e+00
   1.2698168e+00
   1.2765433e+00
   1.2831907e+00
   1.2910119e+00
   1.3594281e+00
   1.3596751e+00
   1.3611564e+00
   1.3824016e+00
   1.4189372e+00
   1.4194275e+00
   1.4661108e+00
   1.4787605e+00
   1.4788248e+00
   1.5015297e+00
   1.5187032e+00
   1.5187976e+00
   1.5466096e+00
   1.5685922e+00
   1.5764033e+00
   1.6022790e+00
   1.6382703e+00
   1.6641761e+00
   1.6722199e+00
   1.6895623e+00
   1.6896727e+00
   1.6902438e+00
   1.6958947e+00
   1.6977638e+00
   1.7004760e+00
   1.7089409e+00
   1.7089428e+00
   1.7172486e+00
   1.7379190e+00
   1.7478501e+00
   1.7695892e+00
   1.7842531e+00
   1.7931381e+00
   1.7975856e+00
   1.7975869e+00
   1.8111852e+00
   1.8196239e+00
   1.8196241e+00
   1.8196532e+00
   1.8215823e+00
   1.8226078e+00
   1.8227003e+00
   1.8227005e+00
   1.8227037e+00
   1.8271419e+00
   1.8299478e+00
   1.8322722e+00
   1.8452197e+00
   1.8496291e+00
   1.8504349e+00
   1.8785458e+00
   1.8787101e+00
   1.8819291e+00
   1.8971982e+00
   1.9040757e+00
   1.9044410e+00
   1.9183877e+00
   1.9259026e+00
   1.9296068e+00
   1.9429631e+00
   1.9451241e+00
   1.9838565e+00
   2.0185339e+00
   2.0208738e+00
   2.0209885e+00
   2.0213311e+00
   2.0214618e+00
   2.0440451e+00
   2.0617912e+00
   2.0627784e+00
   2.0695217e+00
   2.0826559e+00
   2.0837759e+00
   2.0838132e+00
   2.0844241e+00
   2.1664963e+00
   2.1983481e+00
   2.2029481e+00
   2.2035774e+00
   2.2037079e+00
   2.2057104e+00
   2.2071925e+00
   2.2177543e+00
   2.2226956e+00
   2.2226984e+00
   2.2246581e+00
   2.2358903e+00
   2.2362626e+00
   2.2362747e+00
   2.2388416e+00
   2.2388556e+00
   2.2388634e+00
   2.2388635e+00
   2.2388642e+00
   2.2388730e+00
   2.2479999e+00
   2.2507971e+00
   2.2718796e+00
   2.3434877e+00
   2.3825674e+00
   2.4924133e+00
   2.5399107e+00
   2.5413244e+00
   2.5564401e+00
   2.5653880e+00
   2.5691331e+00
   2.5694923e+00
   2.5713793e+00
   2.5717465e+00
   2.5858244e+00
   2.5872085e+00
   2.5998602e+00
   2.5998633e+00
   2.6029352e+00
   2.6305124e+00
   2.6330648e+00
   2.7572514e+00
   2.8966037e+00
   2.9730083e+00
   2.9814584e+00
   2.9975819e+00
   3.0003253e+00
   3.0052533e+00
   3.0095094e+00
   3.0194443e+00
   3.1030234e+00
   3.2484243e+00
   3.2616446e+00
   3.2828997e+00
   3.2830048e+00
   3.2887708e+00
   3.2890818e+00
   3.2955441e+00
   3.2958693e+00
   3.3097914e+00
   3.3138253e+00
   3.3168341e+00
   3.3180997e+00
   3.3187914e+00
   3.3378069e+00
   3.3456007e+00
   3.3460598e+00
   3.3530233e+00
   3.4043862e+00
   3.4230894e+00
   3.4230916e+00
   3.4940142e+00
   3.5780710e+00
   3.6155313e+00
   3.7099380e+00
   3.7151233e+00
   3.7221716e+00
   3.7275008e+00
   3.7275090e+00
   3.7275124e+00
   3.7464118e+00
   3.8047321e+00
   3.8135610e+00
   3.8136032e+00
   3.8139838e+00
   3.8331762e+00
   3.8332329e+00
   3.9000921e+00
   3.9003135e+00
   3.9179768e+00
   3.9196683e+00
   3.9537410e+00
   3.9616444e+00
   3.9630659e+00
   3.9641066e+00
   3.9710176e+00
   3.9874431e+00
   3.9887462e+00
   3.9958855e+00
   4.0196808e+00
   4.0297049e+00
   4.0467177e+00
   4.0516921e+00
   4.0529766e+00
   4.0679259e+00
   4.0684379e+00
   4.1482735e+00
   4.2624848e+00
   4.2935412e+00
   4.2956810e+00
   4.3123045e+00
   4.3266827e+00
   4.4047319e+00
   4.4405456e+00
   4.4448923e+00
   4.4454864e+00
   4.4662200e+00
   4.4721581e+00
   4.4857538e+00
   4.4857540e+00
   4.4896829e+00
   4.4975549e+00
   4.5121943e+00
   4.6413214e+00
   4.6519990e+00
   4.6877801e+00
   4.7413447e+00
   4.8000374e+00
   4.8127147e+00
   4.8257716e+00
   4.8480980e+00
   4.8481150e+00
   4.8521662e+00
   4.8775341e+00
   4.9027522e+00
   4.9108701e+00
   4.9170047e+00
   4.9191932e+00
   4.9431538e+00
   4.9668745e+00
   4.9705049e+00
   4.9842745e+00
   4.9842817e+00
   4.9855670e+00
   4.9888214e+00
   4.9889247e+00
   4.9906249e+00
   4.9911708e+00
   5.0041273e+00
   5.0618743e+00
   5.0639491e+00
   5.0734086e+00
   5.1460779e+00
   5.1558648e+00
   5.1560531e+00
   5.1715958e+00
   5.1966444e+00
   5.1985236e+00
   5.2051899e+00
   5.2096463e+00
   5.2129977e+00
   5.2251873e+00
   5.2459357e+00
   5.2579192e+00
   5.2651900e+00
   5.2757164e+00
   5.2775693e+00
   5.2838109e+00
   5.2909727e+00
   5.3198974e+00
   5.3210270e+00
   5.3306432e+00
   5.3420327e+00
   5.3518869e+00
   5.3532493e+00
   5.3546190e+00
   5.3546435e+00
   5.3546804e+00
   5.3573952e+00
   5.3580388e+00
   5.3602097e+00
   5.3614087e+00
   5.3621430e+00
   5.3727941e+00
   5.3791862e+00
   5.3827430e+00
   5.4074514e+00
   5.4210766e+00
   5.4210928e+00
   5.4213743e+00
   5.4224693e+00
   5.4229089e+00
   5.4231885e+00
   5.4231887e+00
   5.4245901e+00
   5.4257361e+00
   5.4721697e+00
   5.4873882e+00
   5.4963995e+00
   5.4995570e+00
   5.5090618e+00
   5.5695100e+00
   5.5847114e+00
   5.5862811e+00
   5.5862844e+00
   5.5870140e+00
   5.5870257e+00
   5.5872848e+00
   5.5884197e+00
   5.5926242e+00
   5.5926716e+00
   5.6054418e+00
   5.6071524e+00
   5.6324349e+00
   5.7103885e+00
   5.7107507e+00
   5.7582906e+00
   5.7720312e+00
   5.7720390e+00
   5.7759808e+00
   5.7970667e+00
   5.8255627e+00
   5.8258985e+00
   5.8327552e+00
   5.8404220e+00
   5.8605354e+00
   5.8786186e+00
   5.8786191e+00
   5.8786609e+00
   5.8971767e+00
   5.8994686e+00
   5.8995686e+00
   5.9243594e+00
   5.9315482e+00
   5.9415631e+00
   5.9467610e+00
   5.9499406e+00
   5.9703344e+00
   6.0119419e+00
   6.0120540e+00
   6.0227135e+00
   6.0316486e+00
   6.0447493e+00
   6.0994812e+00
   6.1365762e+00
   6.1409090e+00
   6.1543318e+00
   6.1566313e+00
   6.1680158e+00
   6.2187563e+00
   6.2193675e+00
   6.2284101e+00
   6.3301556e+00
   6.3722948e+00
   6.3744982e+00
   6.3911497e+00
   6.5040447e+00
   6.5282869e+00
   6.5283130e+00
   6.5297473e+00
   6.5355981e+00
   6.5544685e+00
   6.6164470e+00
   6.6407422e+00
   6.6440043e+00
   6.6440227e+00
   6.6442789e+00
   6.6505114e+00
   6.6595932e+00
   6.6697988e+00
   6.6783956e+00
   6.7045618e+00
   6.7047570e+00
   6.7068562e+00
   6.7110872e+00
   6.7113945e+00
   6.7125950e+00
   6.7129484e+00
   6.7817942e+00
   6.7888327e+00
   6.8004047e+00
   6.8014540e+00
   6.8060502e+00
   6.8146462e+00
   6.8328627e+00
   6.8343652e+00
   6.8377018e+00
   6.8521196e+00
   6.8925334e+00
   6.8926653e+00
   6.8977717e+00
   6.9123538e+00
   6.9142581e+00
   6.9143475e+00
   6.9229811e+00
   6.9334012e+00
   6.9419295e+00
   6.9524580e+00
   6.9525250e+00
   6.9582282e+00
   6.9583748e+00
   6.9584454e+00
   6.9588557e+00
   6.9612951e+00
   6.9612961e+00
   6.9628516e+00
   6.9632610e+00
   6.9635231e+00
   7.0002600e+00
   7.0003069e+00
   7.0015996e+00
   7.0016082e+00
   7.0032372e+00
   7.0038311e+00
   7.0053429e+00
   7.0204537e+00
   7.0396971e+00
   7.0458904e+00
   7.0459079e+00
   7.0484737e+00
   7.0500688e+00
   7.0887669e+00
   7.1420519e+00
   7.1432299e+00
   7.1555457e+00
   7.1566676e+00
   7.1566724e+00
   7.1931730e+00
   7.2797681e+00
   7.2798405e+00
   7.3349240e+00
   7.3353045e+00
   7.3440668e+00
   7.3519851e+00
   7.3520988e+00
   7.3525417e+00
   7.3526072e+00
   7.3565326e+00
   7.4459909e+00
   7.4954419e+00
   7.4972724e+00
   7.4974616e+00
   7.5114663e+00
   7.5330262e+00
   7.5584081e+00
   7.6017459e+00
   7.6017701e+00
   7.6137918e+00
   7.6255814e+00
   7.6370642e+00
   7.6374804e+00
   7.6406361e+00
   7.6406707e+00
   7.6467467e+00
   7.6469146e+00
   7.6528750e+00
   7.7282760e+00
   7.7897880e+00
   7.7928855e+00
   7.7928856e+00
   7.8047781e+00
   7.8946716e+00
   7.9672349e+00
   7.9913001e+00
   7.9959338e+00
   8.0001774e+00
   8.0257725e+00
   8.0546935e+00
   8.0562927e+00
   8.0784136e+00
   8.0898330e+00
   8.0944622e+00
   8.0946720e+00
   8.0966385e+00
   8.0966573e+00
   8.1028087e+00
   8.1037938e+00
   8.1156687e+00
   8.1172183e+00
   8.1260579e+00
   8.1261013e+00
   8.1355606e+00
   8.1756629e+00
   8.1871790e+00
   8.1871896e+00
   8.1873165e+00
   8.2125811e+00
   8.2361850e+00
   8.2675796e+00
   8.3171076e+00
   8.3327304e+00
   8.3665762e+00
   8.3754309e+00
   8.3755736e+00
   8.3773234e+00
   8.4284773e+00
   8.4579332e+00
   8.4622748e+00
   8.4637772e+00
   8.4666418e+00
   8.4803788e+00
   8.4990626e+00
   8.5323607e+00
   8.5323979e+00
   8.5333815e+00
   8.5671893e+00
   8.5904362e+00
   8.5964254e+00
   8.5964312e+00
   8.5964547e+00
   8.6494165e+00
   8.6963534e+00
   8.7122850e+00
   8.7137309e+00
   8.7186919e+00
   8.7205031e+00
   8.7382867e+00
   8.7669479e+00
   8.7670109e+00
   8.7779453e+00
   8.8254804e+00
   8.9344766e+00
   8.9697206e+00
   8.9721059e+00
   8.9722976e+00
   8.9734205e+00
   8.9819600e+00
   9.0116074e+00
   9.0298534e+00
   9.0384345e+00
   9.0485915e+00
   9.0805008e+00
   9.1478501e+00
   9.1689410e+00
   9.1714118e+00
   9.1750973e+00
   9.1947737e+00
   9.2713363e+00
   9.2783880e+00
   9.2895995e+00
   9.2939229e+00
   9.2965449e+00
   9.3367609e+00
   9.4154947e+00
   9.4217169e+00
   9.4297353e+00
   9.4550410e+00
   9.4854433e+00
   9.4917025e+00
   9.4919202e+00
   9.4919561e+00
   9.4923113e+00
   9.5091244e+00
   9.5833548e+00
   9.5898205e+00
   9.5898513e+00
   9.6001088e+00
   9.6173082e+00
   9.6502663e+00
   9.6503708e+00
   9.6577733e+00
   9.6670124e+00
   9.6777740e+00
   9.6845984e+00
   9.6846656e+00
   9.6908671e+00
   9.6938241e+00
   9.6957545e+00
   9.7025205e+00
   9.7031589e+00
   9.7064778e+00
   9.7087907e+00
   9.7350032e+00
   9.7752667e+00
   9.8100501e+00
   9.8985037e+00
   9.9341834e+00
   9.9469647e+00
   9.9582761e+00
   9.9906396e+00
   9.9991053e+00
   1.0017674e+01
   1.0020107e+01
   1.0045727e+01
   1.0046960e+01
   1.0055228e+01
   1.0056618e+01
   1.0081444e+01
   1.0130111e+01
   1.0152295e+01
   1.0176391e+01
   1.0178767e+01
   1.0181611e+01
   1.0189014e+01
   1.0189302e+01
   1.0206597e+01
   1.0336738e+01
   1.0340612e+01
   1.0343851e+01
   1.0346393e+01
   1.0346408e+01
   1.0350088e+01
   1.0350093e+01
   1.0350443e+01
   1.0350716e+01
   1.0351148e+01
   1.0357186e+01
   1.0381836e+01
   1.0442987e+01
   1.0464007e+01
   1.0471766e+01
   1.0509714e+01
   1.0516355e+01
   1.0541920e+01
   1.0542292e+01
   1.0580222e+01
   1.0580574e+01
   1.0608896e+01
   1.0615358e+01
   1.0615584e+01
   1.0635270e+01
   1.0635339e+01
   1.0635559e+01
   1.0660436e+01
   1.0666104e+01
   1.0667346e+01
   1.0669967e+01
   1.0671604e+01
   1.0694150e+01
   1.0708529e+01
   1.0721527e+01
   1.0732265e+01
   1.0732882e+01
   1.0754391e+01
   1.0770302e+01
   1.0770361e+01
   1.0771369e+01
   1.0779479e+01
   1.0828605e+01
   1.0861216e+01
   1.0911680e+01
   1.0929084e+01
   1.0929086e+01
   1.0933167e+01
   1.0956755e+01
   1.0956774e+01
   1.1015900e+01
   1.1026063e+01
   1.1106541e+01
   1.1172509e+01
   1.1215168e+01
   1.1255583e+01
   1.1265194e+01
   1.1283830e+01
   1.1290013e+01
   1.1345542e+01
   1.1397702e+01
   1.1397746e+01
   1.1402901e+01
   1.1402996e+01
   1.1441155e+01
   1.1455133e+01
   1.1477643e+01
   1.1488054e+01
   1.1488145e+01
   1.1521140e+01
   1.1534492e+01
   1.1536429e+01
   1.1537517e+01
   1.1564918e+01
   1.1634126e+01
   1.1649086e+01
   1.1650161e+01
   1.1651885e+01
   1.1654185e+01
   1.1668182e+01
   1.1715631e+01
   1.1720938e+01
   1.1726004e+01
   1.1747857e+01
   1.1764131e+01
   1.1764158e+01
   1.1789208e+01
   1.1790126e+01
   1.1804329e+01
   1.1829516e+01
   1.1861522e+01
   1.1866416e+01
   1.1908517e+01
   1.1910027e+01
   1.2000655e+01
   1.2009588e+01
   1.2014287e+01
   1.2015522e+01
   1.2016253e+01
   1.2017053e+01
   1.2030670e+01
   1.2046153e+01
   1.2102000e+01
   1.2114553e+01
   1.2133929e+01
   1.2163886e+01
   1.2201955e+01
   1.2223786e+01
   1.2301522e+01
   1.2384434e+01
   1.2471880e+01
   1.2496696e+01
   1.2497302e+01
   1.2497866e+01
   1.2498554e+01
   1.2513129e+01
   1.2514289e+01
   1.2514339e+01
   1.2515103e+01
   1.2515530e+01
   1.2518108e+01
   1.2546645e+01
   1.2547226e+01
   1.2547506e+01
   1.2551680e+01
   1.2553984e+01
   1.2554096e+01
   1.2568969e+01
   1.2595133e+01
   1.2633171e+01
   1.2644126e+01
   1.2657174e+01
   1.2677697e+01
   1.2689337e+01
   1.2693672e+01
   1.2703060e+01
   1.2720817e+01
   1.2753959e+01
   1.2770325e+01
   1.2771315e+01
   1.2791943e+01
   1.2803416e+01
   1.2824952e+01
   1.2829939e+01
   1.2829943e+01
   1.2832621e+01
   1.2835682e+01
   1.2849612e+01
   1.2919261e+01
   1.2919611e+01
   1.2920252e+01
   1.2926118e+01
   1.2926540e+01
   1.2937889e+01
   1.2944071e+01
   1.2959460e+01
   1.2971667e+01
   1.2981843e+01
   1.3040722e+01
   1.3044102e+01
   1.3047623e+01
   1.3083442e+01
   1.3087183e+01
   1.3087363e+01
   1.3116148e+01
   1.3118594e+01
   1.3119607e+01
   1.3121544e+01
   1.3121851e+01
   1.3197265e+01
   1.3292327e+01
   1.3302385e+01
   1.3318801e+01
   1.3319543e+01
   1.3432285e+01
   1.3501536e+01
   1.3506624e+01
   1.3507982e+01
   1.3513306e+01
   1.3515429e+01
   1.3515500e+01
   1.3520026e+01
   1.3530714e+01
   1.3641243e+01
   1.3724267e+01
   1.3742867e+01
   1.3747344e+01
   1.3747375e+01
   1.3747964e+01
   1.3748249e+01
   1.3748978e+01
   1.3753786e+01
   1.3758176e+01
   1.3768935e+01
   1.3769433e+01
   1.3771046e+01
   1.3771127e+01
   1.3772177e+01
   1.3775044e+01
   1.3775385e+01
   1.3798673e+01
   1.3804886e+01
   1.3810562e+01
   1.3811030e+01
   1.3819280e+01
   1.3830910e+01
   1.3830947e+01
   1.3835188e+01
   1.3846657e+01
   1.3852397e+01
   1.3872632e+01
   1.3875902e+01
   1.3881037e+01
   1.3882887e+01
   1.3891526e+01
   1.3892084e+01
   1.3892890e+01
   1.3894592e+01
   1.3896556e+01
   1.3901295e+01
   1.3901684e+01
   1.3932245e+01
   1.3932268e+01
   1.3942603e+01
   1.3962287e+01
   1.4002101e+01
   1.4003711e+01
   1.4004617e+01
   1.4009670e+01
   1.4016863e+01
   1.4025805e+01
   1.4079106e+01
   1.4079239e+01
   1.4079558e+01
   1.4082917e+01
   1.4124051e+01
   1.4149461e+01
   1.4149797e+01
   1.4149849e+01
   1.4150886e+01
   1.4157354e+01
   1.4162331e+01
   1.4162519e+01
   1.4170353e+01
   1.4205496e+01
   1.4210440e+01
   1.4235060e+01
   1.4239034e+01
   1.4262093e+01
   1.4277135e+01
   1.4303928e+01
   1.4322928e+01
   1.4329704e+01
   1.4332818e+01
   1.4346558e+01
   1.4346661e+01
   1.4387982e+01
   1.4402655e+01
   1.4415909e+01
   1.4436662e+01
   1.4438204e+01
   1.4443536e+01
   1.4452725e+01
   1.4458742e+01
   1.4527728e+01
   1.4532671e+01
   1.4572891e+01
   1.4573152e+01
   1.4627580e+01
   1.4755296e+01
   1.4808932e+01
   1.4818931e+01
   1.4821703e+01
   1.4827893e+01
   1.4828270e+01
   1.4828404e+01
   1.4849580e+01
   1.4863949e+01
   1.4892572e+01
   1.4912351e+01
   1.4917087e+01
   1.4928935e+01
   1.4949773e+01
   1.4949827e+01
   1.5015443e+01
   1.5017972e+01
   1.5029037e+01
   1.5031799e+01
   1.5032918e+01
   1.5038138e+01
   1.5043100e+01
   1.5057491e+01
   1.5137431e+01
   1.5138032e+01
   1.5146513e+01
   1.5173235e+01
   1.5180212e+01
   1.5201171e+01
   1.5232511e+01
   1.5260799e+01
   1.5276818e+01
   1.5281511e+01
   1.5291438e+01
   1.5292648e+01
   1.5302140e+01
   1.5342309e+01
   1.5343597e+01
   1.5350694e+01
   1.5354546e+01
   1.5354570e+01
   1.5363419e+01
   1.5364925e+01
   1.5364980e+01
   1.5365060e+01
   1.5368463e+01
   1.5377545e+01
   1.5378198e+01
   1.5458664e+01
   1.5485966e+01
   1.5488161e+01
   1.5511744e+01
