   5.9244300e-03
   1.3150902e+00
   1.4913500e+00
   1.6038647e+00
   1.6546797e+00
   1.7334085e+00
   1.7649033e+00
   1.8004463e+00
   1.8327137e+00
   1.8604216e+00
   1.8900951e+00
   1.9329860e+00
   1.9696260e+00
   1.9995082e+00
   2.0237324e+00
   2.0628621e+00
   2.0914007e+00
   2.1329458e+00
   2.1630468e+00
   2.1881690e+00
   2.2288692e+00
   2.2563441e+00
   2.2862873e+00
   2.3131736e+00
   2.3417142e+00
   2.3699709e+00
   2.3990731e+00
   2.4276803e+00
   2.4672840e+00
   2.4934083e+00
   2.5329834e+00
   2.5577411e+00
   2.5959322e+00
   2.6258577e+00
   2.6517951e+00
   2.6807727e+00
   2.7195332e+00
   2.7441158e+00
   2.7713430e+00
   2.7972215e+00
   2.8240334e+00
   2.8510948e+00
   2.8826038e+00
   2.9145474e+00
   2.9388816e+00
   2.9591196e+00
   2.9845636e+00
   3.0081424e+00
   3.0348629e+00
   3.0586255e+00
   3.0843388e+00
   3.1102648e+00
   3.1364310e+00
   3.1600327e+00
   3.1861336e+00
   3.2088100e+00
   3.2317073e+00
   3.2546979e+00
   3.2857888e+00
   3.3128259e+00
   3.3371210e+00
   3.3607709e+00
   3.3862074e+00
   3.4095706e+00
   3.4349479e+00
   3.4574930e+00
   3.4820831e+00
   3.5042201e+00
   3.5342284e+00
   3.5615560e+00
   3.5888479e+00
   3.6103343e+00
   3.6386934e+00
   3.6634157e+00
   3.6906925e+00
   3.7150627e+00
   3.7457805e+00
   3.7695613e+00
   3.7919877e+00
   3.8184628e+00
   3.8390935e+00
   3.8640692e+00
   3.8868872e+00
   3.9093278e+00
   3.9352332e+00
   3.9632143e+00
   3.9973175e+00
   4.0220098e+00
   4.0561855e+00
   4.0754871e+00
   4.1014593e+00
   4.1259878e+00
   4.1511073e+00
   4.1752657e+00
   4.1995188e+00
   4.2233763e+00
   4.2476884e+00
   4.2706966e+00
   4.2932305e+00
   4.3250895e+00
   4.3473732e+00
   4.3729370e+00
   4.3968605e+00
   4.4215096e+00
   4.4579334e+00
   4.4798682e+00
   4.5074658e+00
   4.5334004e+00
   4.5597548e+00
   4.5800330e+00
   4.6012099e+00
   4.6356725e+00
   4.6592534e+00
   4.6797830e+00
   4.7114604e+00
   4.7377908e+00
   4.7608039e+00
   4.7856044e+00
   4.8118445e+00
   4.8488622e+00
   4.8715421e+00
   4.8960601e+00
   4.9199684e+00
   4.9448531e+00
   4.9710143e+00
   4.9983772e+00
   5.0251007e+00
   5.0513460e+00
   5.0850943e+00
   5.1092753e+00
   5.1352738e+00
   5.1623920e+00
   5.1888710e+00
   5.2213732e+00
   5.2481377e+00
   5.2755403e+00
   5.2997229e+00
   5.3292365e+00
   5.3570538e+00
   5.3844785e+00
   5.4086463e+00
   5.4377652e+00
   5.4685806e+00
   5.5024901e+00
   5.5331497e+00
   5.5721614e+00
   5.6060528e+00
   5.6415383e+00
   5.6662000e+00
   5.6901423e+00
   5.7247226e+00
   5.7556497e+00
   5.7853337e+00
   5.8106049e+00
   5.8339694e+00
   5.8594807e+00
   5.8794315e+00
   5.9021922e+00
   5.9387205e+00
   5.9623321e+00
   5.9894222e+00
   6.0131584e+00
   6.0390638e+00
   6.0660762e+00
   6.0939735e+00
   6.1216233e+00
   6.1468871e+00
   6.1754370e+00
   6.2009275e+00
   6.2288455e+00
   6.2548368e+00
   6.2824899e+00
   6.3140527e+00
   6.3494391e+00
   6.3759867e+00
   6.4093785e+00
   6.4388145e+00
   6.4744199e+00
   6.5035616e+00
   6.5313434e+00
   6.5587075e+00
   6.5831694e+00
   6.6101725e+00
   6.6340974e+00
   6.6606203e+00
   6.6948100e+00
   6.7194143e+00
   6.7450509e+00
   6.7683929e+00
   6.7967723e+00
   6.8245479e+00
   6.8614544e+00
   6.8933406e+00
   6.9195824e+00
   6.9572286e+00
   6.9829950e+00
   7.0114299e+00
   7.0381044e+00
   7.0741669e+00
   7.1140503e+00
   7.1511069e+00
   7.1834190e+00
   7.2246621e+00
   7.2597099e+00
   7.2859222e+00
   7.3125313e+00
   7.3422465e+00
   7.3701732e+00
   7.4005957e+00
   7.4297257e+00
   7.4637290e+00
   7.4906020e+00
   7.5209116e+00
   7.5494173e+00
   7.5785937e+00
   7.6051753e+00
   7.6501933e+00
   7.6825458e+00
   7.7146523e+00
   7.7458600e+00
   7.7819737e+00
   7.8170149e+00
   7.8468107e+00
   7.8774950e+00
   7.9040268e+00
   7.9310624e+00
   7.9591835e+00
   7.9847197e+00
   8.0179062e+00
   8.0406466e+00
   8.0779431e+00
   8.0962828e+00
   8.1234461e+00
   8.1513715e+00
   8.1794992e+00
   8.2070908e+00
   8.2362314e+00
   8.2560895e+00
   8.2773548e+00
   8.3022388e+00
   8.3360955e+00
   8.3664476e+00
   8.3935913e+00
   8.4140425e+00
   8.4349204e+00
   8.4629351e+00
   8.4884309e+00
   8.5167295e+00
   8.5438161e+00
   8.5805865e+00
   8.9275295e+00
   8.9659684e+00
   9.0007823e+00
   9.0249304e+00
   9.0503755e+00
   9.0763518e+00
   9.1046807e+00
   9.1312839e+00
   9.1487597e+00
   9.1833450e+00
   9.2083252e+00
   9.2428284e+00
   9.2771134e+00
   9.3018385e+00
   9.3295465e+00
   9.3572239e+00
   9.3946072e+00
   9.4254727e+00
   9.4518914e+00
   9.4777661e+00
   9.5072659e+00
   9.5378812e+00
   9.5659063e+00
   9.5916059e+00
   9.6285730e+00
   9.6697773e+00
   9.7097820e+00
   9.7527773e+00
   9.7925423e+00
   9.8164070e+00
   9.8448123e+00
   9.8752844e+00
   9.9116075e+00
   9.9382520e+00
   9.9634420e+00
   9.9821135e+00
   1.0014523e+01
   1.0038601e+01
   1.0057592e+01
   1.0077213e+01
   1.0107109e+01
   1.0135631e+01
   1.0161617e+01
   1.0195250e+01
   1.0225607e+01
   1.0262073e+01
   1.0288791e+01
   1.0305096e+01
   1.0337487e+01
   1.0375707e+01
   1.0404311e+01
   1.0433810e+01
   1.0452972e+01
   1.0468057e+01
   1.0492982e+01
   1.0524686e+01
   1.0553133e+01
   1.0578529e+01
   1.0610203e+01
   1.0640343e+01
   1.0666155e+01
   1.0694764e+01
   1.0731172e+01
   1.0755156e+01
   1.0780235e+01
   1.0799822e+01
   1.0823410e+01
   1.0851693e+01
   1.0882428e+01
   1.0908887e+01
   1.0940750e+01
   1.0961302e+01
   1.0988341e+01
   1.1006414e+01
   1.1033912e+01
   1.1059866e+01
   1.1085654e+01
   1.1110196e+01
   1.1138564e+01
   1.1163066e+01
   1.1190740e+01
   1.1215953e+01
   1.1242571e+01
   1.1270626e+01
   1.1291323e+01
   1.1319416e+01
   1.1361209e+01
   1.1390382e+01
   1.1437433e+01
   1.1467673e+01
   1.1496906e+01
   1.1531174e+01
   1.1558535e+01
   1.1588073e+01
   1.1613728e+01
   1.1641177e+01
   1.1666901e+01
   1.1691829e+01
   1.1719178e+01
   1.1755969e+01
   1.1787802e+01
   1.1820233e+01
   1.1848568e+01
   1.1880886e+01
   1.1903769e+01
   1.1932303e+01
   1.1966765e+01
   1.1991716e+01
   1.2018616e+01
   1.2046854e+01
   1.2073871e+01
   1.2105289e+01
   1.2135164e+01
   1.2161812e+01
   1.2190498e+01
   1.2216207e+01
   1.2254230e+01
   1.2279708e+01
   1.2313526e+01
   1.2341687e+01
   1.2370550e+01
   1.2397520e+01
   1.2424482e+01
   1.2451192e+01
   1.2486151e+01
   1.2519243e+01
   1.2550326e+01
   1.2582123e+01
   1.2609181e+01
   1.2637302e+01
   1.2663183e+01
   1.2692965e+01
   1.2722331e+01
   1.2750394e+01
   1.2779910e+01
   1.2809188e+01
   1.2834217e+01
   1.2864356e+01
   1.2894775e+01
   1.2920677e+01
   1.2945261e+01
   1.2970541e+01
   1.3000877e+01
   1.3022255e+01
   1.3049621e+01
   1.3077911e+01
   1.3102248e+01
   1.3128736e+01
   1.3153972e+01
   1.3183038e+01
   1.3210606e+01
   1.3242579e+01
   1.3274350e+01
   1.3300971e+01
   1.3329011e+01
   1.3354093e+01
   1.3388315e+01
   1.3415185e+01
   1.3450983e+01
   1.3477196e+01
   1.3509455e+01
   1.3541559e+01
   1.3565226e+01
   1.3592562e+01
   1.3619333e+01
   1.3648929e+01
   1.3675257e+01
   1.3707300e+01
   1.3732634e+01
   1.3757648e+01
   1.3777965e+01
   1.3803771e+01
   1.3830718e+01
   1.3855973e+01
   1.3884173e+01
   1.3921255e+01
   1.3947938e+01
   1.3973405e+01
   1.3990254e+01
   1.4017323e+01
   1.4047015e+01
   1.4064522e+01
   1.4091252e+01
   1.4119337e+01
   1.4146983e+01
   1.4164836e+01
   1.4192214e+01
   1.4218809e+01
   1.4250919e+01
   1.4279353e+01
   1.4304653e+01
   1.4325485e+01
   1.4343447e+01
   1.4374323e+01
   1.4401223e+01
   1.4429088e+01
   1.4455201e+01
   1.4489591e+01
   1.4515284e+01
   1.4542278e+01
   1.4569078e+01
   1.4597242e+01
   1.4622741e+01
   1.4649892e+01
   1.4674469e+01
   1.4702526e+01
   1.4727565e+01
   1.4754287e+01
   1.4781753e+01
   1.4806028e+01
   1.4823196e+01
   1.4849631e+01
   1.4874090e+01
   1.4905844e+01
   1.4938592e+01
   1.4966972e+01
   1.4992313e+01
   1.5019464e+01
   1.5047201e+01
   1.5078011e+01
   1.5100352e+01
   1.5128280e+01
   1.5156500e+01
   1.5184781e+01
   1.5204883e+01
   1.5233289e+01
   1.5258677e+01
   1.5285245e+01
   1.5318329e+01
   1.5353943e+01
   1.5380911e+01
   1.5406440e+01
   1.5433146e+01
   1.5451756e+01
   1.5467479e+01
   1.5485284e+01
   1.5525562e+01
   1.5553068e+01
   1.5581462e+01
   1.5608427e+01
   1.5636207e+01
   1.5660933e+01
   1.5686256e+01
   1.5715124e+01
   1.5741526e+01
   1.5770833e+01
   1.5799682e+01
   1.5829487e+01
   1.5859715e+01
   1.5883191e+01
   1.5912289e+01
   1.5946412e+01
   1.5985823e+01
   1.6007877e+01
   1.6047894e+01
   1.6077146e+01
   1.6107855e+01
   1.6139178e+01
   1.6155058e+01
   1.6196029e+01
   1.6233209e+01
   1.6265965e+01
   1.6290175e+01
   1.6321263e+01
   1.6350309e+01
   1.6377704e+01
   1.6405569e+01
   1.6436590e+01
   1.6468018e+01
   1.6498107e+01
   1.6528663e+01
   1.6558678e+01
   1.6589685e+01
   1.6618200e+01
   1.6642349e+01
   1.6683877e+01
   1.6714771e+01
   1.6733240e+01
   1.6769942e+01
   1.6802350e+01
   1.6831157e+01
   1.6858700e+01
   1.6889068e+01
   1.6919433e+01
   1.6946167e+01
   1.6976569e+01
   1.7005295e+01
   1.7041403e+01
   1.7076554e+01
   1.7107041e+01
   1.7135582e+01
   1.7145756e+01
   1.7194347e+01
   1.7227283e+01
   1.7257156e+01
   1.7289304e+01
   1.7322160e+01
   1.7355344e+01
   1.7389665e+01
   1.7420299e+01
   1.7450599e+01
   1.7480372e+01
   1.7509978e+01
   1.7541701e+01
   1.7578337e+01
   1.7608068e+01
   1.7637581e+01
   1.7672455e+01
   1.7709493e+01
   1.7738444e+01
   1.7771326e+01
   1.7802523e+01
   1.7833267e+01
   1.7869266e+01
   1.7896381e+01
   1.7926824e+01
   1.7958238e+01
   1.7985120e+01
   1.8013299e+01
   1.8047727e+01
   1.8080304e+01
   1.8125508e+01
   1.8166978e+01
   1.8200834e+01
   1.8234756e+01
   1.8273007e+01
   1.8306450e+01
   1.8343023e+01
   1.8358214e+01
   1.8392277e+01
   1.8427132e+01
   1.8456670e+01
   1.8482960e+01
   1.8499437e+01
   1.8528597e+01
   1.8557309e+01
   1.8581786e+01
   1.8606881e+01
   1.8632948e+01
   1.8663136e+01
   1.8689624e+01
   1.8704512e+01
   1.8723703e+01
   1.8739579e+01
   1.8775710e+01
   1.8805417e+01
   1.8831450e+01
   1.8863390e+01
   1.8880715e+01
   1.8910280e+01
   1.8937412e+01
   1.8964699e+01
   1.8994249e+01
   1.9023523e+01
   1.9047217e+01
   1.9076186e+01
   1.9101656e+01
   1.9116997e+01
   1.9147205e+01
   1.9172971e+01
   1.9202091e+01
   1.9232337e+01
   1.9262324e+01
   1.9287926e+01
   1.9313074e+01
   1.9337717e+01
   1.9354640e+01
   1.9384019e+01
   1.9410626e+01
   1.9445956e+01
   1.9474603e+01
   1.9501292e+01
   1.9528479e+01
   1.9560147e+01
   1.9582296e+01
   1.9595486e+01
   1.9631014e+01
   1.9658478e+01
   1.9674364e+01
   1.9705562e+01
   1.9733453e+01
   1.9760738e+01
   1.9788825e+01
   1.9815697e+01
   1.9844562e+01
   1.9871914e+01
   1.9899817e+01
   1.9918766e+01
   1.9953765e+01
   1.9987397e+01
   2.0003069e+01
   2.0033966e+01
   2.0070382e+01
   2.0101781e+01
   2.0130439e+01
   2.0159291e+01
   2.0187744e+01
   2.0215363e+01
   2.0241574e+01
   2.0264339e+01
   2.0298800e+01
   2.0320951e+01
   2.0347626e+01
   2.0374410e+01
   2.0402907e+01
   2.0430204e+01
   2.0456738e+01
   2.0485010e+01
   2.0514176e+01
   2.0542230e+01
   2.0573186e+01
   2.0603284e+01
   2.0633168e+01
   2.0668174e+01
   2.0698488e+01
   2.0720845e+01
   2.0754120e+01
   2.0780716e+01
   2.0807353e+01
   2.0842234e+01
   2.0868946e+01
   2.0897782e+01
   2.0923193e+01
   2.0951798e+01
   2.0980980e+01
   2.1006872e+01
   2.1042351e+01
   2.1069993e+01
   2.1098716e+01
   2.1125656e+01
   2.1154801e+01
   2.1183018e+01
   2.1210477e+01
   2.1236369e+01
   2.1266525e+01
   2.1288460e+01
   2.1313398e+01
   2.1341390e+01
   2.1369201e+01
   2.1394118e+01
   2.1424945e+01
   2.1446538e+01
   2.1478698e+01
   2.1504498e+01
   2.1535290e+01
   2.1565731e+01
   2.1593776e+01
   2.1620088e+01
   2.1649493e+01
   2.1678074e+01
   2.1706032e+01
   2.1734230e+01
   2.1764119e+01
   2.1791899e+01
   2.1810059e+01
   2.1833979e+01
   2.1863325e+01
   2.1890156e+01
   2.1919458e+01
   2.1950399e+01
   2.1980446e+01
   2.2006355e+01
   2.2036697e+01
   2.2068140e+01
   2.2096859e+01
   2.2129633e+01
   2.2156190e+01
   2.2186499e+01
   2.2214641e+01
   2.2240127e+01
   2.2268224e+01
   2.2295606e+01
   2.2326815e+01
   2.2358674e+01
   2.2389410e+01
   2.2421609e+01
   2.2455267e+01
   2.2480837e+01
   2.2509520e+01
   2.2537548e+01
   2.2565780e+01
   2.2591397e+01
   2.2620130e+01
   2.2646174e+01
   2.2675281e+01
   2.2702420e+01
   2.2729152e+01
   2.2765706e+01
   2.2798241e+01
   2.2828669e+01
   2.2857330e+01
   2.2886042e+01
   2.2912655e+01
   2.2940207e+01
   2.2967584e+01
   2.2992543e+01
   2.3019818e+01
   2.3051583e+01
   2.3075622e+01
   2.3105320e+01
   2.3132241e+01
   2.3156972e+01
   2.3185563e+01
   2.3209093e+01
   2.3234752e+01
   2.3256704e+01
   2.3282623e+01
   2.3298123e+01
   2.3325399e+01
   2.3352964e+01
   2.3377357e+01
   2.3406730e+01
   2.3433198e+01
   2.3457994e+01
   2.3485646e+01
   2.3510207e+01
   2.3538484e+01
   2.3564044e+01
   2.3589821e+01
   2.3614642e+01
   2.3640946e+01
   2.3665469e+01
   2.3692524e+01
   2.3718570e+01
   2.3744297e+01
   2.3772142e+01
   2.3796996e+01
   2.3822558e+01
   2.3854709e+01
   2.3887592e+01
   2.3914014e+01
   2.3935479e+01
   2.3966457e+01
   2.3992341e+01
   2.4018128e+01
   2.4043173e+01
   2.4073723e+01
   2.4097743e+01
   2.4123621e+01
   2.4150400e+01
   2.4179476e+01
   2.4205123e+01
   2.4229739e+01
   2.4255619e+01
   2.4292196e+01
   2.4318599e+01
   2.4343961e+01
   2.4369445e+01
   2.4394201e+01
   2.4409137e+01
   2.4440080e+01
   2.4464241e+01
   2.4490097e+01
   2.4513898e+01
   2.4540748e+01
   2.4564331e+01
   2.4590304e+01
   2.4614721e+01
   2.4641574e+01
   2.4665680e+01
   2.4695163e+01
   2.4722324e+01
   2.4742396e+01
   2.4777289e+01
   2.4820714e+01
   2.4841680e+01
   2.4857117e+01
   2.4884324e+01
   2.4916700e+01
   2.4940961e+01
   2.4966361e+01
   2.4992726e+01
   2.5015855e+01
   2.5042512e+01
   2.5067644e+01
   2.5091990e+01
   2.5115862e+01
   2.5143781e+01
   2.5167693e+01
   2.5195815e+01
   2.5225965e+01
   2.5250746e+01
   2.5276412e+01
   2.5291643e+01
   2.5322087e+01
   2.5348928e+01
   2.5380636e+01
   2.5406640e+01
   2.5431741e+01
   2.5461627e+01
   2.5486545e+01
   2.5513010e+01
   2.5539640e+01
   2.5565614e+01
   2.5587278e+01
   2.5618393e+01
   2.5641416e+01
   2.5673335e+01
   2.5703838e+01
   2.5730634e+01
   2.5757964e+01
   2.5784234e+01
   2.5811608e+01
   2.5835305e+01
   2.5862654e+01
   2.5884666e+01
   2.5911220e+01
   2.5934959e+01
   2.5960125e+01
   2.5983922e+01
   2.6011337e+01
   2.6034191e+01
   2.6063189e+01
   2.6089058e+01
   2.6117277e+01
   2.6147849e+01
   2.6167842e+01
   2.6190863e+01
   2.6225136e+01
   2.6254888e+01
   2.6277872e+01
   2.6301327e+01
   2.6327490e+01
   2.6350836e+01
   2.6375267e+01
   2.6395156e+01
   2.6414840e+01
   2.6447277e+01
   2.6469169e+01
   2.6497320e+01
   2.6529789e+01
   2.6546406e+01
   2.6572662e+01
   2.6597470e+01
   2.6621071e+01
   2.6652260e+01
   2.6681237e+01
   2.6707228e+01
   2.6729023e+01
   2.6752848e+01
   2.6780870e+01
   2.6796829e+01
   2.6821152e+01
   2.6847757e+01
   2.6872217e+01
   2.6894823e+01
   2.6918169e+01
   2.6944012e+01
   2.6970649e+01
   2.6997515e+01
   2.7021852e+01
   2.7047830e+01
   2.7072780e+01
   2.7099097e+01
   2.7123133e+01
   2.7148613e+01
   2.7172984e+01
   2.7199272e+01
   2.7231044e+01
   2.7256531e+01
   2.7285588e+01
   2.7308535e+01
   2.7333428e+01
   2.7356712e+01
   2.7388607e+01
   2.7412324e+01
   2.7435280e+01
   2.7467604e+01
   2.7490916e+01
   2.7525803e+01
   2.7550035e+01
   2.7575387e+01
   2.7602410e+01
   2.7636137e+01
   2.7662555e+01
   2.7689658e+01
   2.7717252e+01
   2.7746593e+01
   2.7772205e+01
   2.7799419e+01
   2.7824168e+01
   2.7847060e+01
   2.7872518e+01
   2.7899151e+01
   2.7929408e+01
   2.7953596e+01
   2.7983154e+01
   2.8002979e+01
   2.8032620e+01
   2.8064490e+01
   2.8087051e+01
   2.8113200e+01
   2.8142689e+01
   2.8168079e+01
   2.8193081e+01
   2.8220271e+01
   2.8245570e+01
   2.8280163e+01
   2.8310419e+01
   2.8336136e+01
   2.8361175e+01
   2.8386915e+01
   2.8409034e+01
   2.8435256e+01
   2.8459937e+01
   2.8484220e+01
   2.8508409e+01
   2.8532790e+01
   2.8558116e+01
   2.8590399e+01
   2.8612568e+01
   2.8637784e+01
   2.8663981e+01
   2.8690075e+01
   2.8717674e+01
   2.8743941e+01
   2.8768567e+01
   2.8792371e+01
   2.8820206e+01
   2.8843611e+01
   2.8873350e+01
   2.8907403e+01
   2.8936965e+01
   2.8968006e+01
   2.9000894e+01
   2.9028666e+01
   2.9059334e+01
   2.9089161e+01
   2.9118114e+01
   2.9150100e+01
   2.9175961e+01
   2.9204736e+01
   2.9229446e+01
   2.9257042e+01
   2.9285022e+01
   2.9306729e+01
   2.9334167e+01
   2.9369558e+01
   2.9390959e+01
   2.9408517e+01
   2.9433360e+01
   2.9464415e+01
   2.9490429e+01
   2.9525060e+01
   2.9542961e+01
   2.9568491e+01
   2.9594123e+01
   2.9621552e+01
   2.9636127e+01
   2.9671776e+01
