   6.5102999e-02
   7.4670055e-02
   1.3068165e-01
   1.7075747e-01
   1.7351096e-01
   2.1420676e-01
   2.8821214e-01
   3.6893887e-01
   4.4598759e-01
   5.8758159e-01
   7.9041526e-01
   1.0670918e+00
   1.1607309e+00
   1.2299108e+00
   1.3233934e+00
   1.3745285e+00
   1.4427607e+00
   1.4726942e+00
   1.5570936e+00
   1.6479195e+00
   1.9361846e+00
   2.0428932e+00
   2.1221927e+00
   2.3658766e+00
   2.3783052e+00
   2.3783896e+00
   2.4350255e+00
   2.5526764e+00
   2.6181790e+00
   2.7954293e+00
   2.9401417e+00
   2.9844347e+00
   3.3593069e+00
   3.6460771e+00
   3.7420556e+00
   3.8314704e+00
   4.1040043e+00
   4.2812819e+00
   4.3402485e+00
   4.3885065e+00
   4.3969324e+00
   4.5017904e+00
   4.6348365e+00
   4.7520268e+00
   4.7629802e+00
   4.8763713e+00
   4.9222975e+00
   5.0519061e+00
   5.1336702e+00
   5.2472812e+00
   5.3306091e+00
   5.3462351e+00
   5.4217427e+00
   5.5330860e+00
   5.6724793e+00
   5.7409042e+00
   5.8974348e+00
   6.1492661e+00
   6.2782943e+00
   6.3398252e+00
   6.4964526e+00
   6.5266566e+00
   6.5469274e+00
   6.6158218e+00
   6.6257893e+00
   6.6270421e+00
   6.7165522e+00
   6.7809604e+00
   6.7850948e+00
   6.8199344e+00
   6.8850190e+00
   6.9987448e+00
   7.3364492e+00
   7.3432865e+00
   7.6025886e+00
   7.6049107e+00
   7.7938875e+00
   7.8086706e+00
   7.8313063e+00
   7.9236980e+00
   7.9596242e+00
   8.0025921e+00
   8.0029189e+00
   8.0789634e+00
   8.1445830e+00
   8.2372231e+00
   8.2844446e+00
   8.2936027e+00
   8.3163767e+00
   8.3265237e+00
   8.5489744e+00
   8.7234343e+00
   8.7336191e+00
   8.8852350e+00
   8.9342551e+00
   8.9618729e+00
   9.1259245e+00
   9.2299267e+00
   9.2613914e+00
   9.3957636e+00
   9.4468227e+00
   9.6065009e+00
   9.7081144e+00
   9.9099810e+00
   9.9642114e+00
   1.0127295e+01
   1.0257582e+01
   1.0294527e+01
   1.0509379e+01
   1.0644961e+01
   1.0685092e+01
   1.0735765e+01
   1.0742789e+01
   1.0772332e+01
   1.0811443e+01
   1.0964816e+01
   1.1042646e+01
   1.1301093e+01
   1.1407601e+01
   1.1636745e+01
   1.1808131e+01
   1.1871080e+01
   1.2027300e+01
   1.2286263e+01
   1.2287434e+01
   1.2380470e+01
   1.2478850e+01
   1.2526551e+01
   1.2633085e+01
   1.2649200e+01
   1.2719816e+01
   1.2728566e+01
   1.2774388e+01
   1.2808379e+01
   1.2878103e+01
   1.2989666e+01
   1.3163965e+01
   1.3300588e+01
   1.3381055e+01
   1.3482498e+01
   1.3515124e+01
   1.3566758e+01
   1.3629583e+01
   1.3689168e+01
   1.3731811e+01
   1.3921950e+01
   1.4089177e+01
   1.4171244e+01
   1.4269155e+01
   1.4300730e+01
   1.4402805e+01
   1.4572458e+01
   1.4753250e+01
   1.4977484e+01
   1.5050634e+01
   1.5076815e+01
   1.5084858e+01
   1.5281821e+01
   1.5378125e+01
   1.5522331e+01
   1.5674305e+01
   1.5810554e+01
   1.5845492e+01
   1.5960187e+01
   1.6057306e+01
   1.6146229e+01
   1.6281470e+01
   1.6513849e+01
   1.6806629e+01
   1.6850261e+01
   1.6909312e+01
   1.7109740e+01
   1.7373562e+01
   1.7421232e+01
   1.7446443e+01
   1.7533755e+01
   1.7578186e+01
   1.7613985e+01
   1.7736437e+01
   1.7752713e+01
   1.7814209e+01
   1.7941407e+01
   1.7949535e+01
   1.7967548e+01
   1.8034354e+01
   1.8239825e+01
   1.8404334e+01
   1.8423584e+01
   1.8528828e+01
   1.8779646e+01
   1.8873385e+01
   1.9101872e+01
   1.9158717e+01
   1.9285156e+01
   1.9552900e+01
   1.9622241e+01
   1.9652686e+01
   1.9841517e+01
   1.9971198e+01
   2.0080514e+01
   2.0293467e+01
   2.0400788e+01
   2.0402102e+01
   2.0436310e+01
   2.0590289e+01
   2.0701870e+01
   2.0767878e+01
   2.0807232e+01
   2.0808145e+01
   2.0915741e+01
   2.0937790e+01
   2.1167335e+01
   2.1212217e+01
   2.1389216e+01
   2.1461874e+01
   2.1503612e+01
   2.1701938e+01
   2.1724354e+01
   2.1928198e+01
   2.1983319e+01
   2.1997932e+01
   2.2168417e+01
   2.2421984e+01
   2.2559270e+01
   2.2571785e+01
   2.2577046e+01
   2.2659320e+01
   2.2738308e+01
   2.2941357e+01
   2.3282131e+01
   2.3432062e+01
   2.3510776e+01
   2.3529415e+01
   2.3557937e+01
   2.3680750e+01
   2.3857388e+01
   2.4168654e+01
   2.4278652e+01
   2.4348482e+01
   2.4605775e+01
   2.4778446e+01
   2.4866862e+01
   2.4965893e+01
   2.5015273e+01
   2.5105350e+01
   2.5169633e+01
   2.5308204e+01
   2.5432143e+01
   2.5548767e+01
   2.5559935e+01
   2.5748727e+01
   2.5914839e+01
   2.6143917e+01
   2.6155092e+01
   2.6197413e+01
   2.6357836e+01
   2.6507598e+01
   2.6592601e+01
   2.6819571e+01
   2.6997102e+01
   2.7050330e+01
   2.7228846e+01
   2.7379652e+01
   2.7413767e+01
   2.7516415e+01
   2.7594693e+01
   2.7648999e+01
   2.7775483e+01
   2.7847840e+01
   2.7920167e+01
   2.8006445e+01
   2.8151943e+01
   2.8197850e+01
   2.8205261e+01
   2.8216317e+01
   2.8280217e+01
   2.8396951e+01
   2.8571164e+01
   2.8590315e+01
   2.8608349e+01
   2.8618390e+01
   2.8680434e+01
   2.8785612e+01
   2.8808388e+01
   2.8851281e+01
   2.8866401e+01
   2.9015872e+01
   2.9219526e+01
   2.9437616e+01
   2.9598331e+01
   2.9618972e+01
   2.9742475e+01
   2.9853120e+01
   2.9855108e+01
   2.9998584e+01
   3.0093773e+01
   3.0110997e+01
   3.0116610e+01
   3.0169613e+01
   3.0183461e+01
   3.0267133e+01
   3.0277468e+01
   3.0378989e+01
   3.0577283e+01
   3.0709455e+01
   3.0849987e+01
   3.0886277e+01
   3.1063285e+01
   3.1065468e+01
   3.1118925e+01
   3.1320438e+01
   3.1479198e+01
   3.1512198e+01
   3.1530888e+01
   3.1629688e+01
   3.1653718e+01
   3.2032090e+01
   3.2279426e+01
   3.2425853e+01
   3.2510006e+01
   3.2534852e+01
   3.2727952e+01
   3.2763797e+01
   3.2830865e+01
   3.2907101e+01
   3.2936161e+01
   3.2957743e+01
   3.2976439e+01
   3.2990898e+01
   3.3016010e+01
   3.3109994e+01
   3.3180462e+01
   3.3254969e+01
   3.3333666e+01
   3.3400247e+01
   3.3656575e+01
   3.3960023e+01
   3.3964010e+01
   3.4054102e+01
   3.4085679e+01
   3.4185052e+01
   3.4255212e+01
   3.4323124e+01
   3.4466298e+01
   3.4535095e+01
   3.4654962e+01
   3.4775555e+01
   3.4779985e+01
   3.4804273e+01
   3.4902278e+01
   3.4971882e+01
   3.4979331e+01
   3.5110338e+01
   3.5164700e+01
   3.5320186e+01
   3.5422743e+01
   3.5500631e+01
   3.5676475e+01
   3.5831677e+01
   3.5909383e+01
   3.5989319e+01
   3.6112155e+01
   3.6138277e+01
   3.6218029e+01
   3.6339127e+01
   3.6467120e+01
   3.6509947e+01
   3.6677688e+01
   3.6687188e+01
   3.6798573e+01
   3.6896737e+01
   3.6956646e+01
   3.7078192e+01
   3.7197315e+01
   3.7293439e+01
   3.7349417e+01
   3.7372353e+01
   3.7568089e+01
   3.7617976e+01
   3.7668029e+01
   3.7766997e+01
   3.7877328e+01
   3.8023544e+01
   3.8202176e+01
   3.8401810e+01
   3.8447336e+01
   3.8538416e+01
   3.8768823e+01
   3.8884112e+01
   3.8886725e+01
   3.8928307e+01
   3.9058049e+01
   3.9068854e+01
   3.9148930e+01
   3.9176332e+01
   3.9365203e+01
   3.9586668e+01
   3.9659607e+01
   3.9725471e+01
   3.9735229e+01
   3.9812509e+01
   4.0007758e+01
   4.0187198e+01
   4.0255532e+01
   4.0369102e+01
   4.0662720e+01
   4.0750279e+01
   4.1031636e+01
   4.1195042e+01
   4.1387476e+01
   4.1454217e+01
   4.1594403e+01
   4.1646461e+01
   4.1698741e+01
   4.1784540e+01
   4.1871197e+01
   4.1898311e+01
   4.1954215e+01
   4.2039956e+01
   4.2248793e+01
   4.2301799e+01
   4.2385587e+01
   4.2522942e+01
   4.2580874e+01
   4.2692562e+01
   4.2719465e+01
   4.2753709e+01
   4.2854174e+01
   4.2943489e+01
   4.2988781e+01
   4.3156117e+01
   4.3238354e+01
   4.3300073e+01
   4.3364852e+01
   4.3454207e+01
   4.3578167e+01
   4.3751705e+01
   4.3824167e+01
   4.3898025e+01
   4.3901169e+01
   4.3942495e+01
   4.4141320e+01
   4.4262233e+01
   4.4282575e+01
   4.4430041e+01
   4.4452245e+01
   4.4459266e+01
   4.4631887e+01
   4.4643531e+01
   4.4755333e+01
   4.5054083e+01
   4.5206949e+01
   4.5282534e+01
   4.5453003e+01
   4.5891762e+01
   4.6146835e+01
   4.6166397e+01
   4.6184329e+01
   4.6308806e+01
   4.6431437e+01
   4.6670129e+01
   4.6873326e+01
   4.6915083e+01
   4.6953512e+01
   4.6982806e+01
   4.7042295e+01
   4.7135551e+01
   4.7220878e+01
   4.7314285e+01
   4.7377978e+01
   4.7395965e+01
   4.7458715e+01
   4.7596788e+01
   4.7617442e+01
   4.7618709e+01
   4.7705301e+01
   4.7949807e+01
   4.7974837e+01
   4.8162284e+01
   4.8209362e+01
   4.8344500e+01
   4.8405923e+01
   4.8504764e+01
   4.8654565e+01
   4.8655283e+01
   4.8780736e+01
   4.8942585e+01
   4.8997742e+01
   4.9138638e+01
   4.9226966e+01
   4.9306465e+01
   4.9309153e+01
   4.9393433e+01
   4.9470617e+01
   4.9613325e+01
   4.9848808e+01
   4.9919858e+01
   5.0002500e+01
   5.0002836e+01
   5.0042784e+01
   5.0104013e+01
   5.0255329e+01
   5.0531465e+01
   5.0625868e+01
   5.0833294e+01
   5.0860990e+01
   5.1049885e+01
   5.1247190e+01
   5.1332370e+01
   5.1411053e+01
   5.1474203e+01
   5.1610788e+01
   5.1734655e+01
   5.1868902e+01
   5.1988921e+01
   5.2067168e+01
   5.2169429e+01
   5.2215798e+01
   5.2243215e+01
   5.2266381e+01
   5.2348069e+01
   5.2389246e+01
   5.2468166e+01
   5.2564819e+01
   5.2783245e+01
   5.2985709e+01
   5.3070846e+01
   5.3173644e+01
   5.3198344e+01
   5.3255245e+01
   5.3277408e+01
   5.3365780e+01
   5.3540792e+01
   5.3638944e+01
   5.3717970e+01
   5.3890435e+01
   5.4050237e+01
   5.4271079e+01
   5.4504278e+01
   5.4659761e+01
   5.4677382e+01
   5.4821408e+01
   5.5110907e+01
   5.5230179e+01
   5.5272313e+01
   5.5404109e+01
   5.5456922e+01
   5.5545414e+01
   5.5614228e+01
   5.5714693e+01
   5.5869017e+01
   5.6100417e+01
   5.6183800e+01
   5.6254627e+01
   5.6344229e+01
   5.6476478e+01
   5.6572004e+01
   5.6719285e+01
   5.6910452e+01
   5.6946501e+01
   5.6948526e+01
   5.6949645e+01
   5.7060367e+01
   5.7223415e+01
   5.7344713e+01
   5.7582993e+01
   5.7732310e+01
   5.7876695e+01
   5.7944611e+01
   5.7949217e+01
   5.8091446e+01
   5.8173657e+01
   5.8317273e+01
   5.8413316e+01
   5.8555142e+01
   5.8707982e+01
   5.8766597e+01
   5.8837146e+01
   5.8991231e+01
   5.9065556e+01
   5.9273107e+01
   5.9340729e+01
   5.9362991e+01
   5.9489097e+01
   5.9558381e+01
   5.9587973e+01
   5.9721914e+01
   5.9797495e+01
   5.9912431e+01
   5.9955711e+01
   6.0046836e+01
   6.0168068e+01
   6.0351728e+01
   6.0505008e+01
   6.0511512e+01
   6.0689756e+01
   6.0701094e+01
   6.0744381e+01
   6.1071025e+01
   6.1498462e+01
   6.1571613e+01
   6.1700845e+01
   6.1758828e+01
   6.1984548e+01
   6.2218437e+01
   6.2228838e+01
   6.2406852e+01
   6.2473534e+01
   6.2566791e+01
   6.2721853e+01
   6.2830220e+01
   6.2983914e+01
   6.3176414e+01
   6.3228033e+01
   6.3289870e+01
   6.3365406e+01
   6.3476580e+01
   6.3583007e+01
   6.3592504e+01
   6.3662592e+01
   6.3743232e+01
   6.3794802e+01
   6.3893686e+01
   6.4129206e+01
   6.4300001e+01
   6.4395059e+01
   6.4418729e+01
   6.4479022e+01
   6.4534684e+01
   6.4722288e+01
   6.4725333e+01
   6.4789064e+01
   6.4930861e+01
   6.5003295e+01
   6.5111328e+01
   6.5231377e+01
   6.5640051e+01
   6.5884257e+01
   6.6010360e+01
   6.6101743e+01
   6.6186373e+01
   6.6190670e+01
   6.6235687e+01
   6.6251930e+01
   6.6452144e+01
   6.6523652e+01
   6.6680806e+01
   6.6736675e+01
   6.6738427e+01
   6.6799779e+01
   6.6983546e+01
   6.7138152e+01
   6.7208795e+01
   6.7325179e+01
   6.7546414e+01
   6.7660819e+01
   6.7702138e+01
   6.7861376e+01
   6.7990170e+01
   6.8022065e+01
   6.8135835e+01
   6.8382865e+01
   6.8540299e+01
   6.8546246e+01
   6.8603966e+01
   6.8614391e+01
   6.8818137e+01
   6.8927565e+01
   6.9055136e+01
   6.9104526e+01
   6.9135242e+01
   6.9170014e+01
   6.9264153e+01
   6.9707970e+01
   6.9857314e+01
   6.9868162e+01
   6.9917937e+01
   7.0024250e+01
   7.0132804e+01
   7.0259609e+01
   7.0388372e+01
   7.0469921e+01
   7.0622741e+01
   7.0722952e+01
   7.0746731e+01
   7.0857975e+01
   7.0940580e+01
   7.0952294e+01
   7.0966627e+01
   7.0966971e+01
   7.1069483e+01
   7.1179259e+01
   7.1219765e+01
   7.1256408e+01
   7.1294957e+01
   7.1348824e+01
   7.1386028e+01
   7.1442683e+01
   7.1650672e+01
   7.1851397e+01
   7.1868659e+01
   7.1908514e+01
   7.1920091e+01
   7.1930980e+01
   7.2008846e+01
   7.2080977e+01
   7.2254214e+01
   7.2420451e+01
   7.2550288e+01
   7.2638358e+01
   7.2731690e+01
   7.2767737e+01
   7.2897918e+01
   7.3059340e+01
   7.3241878e+01
   7.3246599e+01
   7.3251857e+01
   7.3307353e+01
   7.3461631e+01
   7.3765925e+01
   7.3874273e+01
   7.3926257e+01
   7.3982296e+01
   7.4020858e+01
   7.4064875e+01
   7.4101890e+01
   7.4229074e+01
   7.4311698e+01
   7.4363988e+01
   7.4430202e+01
   7.4531769e+01
   7.4534707e+01
   7.4683777e+01
   7.4687504e+01
   7.4903535e+01
   7.5080013e+01
   7.5099141e+01
   7.5106921e+01
   7.5165691e+01
   7.5187945e+01
   7.5290822e+01
   7.5297472e+01
   7.5358771e+01
   7.5420683e+01
   7.5672021e+01
   7.5902811e+01
   7.6080836e+01
   7.6125795e+01
   7.6554994e+01
   7.6986594e+01
   7.7122884e+01
   7.7245323e+01
   7.7265856e+01
   7.7312018e+01
   7.7496046e+01
   7.7573242e+01
   7.7623086e+01
   7.7765638e+01
   7.7828950e+01
   7.7876920e+01
   7.8051219e+01
   7.8117125e+01
   7.8281250e+01
   7.8306005e+01
   7.8545357e+01
   7.8693487e+01
   7.8810308e+01
   7.8923770e+01
   7.8941107e+01
   7.9078047e+01
   7.9284162e+01
   7.9342623e+01
   7.9475140e+01
   7.9574333e+01
   7.9585754e+01
   7.9608670e+01
   7.9762790e+01
   7.9804730e+01
   7.9903345e+01
   8.0079502e+01
   8.0279932e+01
   8.0528269e+01
   8.0862620e+01
   8.1026871e+01
   8.1084344e+01
   8.1117416e+01
   8.1135980e+01
   8.1200466e+01
   8.1485257e+01
   8.1772699e+01
   8.1925304e+01
   8.1950064e+01
   8.2045684e+01
   8.2190811e+01
   8.2314018e+01
   8.2517720e+01
   8.2697791e+01
   8.2707736e+01
   8.2787430e+01
   8.2815356e+01
   8.2874416e+01
   8.3005146e+01
   8.3027318e+01
   8.3289016e+01
   8.3351663e+01
   8.3401726e+01
   8.3492489e+01
   8.3560049e+01
   8.3819764e+01
   8.3920533e+01
   8.3964241e+01
   8.4004127e+01
   8.4013936e+01
   8.4025487e+01
   8.4115716e+01
   8.4510584e+01
   8.4747237e+01
   8.4765770e+01
   8.4842908e+01
   8.4969520e+01
   8.4981346e+01
   8.5006824e+01
   8.5032287e+01
   8.5195213e+01
   8.5240412e+01
   8.5269426e+01
   8.5311658e+01
   8.5351588e+01
   8.5422571e+01
   8.5580031e+01
   8.5620017e+01
   8.5781287e+01
   8.5898190e+01
   8.6027551e+01
   8.6164997e+01
   8.6376687e+01
   8.6390663e+01
   8.6452722e+01
   8.6547365e+01
   8.6647802e+01
   8.6680113e+01
   8.6725050e+01
   8.6847673e+01
   8.6917661e+01
   8.6963776e+01
   8.7002738e+01
   8.7189925e+01
   8.7342891e+01
   8.7392380e+01
   8.7409615e+01
   8.7420842e+01
   8.7455834e+01
   8.7520712e+01
   8.7645040e+01
   8.7764637e+01
   8.7899335e+01
   8.7963746e+01
   8.8090438e+01
   8.8113498e+01
   8.8142356e+01
   8.8237404e+01
   8.8255956e+01
   8.8440446e+01
   8.8666859e+01
   8.8812607e+01
   8.8834566e+01
   8.8959856e+01
   8.9034572e+01
   8.9088492e+01
   8.9185736e+01
   8.9227036e+01
   8.9248250e+01
   8.9321185e+01
   8.9402350e+01
   8.9440963e+01
   8.9826341e+01
   9.0051361e+01
   9.0106001e+01
   9.0185252e+01
   9.0283959e+01
   9.0467913e+01
   9.0755919e+01
   9.0934320e+01
   9.1026177e+01
   9.1179153e+01
   9.1249873e+01
   9.1264501e+01
   9.1354724e+01
   9.1474853e+01
   9.1541995e+01
   9.1557135e+01
   9.1705608e+01
   9.1834823e+01
   9.1989669e+01
   9.2055240e+01
   9.2189638e+01
   9.2310403e+01
   9.2386745e+01
   9.2483411e+01
   9.2537012e+01
   9.2566945e+01
   9.2596832e+01
   9.2685296e+01
   9.2715189e+01
   9.2755805e+01
   9.2781762e+01
   9.2942753e+01
   9.3144596e+01
   9.3275832e+01
   9.3422491e+01
   9.3610580e+01
   9.3898573e+01
   9.3979490e+01
   9.4096203e+01
   9.4287005e+01
   9.4323465e+01
   9.4343303e+01
   9.4621935e+01
   9.4654833e+01
   9.4748390e+01
   9.4756213e+01
   9.4774672e+01
   9.4931078e+01
   9.5019582e+01
   9.5036643e+01
   9.5063578e+01
   9.5127526e+01
   9.5189321e+01
   9.5455169e+01
   9.5567113e+01
   9.5582929e+01
   9.5698314e+01
   9.5892858e+01
   9.5986698e+01
   9.6114315e+01
   9.6356358e+01
   9.6588421e+01
   9.6691930e+01
   9.6731845e+01
   9.6745490e+01
   9.6813914e+01
   9.6918343e+01
   9.7049390e+01
   9.7178963e+01
   9.7216331e+01
   9.7250662e+01
   9.7355665e+01
   9.7456205e+01
   9.7570577e+01
   9.7662320e+01
   9.7744275e+01
   9.7859627e+01
   9.7998903e+01
   9.8063812e+01
   9.8154392e+01
   9.8296277e+01
   9.8342154e+01
   9.8453057e+01
   9.8463366e+01
   9.8567197e+01
   9.8678180e+01
   9.8806119e+01
   9.8988177e+01
   9.9042119e+01
   9.9142337e+01
   9.9245366e+01
   9.9247204e+01
   9.9412740e+01
   9.9489352e+01
   9.9532132e+01
   9.9649528e+01
   9.9753565e+01
   9.9769646e+01
   9.9850510e+01
   9.9883529e+01
   1.0004566e+02
   1.0016470e+02
   1.0037870e+02
   1.0041488e+02
   1.0064542e+02
   1.0096016e+02
   1.0117115e+02
   1.0131291e+02
   1.0136081e+02
   1.0142107e+02
   1.0148339e+02
   1.0148611e+02
   1.0157806e+02
   1.0165928e+02
   1.0179699e+02
   1.0196112e+02
   1.0196881e+02
   1.0197113e+02
   1.0197512e+02
   1.0205370e+02
   1.0228877e+02
   1.0232152e+02
   1.0242854e+02
   1.0256806e+02
