   4.2384004e-03
   4.3299290e-03
   7.4672277e-03
   9.0732992e-03
   9.0808809e-03
   1.0737029e-02
   1.6213825e-02
   2.2730630e-02
   2.8667135e-02
   4.8715997e-02
   8.9857494e-02
   1.6640737e-01
   1.7517566e-01
   1.7996152e-01
   1.8870052e-01
   1.9131532e-01
   1.9597095e-01
   1.9686697e-01
   2.0399022e-01
   2.1223957e-01
   2.9533630e-01
   3.0672303e-01
   3.1301144e-01
   3.7239328e-01
   3.7254775e-01
   3.7254776e-01
   3.7575538e-01
   3.8959713e-01
   3.9388771e-01
   4.2530538e-01
   4.4624706e-01
   4.4820894e-01
   5.8873809e-01
   6.7097523e-01
   6.8018710e-01
   6.8818211e-01
   7.6245682e-01
   7.9388417e-01
   7.9736123e-01
   7.9969006e-01
   7.9976106e-01
   8.1075627e-01
   8.2845754e-01
   8.4219109e-01
   8.4231107e-01
   8.5516861e-01
   8.5727783e-01
   8.7407623e-01
   8.8076160e-01
   8.9366905e-01
   9.0061259e-01
   9.0085676e-01
   9.0655816e-01
   9.1895549e-01
   9.3838599e-01
   9.4306795e-01
   9.6756979e-01
   1.0309888e+00
   1.0476371e+00
   1.0514231e+00
   1.0759553e+00
   1.0768676e+00
   1.0772785e+00
   1.0820249e+00
   1.0821243e+00
   1.0821258e+00
   1.0901379e+00
   1.0942863e+00
   1.0943034e+00
   1.0955172e+00
   1.0997532e+00
   1.1126867e+00
   1.2267310e+00
   1.2267777e+00
   1.2940153e+00
   1.2940207e+00
   1.3297330e+00
   1.3299515e+00
   1.3304639e+00
   1.3390001e+00
   1.3402908e+00
   1.3421370e+00
   1.3421371e+00
   1.3479199e+00
   1.3522258e+00
   1.3608080e+00
   1.3630379e+00
   1.3631218e+00
   1.3636404e+00
   1.3637434e+00
   1.4132277e+00
   1.4436640e+00
   1.4437677e+00
   1.4667551e+00
   1.4691580e+00
   1.4699208e+00
   1.4968337e+00
   1.5076502e+00
   1.5086402e+00
   1.5266961e+00
   1.5293031e+00
   1.5548002e+00
   1.5651255e+00
   1.6058757e+00
   1.6088166e+00
   1.6354128e+00
   1.6523876e+00
   1.6537525e+00
   1.6999139e+00
   1.7182965e+00
   1.7199070e+00
   1.7224748e+00
   1.7225241e+00
   1.7233969e+00
   1.7249266e+00
   1.7484498e+00
   1.7545074e+00
   1.8213020e+00
   1.8326461e+00
   1.8851529e+00
   1.9145260e+00
   1.9184886e+00
   1.9428933e+00
   2.0099553e+00
   2.0099566e+00
   2.0186124e+00
   2.0282910e+00
   2.0305664e+00
   2.0419159e+00
   2.0421756e+00
   2.0471622e+00
   2.0472388e+00
   2.0493384e+00
   2.0504938e+00
   2.0553553e+00
   2.0678016e+00
   2.0981817e+00
   2.1168476e+00
   2.1233224e+00
   2.1336132e+00
   2.1346777e+00
   2.1373437e+00
   2.1412907e+00
   2.1448410e+00
   2.1466595e+00
   2.1828123e+00
   2.2107772e+00
   2.2175122e+00
   2.2270987e+00
   2.2280957e+00
   2.2385151e+00
   2.2672971e+00
   2.2999830e+00
   2.3502637e+00
   2.3556146e+00
   2.3563001e+00
   2.3563648e+00
   2.3951592e+00
   2.4044336e+00
   2.4252291e+00
   2.4483250e+00
   2.4668888e+00
   2.4681095e+00
   2.4812644e+00
   2.4906964e+00
   2.4986037e+00
   2.5168939e+00
   2.5708940e+00
   2.6566138e+00
   2.6585176e+00
   2.6620046e+00
   2.7021761e+00
   2.7717780e+00
   2.7740504e+00
   2.7746860e+00
   2.7823093e+00
   2.7842835e+00
   2.7855651e+00
   2.8005595e+00
   2.8008244e+00
   2.8046061e+00
   2.8207855e+00
   2.8208515e+00
   2.8211760e+00
   2.8256390e+00
   2.8678572e+00
   2.8949206e+00
   2.8952911e+00
   2.9063675e+00
   2.9692769e+00
   2.9780640e+00
   3.0302702e+00
   3.0335015e+00
   3.0494886e+00
   3.1211752e+00
   3.1259834e+00
   3.1269102e+00
   3.1625675e+00
   3.1793846e+00
   3.1913346e+00
   3.2366837e+00
   3.2482014e+00
   3.2482032e+00
   3.2493734e+00
   3.2730826e+00
   3.2855331e+00
   3.2898901e+00
   3.2914389e+00
   3.2914397e+00
   3.3030166e+00
   3.3035028e+00
   3.3561937e+00
   3.3582082e+00
   3.3895366e+00
   3.3948157e+00
   3.3965579e+00
   3.4358910e+00
   3.4363935e+00
   3.4779458e+00
   3.4809841e+00
   3.4811976e+00
   3.5102627e+00
   3.5745590e+00
   3.5934063e+00
   3.5935629e+00
   3.5935906e+00
   3.6003597e+00
   3.6065987e+00
   3.6478277e+00
   3.7639546e+00
   3.7864338e+00
   3.7926297e+00
   3.7929772e+00
   3.7937907e+00
   3.8088736e+00
   3.8400747e+00
   3.9369613e+00
   3.9490607e+00
   3.9539371e+00
   4.0201367e+00
   4.0499519e+00
   4.0577693e+00
   4.0675764e+00
   4.0700148e+00
   4.0781286e+00
   4.0822609e+00
   4.1014627e+00
   4.1168238e+00
   4.1304249e+00
   4.1305496e+00
   4.1661919e+00
   4.1937852e+00
   4.2462620e+00
   4.2463868e+00
   4.2481779e+00
   4.2739135e+00
   4.2963423e+00
   4.3035678e+00
   4.3550832e+00
   4.3866003e+00
   4.3894336e+00
   4.4213012e+00
   4.4440436e+00
   4.4452075e+00
   4.4557441e+00
   4.4618716e+00
   4.4648208e+00
   4.4808189e+00
   4.4860544e+00
   4.4912857e+00
   4.4987295e+00
   4.5198991e+00
   4.5220066e+00
   4.5220615e+00
   4.5221838e+00
   4.5262670e+00
   4.5398938e+00
   4.5702442e+00
   4.5706109e+00
   4.5709362e+00
   4.5710370e+00
   4.5748865e+00
   4.5859490e+00
   4.5864677e+00
   4.5883075e+00
   4.5885361e+00
   4.6108775e+00
   4.6523527e+00
   4.6999157e+00
   4.7257450e+00
   4.7261711e+00
   4.7414242e+00
   4.7536666e+00
   4.7536705e+00
   4.7742557e+00
   4.7833167e+00
   4.7836134e+00
   4.7836449e+00
   4.7864543e+00
   4.7866460e+00
   4.7936470e+00
   4.7937538e+00
   4.8040605e+00
   4.8433808e+00
   4.8608504e+00
   4.8805995e+00
   4.8819165e+00
   4.9132485e+00
   4.9132532e+00
   4.9161109e+00
   4.9567181e+00
   4.9819231e+00
   4.9830120e+00
   4.9833614e+00
   4.9931230e+00
   4.9937004e+00
   5.1368658e+00
   5.1980407e+00
   5.2194816e+00
   5.2265633e+00
   5.2271806e+00
   5.2644685e+00
   5.2657534e+00
   5.2702515e+00
   5.2760633e+00
   5.2769079e+00
   5.2773737e+00
   5.2777232e+00
   5.2779323e+00
   5.2785628e+00
   5.2873959e+00
   5.2923616e+00
   5.2979129e+00
   5.3041062e+00
   5.3085392e+00
   5.3742435e+00
   5.4663240e+00
   5.4663399e+00
   5.4744565e+00
   5.4754536e+00
   5.4853286e+00
   5.4902510e+00
   5.4948631e+00
   5.5153618e+00
   5.5200948e+00
   5.5344630e+00
   5.5490055e+00
   5.5490252e+00
   5.5496151e+00
   5.5592200e+00
   5.5640648e+00
   5.5641202e+00
   5.5812830e+00
   5.5842382e+00
   5.6084143e+00
   5.6189321e+00
   5.6249987e+00
   5.6559198e+00
   5.6800075e+00
   5.6860458e+00
   5.6924355e+00
   5.7075242e+00
   5.7082065e+00
   5.7145669e+00
   5.7292316e+00
   5.7456140e+00
   5.7474481e+00
   5.7755850e+00
   5.7756753e+00
   5.7880819e+00
   5.7977181e+00
   5.8013072e+00
   5.8160805e+00
   5.8302708e+00
   5.8395108e+00
   5.8426442e+00
   5.8431703e+00
   5.8814828e+00
   5.8839716e+00
   5.8864768e+00
   5.8962715e+00
   5.9084446e+00
   5.9298236e+00
   5.9617331e+00
   6.0015868e+00
   6.0036594e+00
   6.0119549e+00
   6.0650422e+00
   6.0783338e+00
   6.0783407e+00
   6.0800698e+00
   6.0969028e+00
   6.0970195e+00
   6.1034316e+00
   6.1041825e+00
   6.1398546e+00
   6.1889014e+00
   6.1942215e+00
   6.1985595e+00
   6.1986547e+00
   6.2046269e+00
   6.2427490e+00
   6.2749476e+00
   6.2796172e+00
   6.2925153e+00
   6.3787266e+00
   6.3863932e+00
   6.4655550e+00
   6.4922564e+00
   6.5292874e+00
   6.5337418e+00
   6.5533937e+00
   6.5561038e+00
   6.5588370e+00
   6.5661985e+00
   6.5737080e+00
   6.5744431e+00
   6.5775685e+00
   6.5849200e+00
   6.6285326e+00
   6.6313423e+00
   6.6383628e+00
   6.6572291e+00
   6.6605852e+00
   6.6730594e+00
   6.6737832e+00
   6.6749558e+00
   6.6850491e+00
   6.6930263e+00
   6.6950776e+00
   6.7230790e+00
   6.7298419e+00
   6.7336510e+00
   6.7378474e+00
   6.7458318e+00
   6.7611979e+00
   6.7913133e+00
   6.7965640e+00
   6.8020190e+00
   6.8020289e+00
   6.8037367e+00
   6.8432685e+00
   6.8578884e+00
   6.8583022e+00
   6.8800484e+00
   6.8805414e+00
   6.8805907e+00
   6.9103885e+00
   6.9105241e+00
   6.9230239e+00
   7.0122758e+00
   7.0356437e+00
   7.0413568e+00
   7.0704165e+00
   7.2629260e+00
   7.3279880e+00
   7.3283707e+00
   7.3286922e+00
   7.3441867e+00
   7.3592252e+00
   7.4161988e+00
   7.4574877e+00
   7.4592314e+00
   7.4607082e+00
   7.4615663e+00
   7.4651053e+00
   7.4738019e+00
   7.4810827e+00
   7.4898075e+00
   7.4938643e+00
   7.4941879e+00
   7.4981254e+00
   7.5171894e+00
   7.5176160e+00
   7.5176176e+00
   7.5251158e+00
   7.5848988e+00
   7.5855253e+00
   7.6206619e+00
   7.6228782e+00
   7.6411406e+00
   7.6449134e+00
   7.6546830e+00
   7.6771231e+00
   7.6771236e+00
   7.6928618e+00
   7.7190570e+00
   7.7220993e+00
   7.7419511e+00
   7.7497528e+00
   7.7560730e+00
   7.7560802e+00
   7.7631834e+00
   7.7691407e+00
   7.7895065e+00
   7.8449585e+00
   7.8500067e+00
   7.8568364e+00
   7.8568365e+00
   7.8584324e+00
   7.8621814e+00
   7.8850779e+00
   7.9613289e+00
   7.9702409e+00
   8.0132664e+00
   8.0140335e+00
   8.0497149e+00
   8.0886442e+00
   8.0958997e+00
   8.1020908e+00
   8.1060787e+00
   8.1247341e+00
   8.1400773e+00
   8.1580996e+00
   8.1725041e+00
   8.1786267e+00
   8.1890838e+00
   8.1912339e+00
   8.1919856e+00
   8.1925223e+00
   8.1991952e+00
   8.2008908e+00
   8.2071192e+00
   8.2164608e+00
   8.2641708e+00
   8.3051624e+00
   8.3124108e+00
   8.3229781e+00
   8.3235882e+00
   8.3268260e+00
   8.3273172e+00
   8.3351268e+00
   8.3657559e+00
   8.3753898e+00
   8.3816349e+00
   8.4113790e+00
   8.4369159e+00
   8.4856870e+00
   8.5400688e+00
   8.5642438e+00
   8.5645543e+00
   8.5852978e+00
   8.6691072e+00
   8.6833330e+00
   8.6851083e+00
   8.7024785e+00
   8.7052678e+00
   8.7130986e+00
   8.7178339e+00
   8.7279272e+00
   8.7517431e+00
   8.8052891e+00
   8.8122418e+00
   8.8172581e+00
   8.8252868e+00
   8.8427765e+00
   8.8519018e+00
   8.8735933e+00
   8.9101382e+00
   8.9114377e+00
   8.9114418e+00
   8.9114431e+00
   8.9237024e+00
   8.9502872e+00
   8.9650003e+00
   9.0217779e+00
   9.0440733e+00
   9.0649204e+00
   9.0695331e+00
   9.0695543e+00
   9.0897834e+00
   9.0965420e+00
   9.1171675e+00
   9.1263918e+00
   9.1465065e+00
   9.1698665e+00
   9.1733022e+00
   9.1782793e+00
   9.2020216e+00
   9.2075457e+00
   9.2506235e+00
   9.2551961e+00
   9.2556917e+00
   9.2715944e+00
   9.2763947e+00
   9.2772703e+00
   9.2952107e+00
   9.3009232e+00
   9.3141335e+00
   9.3160066e+00
   9.3243104e+00
   9.3390075e+00
   9.3727386e+00
   9.3962333e+00
   9.3962756e+00
   9.4280463e+00
   9.4281749e+00
   9.4300486e+00
   9.5367446e+00
   9.7194471e+00
   9.7247982e+00
   9.7414992e+00
   9.7448611e+00
   9.7958108e+00
   9.8505148e+00
   9.8506230e+00
   9.8823120e+00
   9.8867586e+00
   9.8954553e+00
   9.9194997e+00
   9.9312429e+00
   9.9548650e+00
   9.9919211e+00
   9.9945856e+00
   9.9984094e+00
   1.0004115e+01
   1.0016475e+01
   1.0027801e+01
   1.0027892e+01
   1.0032804e+01
   1.0039307e+01
   1.0041966e+01
   1.0051744e+01
   1.0107214e+01
   1.0136385e+01
   1.0145421e+01
   1.0145981e+01
   1.0149616e+01
   1.0152715e+01
   1.0187910e+01
   1.0187919e+01
   1.0191981e+01
   1.0212087e+01
   1.0217334e+01
   1.0229005e+01
   1.0243417e+01
   1.0410431e+01
   1.0470068e+01
   1.0485970e+01
   1.0494321e+01
   1.0501483e+01
   1.0501501e+01
   1.0503528e+01
   1.0503792e+01
   1.0543877e+01
   1.0548991e+01
   1.0573688e+01
   1.0576809e+01
   1.0576813e+01
   1.0580577e+01
   1.0614347e+01
   1.0638250e+01
   1.0643240e+01
   1.0656786e+01
   1.0705731e+01
   1.0718819e+01
   1.0720526e+01
   1.0745883e+01
   1.0762471e+01
   1.0763488e+01
   1.0776432e+01
   1.0837456e+01
   1.0862241e+01
   1.0862277e+01
   1.0865608e+01
   1.0865717e+01
   1.0907229e+01
   1.0919204e+01
   1.0935478e+01
   1.0937918e+01
   1.0938861e+01
   1.0940070e+01
   1.0948932e+01
   1.1145906e+01
   1.1168210e+01
   1.1168327e+01
   1.1170805e+01
   1.1182107e+01
   1.1193891e+01
   1.1209971e+01
   1.1226551e+01
   1.1233201e+01
   1.1256555e+01
   1.1266597e+01
   1.1267163e+01
   1.1279538e+01
   1.1286362e+01
   1.1286499e+01
   1.1286704e+01
   1.1286704e+01
   1.1297213e+01
   1.1309264e+01
   1.1310905e+01
   1.1312247e+01
   1.1313733e+01
   1.1316635e+01
   1.1318019e+01
   1.1321229e+01
   1.1364489e+01
   1.1404779e+01
   1.1405077e+01
   1.1406665e+01
   1.1406799e+01
   1.1406918e+01
   1.1412981e+01
   1.1418184e+01
   1.1448195e+01
   1.1475830e+01
   1.1492687e+01
   1.1500444e+01
   1.1509155e+01
   1.1510454e+01
   1.1527401e+01
   1.1553458e+01
   1.1586778e+01
   1.1586800e+01
   1.1586828e+01
   1.1589908e+01
   1.1613709e+01
   1.1706305e+01
   1.1718044e+01
   1.1720746e+01
   1.1723887e+01
   1.1725374e+01
   1.1727311e+01
   1.1728681e+01
   1.1744857e+01
   1.1751684e+01
   1.1754418e+01
   1.1758802e+01
   1.1769118e+01
   1.1769127e+01
   1.1791349e+01
   1.1791362e+01
   1.1838032e+01
   1.1869176e+01
   1.1869542e+01
   1.1869603e+01
   1.1873057e+01
   1.1873552e+01
   1.1884135e+01
   1.1884180e+01
   1.1887937e+01
   1.1891770e+01
   1.1954941e+01
   1.2008205e+01
   1.2039898e+01
   1.2041919e+01
   1.2226131e+01
   1.2412410e+01
   1.2430984e+01
   1.2445976e+01
   1.2446397e+01
   1.2448528e+01
   1.2482394e+01
   1.2488354e+01
   1.2490838e+01
   1.2511159e+01
   1.2515168e+01
   1.2517469e+01
   1.2547849e+01
   1.2552192e+01
   1.2579129e+01
   1.2579742e+01
   1.2637032e+01
   1.2658974e+01
   1.2672622e+01
   1.2685495e+01
   1.2685796e+01
   1.2704548e+01
   1.2747032e+01
   1.2750449e+01
   1.2768010e+01
   1.2777849e+01
   1.2777980e+01
   1.2778505e+01
   1.2802258e+01
   1.2804017e+01
   1.2813742e+01
   1.2844773e+01
   1.2884945e+01
   1.2946616e+01
   1.3058407e+01
   1.3085386e+01
   1.3088689e+01
   1.3089783e+01
   1.3090127e+01
   1.3094286e+01
   1.3175391e+01
   1.3258015e+01
   1.3281303e+01
   1.3281916e+01
   1.3291059e+01
   1.3312121e+01
   1.3327301e+01
   1.3368796e+01
   1.3401221e+01
   1.3401320e+01
   1.3407671e+01
   1.3408451e+01
   1.3411939e+01
   1.3429029e+01
   1.3429521e+01
   1.3498007e+01
   1.3501931e+01
   1.3504438e+01
   1.3512676e+01
   1.3517240e+01
   1.3584692e+01
   1.3594847e+01
   1.3596757e+01
   1.3598348e+01
   1.3598444e+01
   1.3598577e+01
   1.3606719e+01
   1.3762639e+01
   1.3818644e+01
   1.3818987e+01
   1.3824937e+01
   1.3840968e+01
   1.3841108e+01
   1.3841757e+01
   1.3842405e+01
   1.3868950e+01
   1.3870993e+01
   1.3871835e+01
   1.3873618e+01
   1.3875213e+01
   1.3880252e+01
   1.3905045e+01
   1.3906644e+01
   1.3932652e+01
   1.3946318e+01
   1.3963052e+01
   1.3981944e+01
   1.4026756e+01
   1.4026952e+01
   1.4030803e+01
   1.4039760e+01
   1.4049848e+01
   1.4050892e+01
   1.4052911e+01
   1.4067948e+01
   1.4072846e+01
   1.4074973e+01
   1.4076491e+01
   1.4111530e+01
   1.4134929e+01
   1.4137378e+01
   1.4137675e+01
   1.4137801e+01
   1.4139025e+01
   1.4143234e+01
   1.4158692e+01
   1.4172995e+01
   1.4191139e+01
   1.4195287e+01
   1.4211338e+01
   1.4211870e+01
   1.4212703e+01
   1.4221737e+01
   1.4222081e+01
   1.4256118e+01
   1.4307381e+01
   1.4328623e+01
   1.4329105e+01
   1.4344803e+01
   1.4350386e+01
   1.4353293e+01
   1.4362749e+01
   1.4364455e+01
   1.4364905e+01
   1.4370225e+01
   1.4376812e+01
   1.4378303e+01
   1.4526819e+01
   1.4577453e+01
   1.4580439e+01
   1.4586719e+01
   1.4596462e+01
   1.4630302e+01
   1.4713249e+01
   1.4745076e+01
   1.4753514e+01
   1.4776915e+01
   1.4781917e+01
   1.4782131e+01
   1.4790271e+01
   1.4804702e+01
   1.4809210e+01
   1.4809439e+01
   1.4831483e+01
   1.4848180e+01
   1.4872157e+01
   1.4876456e+01
   1.4894519e+01
   1.4909103e+01
   1.4914932e+01
   1.4924276e+01
   1.4927149e+01
   1.4928045e+01
   1.4928938e+01
   1.4936764e+01
   1.4937658e+01
   1.4939307e+01
   1.4939981e+01
   1.4965899e+01
   1.5006640e+01
   1.5023862e+01
   1.5045371e+01
   1.5080749e+01
   1.5163689e+01
   1.5170236e+01
   1.5183858e+01
   1.5220264e+01
   1.5221593e+01
   1.5221987e+01
   1.5299622e+01
   1.5300705e+01
   1.5309457e+01
   1.5309519e+01
   1.5309859e+01
   1.5334322e+01
   1.5342155e+01
   1.5342446e+01
   1.5343172e+01
   1.5347261e+01
   1.5351080e+01
   1.5421755e+01
   1.5434287e+01
   1.5434537e+01
   1.5447850e+01
   1.5485698e+01
   1.5494504e+01
   1.5510790e+01
   1.5569375e+01
   1.5623228e+01
   1.5633942e+01
   1.5635535e+01
   1.5635721e+01
   1.5640403e+01
   1.5651309e+01
   1.5668482e+01
   1.5685271e+01
   1.5686668e+01
   1.5687846e+01
   1.5698872e+01
   1.5708980e+01
   1.5722061e+01
   1.5730478e+01
   1.5737195e+01
   1.5750501e+01
   1.5769899e+01
   1.5774112e+01
   1.5782317e+01
   1.5802448e+01
   1.5804553e+01
   1.5816852e+01
   1.5816958e+01
   1.5827739e+01
   1.5840057e+01
   1.5856425e+01
   1.5889570e+01
   1.5892480e+01
   1.5902523e+01
   1.5913138e+01
   1.5913142e+01
   1.5940544e+01
   1.5946413e+01
   1.5948243e+01
   1.5962025e+01
   1.5972849e+01
   1.5973107e+01
   1.5979646e+01
   1.5980737e+01
   1.6007023e+01
   1.6021195e+01
   1.6066988e+01
   1.6068297e+01
   1.6121446e+01
   1.6220510e+01
   1.6265025e+01
   1.6285121e+01
   1.6287415e+01
   1.6291047e+01
   1.6294931e+01
   1.6294938e+01
   1.6303393e+01
   1.6309989e+01
   1.6328955e+01
   1.6355892e+01
   1.6355951e+01
   1.6355956e+01
   1.6355972e+01
   1.6362148e+01
   1.6417404e+01
   1.6418477e+01
   1.6429931e+01
   1.6449395e+01
