   1.1834507e-01
   1.2431725e-01
   1.3597958e-01
   1.4682093e-01
   1.4933150e-01
   1.5263301e-01
   1.6137710e-01
   1.9636513e-01
   2.1150143e-01
   3.7130027e-01
   3.9515564e-01
   7.6572911e-01
   9.7777731e-01
   9.8412297e-01
   1.0933680e+00
   1.0947326e+00
   1.1183013e+00
   1.1299287e+00
   1.1299287e+00
   1.2353634e+00
   1.6437856e+00
   1.8658879e+00
   2.5579161e+00
   3.6927900e+00
   3.6986581e+00
   3.6986581e+00
   3.6986581e+00
   3.7594552e+00
   3.7978384e+00
   3.9784553e+00
   4.0474370e+00
   4.1306872e+00
   4.3165865e+00
   5.2978398e+00
   5.3168011e+00
   5.3668176e+00
   5.6609529e+00
   5.9106564e+00
   5.9470462e+00
   6.1066519e+00
   6.1426044e+00
   6.1867696e+00
   6.2156283e+00
   6.3207645e+00
   6.3320467e+00
   6.3335545e+00
   6.4594429e+00
   6.7129325e+00
   6.7144182e+00
   6.7968431e+00
   6.8157613e+00
   7.0172833e+00
   7.2448927e+00
   7.2669107e+00
   7.3173375e+00
   7.3985918e+00
   7.3995053e+00
   7.7767352e+00
   7.8896898e+00
   7.9072278e+00
   8.0450887e+00
   8.0830914e+00
   8.1703270e+00
   8.2066671e+00
   8.2071985e+00
   8.2141945e+00
   8.2195230e+00
   8.2697712e+00
   8.2699788e+00
   8.2699788e+00
   8.2729978e+00
   8.3657989e+00
   8.3836963e+00
   1.0296669e+01
   1.1905985e+01
   1.1940992e+01
   1.1975671e+01
   1.2189060e+01
   1.2322710e+01
   1.2383004e+01
   1.2387103e+01
   1.2435988e+01
   1.2436019e+01
   1.2436019e+01
   1.2469363e+01
   1.2469363e+01
   1.2635002e+01
   1.2673960e+01
   1.2695588e+01
   1.2749548e+01
   1.2780650e+01
   1.3171347e+01
   1.3171347e+01
   1.3171459e+01
   1.3438848e+01
   1.3525418e+01
   1.3553464e+01
   1.3756957e+01
   1.3756957e+01
   1.3779950e+01
   1.3900303e+01
   1.4160550e+01
   1.4174692e+01
   1.4244615e+01
   1.4498214e+01
   1.4945759e+01
   1.4945899e+01
   1.5201548e+01
   1.5312097e+01
   1.5536849e+01
   1.5538333e+01
   1.5580172e+01
   1.5726899e+01
   1.5836489e+01
   1.5874398e+01
   1.5986617e+01
   1.6037618e+01
   1.6037618e+01
   1.6811824e+01
   1.6986531e+01
   1.7199690e+01
   1.7239592e+01
   1.7240686e+01
   1.7630410e+01
   1.7769738e+01
   1.7890665e+01
   1.7890665e+01
   1.8041863e+01
   1.8075390e+01
   1.8121475e+01
   1.8187970e+01
   1.8187970e+01
   1.8190527e+01
   1.8203533e+01
   1.8203533e+01
   1.8260325e+01
   1.8297451e+01
   1.8514639e+01
   1.8520205e+01
   1.8655420e+01
   1.8656366e+01
   1.8664308e+01
   1.8740329e+01
   1.8740329e+01
   1.8800216e+01
   1.8950022e+01
   1.9064948e+01
   1.9157368e+01
   1.9504389e+01
   1.9536320e+01
   1.9536320e+01
   1.9631532e+01
   1.9745245e+01
   1.9864148e+01
   2.0122710e+01
   2.0161437e+01
   2.0166738e+01
   2.0166738e+01
   2.0601021e+01
   2.0663454e+01
   2.0753760e+01
   2.1468923e+01
   2.1544944e+01
   2.1558514e+01
   2.1636489e+01
   2.1641326e+01
   2.1816369e+01
   2.1820649e+01
   2.2410740e+01
   2.2533510e+01
   2.2555471e+01
   2.2555471e+01
   2.3002072e+01
   2.3128897e+01
   2.3151323e+01
   2.3151323e+01
   2.3294858e+01
   2.3565690e+01
   2.3688069e+01
   2.3691713e+01
   2.3709055e+01
   2.3710181e+01
   2.3852181e+01
   2.3951805e+01
   2.4001131e+01
   2.4001131e+01
   2.4644190e+01
   2.4658963e+01
   2.4658963e+01
   2.4758834e+01
   2.5158840e+01
   2.6039127e+01
   2.6040298e+01
   2.6058269e+01
   2.6429690e+01
   2.6607985e+01
   2.6622929e+01
   2.6680351e+01
   2.6885078e+01
   2.6885078e+01
   2.6997640e+01
   2.7222640e+01
   2.7222652e+01
   2.7222652e+01
   2.7223267e+01
   2.7484422e+01
   2.7484422e+01
   2.7509637e+01
   2.7597212e+01
   2.7672606e+01
   2.7691633e+01
   2.7737191e+01
   2.8152279e+01
   2.8336907e+01
   2.8403539e+01
   2.8663336e+01
   2.8764734e+01
   2.8952434e+01
   2.9186435e+01
   2.9281049e+01
   2.9287397e+01
   2.9287451e+01
   2.9717023e+01
   2.9823613e+01
   2.9865132e+01
   2.9921383e+01
   2.9979506e+01
   2.9982391e+01
   3.0031991e+01
   3.0965685e+01
   3.1088810e+01
   3.1135422e+01
   3.1135694e+01
   3.1149043e+01
   3.1196248e+01
   3.1255917e+01
   3.2046066e+01
   3.2142330e+01
   3.2150028e+01
   3.2166073e+01
   3.2838277e+01
   3.2846143e+01
   3.2877860e+01
   3.2905565e+01
   3.2907141e+01
   3.3017391e+01
   3.3017391e+01
   3.3189757e+01
   3.3189757e+01
   3.3438704e+01
   3.3694549e+01
   3.3731580e+01
   3.3900960e+01
   3.4094732e+01
   3.4225716e+01
   3.4254388e+01
   3.4436322e+01
   3.4454144e+01
   3.4482423e+01
   3.4927079e+01
   3.4927079e+01
   3.4982491e+01
   3.5171100e+01
   3.5194658e+01
   3.5268592e+01
   3.5673671e+01
   3.5763092e+01
   3.5997777e+01
   3.6000345e+01
   3.6063870e+01
   3.6064229e+01
   3.6140343e+01
   3.6216372e+01
   3.6401698e+01
   3.6542943e+01
   3.6639116e+01
   3.6639151e+01
   3.6757595e+01
   3.6856248e+01
   3.6990629e+01
   3.7065382e+01
   3.7151875e+01
   3.7416112e+01
   3.7416112e+01
   3.7442594e+01
   3.7444202e+01
   3.7444202e+01
   3.7630943e+01
   3.7744707e+01
   3.7963627e+01
   3.7982627e+01
   3.7982627e+01
   3.8119138e+01
   3.8119210e+01
   3.8120151e+01
   3.8479370e+01
   3.8517349e+01
   3.8529068e+01
   3.8545214e+01
   3.8657206e+01
   3.8791292e+01
   3.8791823e+01
   3.8791823e+01
   3.9010810e+01
   3.9077568e+01
   3.9122626e+01
   3.9198451e+01
   3.9350855e+01
   3.9429361e+01
   3.9495847e+01
   3.9695492e+01
   3.9785955e+01
   3.9868846e+01
   3.9886582e+01
   3.9886582e+01
   4.0090247e+01
   4.0353023e+01
   4.1164664e+01
   4.1164664e+01
   4.1367568e+01
   4.1374811e+01
   4.1406365e+01
   4.1702019e+01
   4.1841181e+01
   4.1846727e+01
   4.1991817e+01
   4.2051021e+01
   4.2069830e+01
   4.2069830e+01
   4.2070293e+01
   4.2083856e+01
   4.2116901e+01
   4.2116901e+01
   4.2148144e+01
   4.2156577e+01
   4.2168918e+01
   4.2856671e+01
   4.2968961e+01
   4.3054132e+01
   4.3054132e+01
   4.3082549e+01
   4.3116866e+01
   4.3120242e+01
   4.3227055e+01
   4.3270094e+01
   4.3270094e+01
   4.3416247e+01
   4.3422915e+01
   4.3426201e+01
   4.3449894e+01
   4.3492063e+01
   4.3494718e+01
   4.3494718e+01
   4.3769137e+01
   4.3849726e+01
   4.3937911e+01
   4.3945794e+01
   4.3979000e+01
   4.4206908e+01
   4.4219430e+01
   4.4378013e+01
   4.4381917e+01
   4.4533127e+01
   4.4743509e+01
   4.4758335e+01
   4.5090285e+01
   4.5090285e+01
   4.5139840e+01
   4.5291451e+01
   4.5446196e+01
   4.5446196e+01
   4.5614336e+01
   4.5981272e+01
   4.5989088e+01
   4.6088229e+01
   4.6088229e+01
   4.6104283e+01
   4.6146190e+01
   4.6427192e+01
   4.6521047e+01
   4.6746975e+01
   4.6746975e+01
   4.6843296e+01
   4.6899992e+01
   4.7075222e+01
   4.7194077e+01
   4.7214926e+01
   4.7451912e+01
   4.7597418e+01
   4.7597418e+01
   4.7597418e+01
   4.7600079e+01
   4.7761217e+01
   4.7931847e+01
   4.7934006e+01
   4.7935617e+01
   4.8430356e+01
   4.8444624e+01
   4.8453032e+01
   4.8457312e+01
   4.8468264e+01
   4.8489286e+01
   4.8800849e+01
   4.8818746e+01
   4.8827289e+01
   4.8927117e+01
   4.9540982e+01
   4.9700597e+01
   5.0153376e+01
   5.0153408e+01
   5.0624038e+01
   5.0774406e+01
   5.0800160e+01
   5.0917311e+01
   5.0932492e+01
   5.1121672e+01
   5.1127451e+01
   5.1159074e+01
   5.1300922e+01
   5.1751198e+01
   5.1766237e+01
   5.1766237e+01
   5.1905570e+01
   5.1922311e+01
   5.2039879e+01
   5.2045425e+01
   5.2078500e+01
   5.2078500e+01
   5.2172418e+01
   5.2172418e+01
   5.2184911e+01
   5.2444669e+01
   5.2471375e+01
   5.2622520e+01
   5.2634138e+01
   5.2670864e+01
   5.3083205e+01
   5.3083922e+01
   5.3182539e+01
   5.3182607e+01
   5.3182607e+01
   5.3192224e+01
   5.3600498e+01
   5.3619109e+01
   5.3662694e+01
   5.3773316e+01
   5.3822462e+01
   5.3875297e+01
   5.4055284e+01
   5.4179114e+01
   5.4182149e+01
   5.5254145e+01
   5.5406738e+01
   5.5406738e+01
   5.5931082e+01
   5.6802488e+01
   5.6802488e+01
   5.6819716e+01
   5.6819716e+01
   5.6954649e+01
   5.6962148e+01
   5.7561813e+01
   5.7561813e+01
   5.7598057e+01
   5.7598057e+01
   5.7619331e+01
   5.7622880e+01
   5.7698581e+01
   5.7698947e+01
   5.7851544e+01
   5.7866377e+01
   5.7867959e+01
   5.7943238e+01
   5.8009536e+01
   5.8035965e+01
   5.8058615e+01
   5.8088971e+01
   5.8642614e+01
   5.9001301e+01
   5.9014458e+01
   5.9014458e+01
   5.9325058e+01
   5.9884979e+01
   5.9989358e+01
   6.0032696e+01
   6.0068744e+01
   6.0136733e+01
   6.0243375e+01
   6.0500770e+01
   6.0500770e+01
   6.0644149e+01
   6.0644149e+01
   6.0644149e+01
   6.0780903e+01
   6.0780903e+01
   6.0985756e+01
   6.1187892e+01
   6.1209385e+01
   6.1227659e+01
   6.1242728e+01
   6.1242894e+01
   6.1278480e+01
   6.1423280e+01
   6.1862609e+01
   6.1931368e+01
   6.2207835e+01
   6.2357341e+01
   6.2468392e+01
   6.2645392e+01
   6.2649176e+01
   6.2692719e+01
   6.2692719e+01
   6.2990442e+01
   6.2990442e+01
   6.3182578e+01
   6.3182578e+01
   6.3244257e+01
   6.3265480e+01
   6.3361582e+01
   6.3396116e+01
   6.3402765e+01
   6.3445250e+01
   6.3445284e+01
   6.3551192e+01
   6.3553793e+01
   6.4300542e+01
   6.4300542e+01
   6.4365772e+01
   6.4384167e+01
   6.4384167e+01
   6.4448146e+01
   6.4470931e+01
   6.4698270e+01
   6.4732731e+01
   6.4762825e+01
   6.4772216e+01
   6.5322034e+01
   6.5329867e+01
   6.5867381e+01
   6.5897477e+01
   6.6065264e+01
   6.6165284e+01
   6.6214544e+01
   6.6956532e+01
   6.7082044e+01
   6.7108691e+01
   6.7194095e+01
   6.7194213e+01
   6.7254240e+01
   6.7496411e+01
   6.7496460e+01
   6.7935142e+01
   6.7974109e+01
   6.7974109e+01
   6.7988056e+01
   6.8016183e+01
   6.8098940e+01
   6.8098940e+01
   6.8306458e+01
   6.8383408e+01
   6.8396767e+01
   6.8409461e+01
   6.8420487e+01
   6.8495442e+01
   6.8610689e+01
   6.9206028e+01
   6.9221204e+01
   6.9384366e+01
   6.9394968e+01
   6.9529902e+01
   6.9632340e+01
   6.9679988e+01
   6.9683270e+01
   6.9885807e+01
   6.9885807e+01
   7.0083962e+01
   7.0104137e+01
   7.0105636e+01
   7.0142427e+01
   7.0284777e+01
   7.0674812e+01
   7.0710914e+01
   7.0715242e+01
   7.0736240e+01
   7.0846707e+01
   7.0848722e+01
   7.0873945e+01
   7.1293866e+01
   7.1396658e+01
   7.1406815e+01
   7.1406815e+01
   7.1482443e+01
   7.1517529e+01
   7.2260183e+01
   7.2310379e+01
   7.2365144e+01
   7.2537109e+01
   7.2651706e+01
   7.2672707e+01
   7.4498272e+01
   7.4608982e+01
   7.4945600e+01
   7.4948232e+01
   7.4971464e+01
   7.5452993e+01
   7.5498991e+01
   7.5523739e+01
   7.5784860e+01
   7.5835859e+01
   7.5848882e+01
   7.6058657e+01
   7.6058763e+01
   7.6423727e+01
   7.6438605e+01
   7.6438605e+01
   7.6459775e+01
   7.6474490e+01
   7.6764810e+01
   7.6771485e+01
   7.6786314e+01
   7.6940468e+01
   7.6940468e+01
   7.7011165e+01
   7.7011945e+01
   7.7624141e+01
   7.7624141e+01
   7.7670654e+01
   7.7677765e+01
   7.7783076e+01
   7.8040352e+01
   7.8087723e+01
   7.8125389e+01
   7.8305548e+01
   7.8314255e+01
   7.8450804e+01
   7.8450804e+01
   7.8598840e+01
   7.9939265e+01
   7.9963125e+01
   8.0046754e+01
   8.0046754e+01
   8.0187972e+01
   8.0303720e+01
   8.0322653e+01
   8.0324138e+01
   8.0731558e+01
   8.0834565e+01
   8.0912028e+01
   8.0912028e+01
   8.0912028e+01
   8.0990134e+01
   8.1155781e+01
   8.1191425e+01
   8.1194441e+01
   8.1441442e+01
   8.1570130e+01
   8.1576012e+01
   8.1580199e+01
   8.1847375e+01
   8.1847469e+01
   8.1861484e+01
   8.2146679e+01
   8.2319899e+01
   8.2358638e+01
   8.2400709e+01
   8.2566380e+01
   8.2739520e+01
   8.2867477e+01
   8.2870608e+01
   8.3164406e+01
   8.3266584e+01
   8.3438756e+01
   8.3707298e+01
   8.4406272e+01
   8.5123923e+01
   8.5169625e+01
   8.5225488e+01
   8.5389476e+01
   8.5389746e+01
   8.5569251e+01
   8.5570206e+01
   8.5740383e+01
   8.6215642e+01
   8.6215642e+01
   8.6287681e+01
   8.6400480e+01
   8.6406282e+01
   8.6446779e+01
   8.6465818e+01
   8.6470124e+01
   8.6473276e+01
   8.6667586e+01
   8.6667701e+01
   8.6690370e+01
   8.6690459e+01
   8.6713297e+01
   8.6715651e+01
   8.6722754e+01
   8.6808178e+01
   8.7900634e+01
   8.7948471e+01
   8.8021642e+01
   8.8028831e+01
   8.8046899e+01
   8.8075932e+01
   8.8078710e+01
   8.8200157e+01
   8.8294916e+01
   8.8390429e+01
   8.8422902e+01
   8.8439168e+01
   8.8661640e+01
   8.8752317e+01
   8.8792720e+01
   8.9414862e+01
   8.9414862e+01
   8.9417219e+01
   8.9417219e+01
   8.9484480e+01
   9.0158468e+01
   9.0278179e+01
   9.0278179e+01
   9.0285586e+01
   9.0291827e+01
   9.0347212e+01
   9.0347212e+01
   9.0386732e+01
   9.0452583e+01
   9.0452583e+01
   9.0515841e+01
   9.0752111e+01
   9.0752111e+01
   9.0753940e+01
   9.0955317e+01
   9.1116286e+01
   9.1296732e+01
   9.1356668e+01
   9.1379279e+01
   9.1390511e+01
   9.1401759e+01
   9.1436120e+01
   9.1748595e+01
   9.2003664e+01
   9.2059883e+01
   9.2271201e+01
   9.2502653e+01
   9.2661514e+01
   9.2729896e+01
   9.2897983e+01
   9.4357162e+01
   9.4570354e+01
   9.4570354e+01
   9.4705083e+01
   9.4876777e+01
   9.4920311e+01
   9.5156376e+01
   9.5182251e+01
   9.5298507e+01
   9.5335442e+01
   9.5335442e+01
   9.5386764e+01
   9.5564372e+01
   9.5583949e+01
   9.5808555e+01
   9.6091711e+01
   9.6236781e+01
   9.6271768e+01
   9.6330114e+01
   9.6365465e+01
   9.6377043e+01
   9.6528170e+01
   9.6689535e+01
   9.7040003e+01
   9.7040003e+01
   9.7124561e+01
   9.7220544e+01
   9.7260088e+01
   9.7407507e+01
   9.7447524e+01
   9.7474148e+01
   9.7719951e+01
   9.7793442e+01
   9.8236381e+01
   9.8612089e+01
   9.8612089e+01
   9.8676582e+01
   9.8688358e+01
   9.8688358e+01
   9.8720736e+01
   9.9503732e+01
   9.9556061e+01
   9.9673557e+01
   9.9842728e+01
   9.9842940e+01
   1.0018045e+02
   1.0018045e+02
   1.0060729e+02
   1.0060729e+02
   1.0060752e+02
   1.0071468e+02
   1.0088258e+02
   1.0090537e+02
   1.0099928e+02
   1.0113217e+02
   1.0152644e+02
   1.0164905e+02
   1.0166506e+02
   1.0189221e+02
   1.0238132e+02
   1.0245561e+02
   1.0245561e+02
   1.0251663e+02
   1.0251663e+02
   1.0252580e+02
   1.0252580e+02
   1.0271124e+02
   1.0378627e+02
   1.0378662e+02
   1.0378779e+02
   1.0386066e+02
   1.0390355e+02
   1.0392602e+02
   1.0392602e+02
   1.0394727e+02
   1.0414611e+02
   1.0420440e+02
   1.0421667e+02
   1.0421790e+02
   1.0422646e+02
   1.0435001e+02
   1.0441648e+02
   1.0442448e+02
   1.0489503e+02
   1.0493525e+02
   1.0501268e+02
   1.0560250e+02
   1.0560764e+02
   1.0560764e+02
   1.0566918e+02
   1.0600862e+02
   1.0603599e+02
   1.0603599e+02
   1.0604790e+02
   1.0616696e+02
   1.0616866e+02
   1.0617700e+02
   1.0617728e+02
   1.0672878e+02
   1.0673995e+02
   1.0682872e+02
   1.0687392e+02
   1.0689827e+02
   1.0698080e+02
   1.0698096e+02
   1.0724034e+02
   1.0724113e+02
   1.0742745e+02
   1.0744831e+02
   1.0754658e+02
   1.0768889e+02
   1.0789925e+02
   1.0789925e+02
   1.0791755e+02
   1.0817908e+02
   1.0830417e+02
   1.0833527e+02
   1.0833810e+02
   1.0847781e+02
   1.0847781e+02
   1.0855125e+02
   1.0855137e+02
   1.0855137e+02
   1.0857028e+02
   1.0857677e+02
   1.0873336e+02
   1.0878076e+02
   1.1027579e+02
   1.1036134e+02
   1.1036134e+02
   1.1039180e+02
   1.1068039e+02
   1.1070988e+02
   1.1150387e+02
   1.1152955e+02
   1.1176934e+02
   1.1178217e+02
   1.1191785e+02
   1.1207461e+02
   1.1207461e+02
   1.1223953e+02
   1.1225528e+02
   1.1228489e+02
   1.1243788e+02
   1.1245053e+02
   1.1267036e+02
   1.1270708e+02
   1.1280483e+02
   1.1282900e+02
   1.1301413e+02
   1.1301413e+02
   1.1307171e+02
   1.1318478e+02
   1.1322489e+02
   1.1323699e+02
   1.1323795e+02
   1.1325873e+02
   1.1325873e+02
   1.1354691e+02
   1.1360865e+02
   1.1366963e+02
   1.1376717e+02
   1.1392802e+02
   1.1441239e+02
   1.1453201e+02
   1.1453915e+02
   1.1491422e+02
   1.1510329e+02
   1.1521434e+02
   1.1570532e+02
   1.1598110e+02
   1.1599844e+02
   1.1602099e+02
   1.1606388e+02
   1.1621330e+02
   1.1621330e+02
   1.1622201e+02
   1.1622253e+02
   1.1627820e+02
   1.1648171e+02
   1.1679410e+02
   1.1680335e+02
   1.1680353e+02
   1.1696132e+02
   1.1708170e+02
   1.1708170e+02
   1.1733205e+02
   1.1751519e+02
   1.1772996e+02
   1.1773060e+02
   1.1776756e+02
   1.1778377e+02
   1.1779648e+02
   1.1804313e+02
   1.1804313e+02
   1.1829940e+02
   1.1840961e+02
   1.1844193e+02
   1.1876024e+02
   1.1877970e+02
   1.1884757e+02
   1.1885197e+02
   1.1889272e+02
   1.1894474e+02
   1.1948583e+02
   1.1968135e+02
   1.1968135e+02
   1.1985767e+02
   1.1990147e+02
   1.1994084e+02
   1.1996220e+02
   1.2024914e+02
   1.2025025e+02
   1.2038484e+02
   1.2048846e+02
   1.2049412e+02
   1.2071937e+02
   1.2071941e+02
   1.2071941e+02
   1.2098321e+02
   1.2101583e+02
   1.2112350e+02
   1.2113798e+02
   1.2120398e+02
   1.2129178e+02
   1.2129178e+02
   1.2130002e+02
   1.2156485e+02
   1.2241172e+02
   1.2241172e+02
   1.2244804e+02
   1.2288122e+02
   1.2318947e+02
   1.2325348e+02
   1.2333328e+02
   1.2333827e+02
   1.2343352e+02
   1.2343352e+02
   1.2343352e+02
   1.2350426e+02
   1.2350426e+02
   1.2371014e+02
   1.2374420e+02
   1.2376526e+02
   1.2378550e+02
   1.2380713e+02
   1.2399659e+02
   1.2420465e+02
   1.2449875e+02
   1.2450915e+02
   1.2468611e+02
