   3.7718920e-03
   1.2740591e+00
   1.4432386e+00
   1.5546927e+00
   1.6143013e+00
   1.6952163e+00
   1.7251738e+00
   1.7536550e+00
   1.7842156e+00
   1.8127977e+00
   1.8419470e+00
   1.8702259e+00
   1.8983291e+00
   1.9232453e+00
   1.9498943e+00
   1.9731374e+00
   2.0012400e+00
   2.0293097e+00
   2.0539487e+00
   2.0866589e+00
   2.1141466e+00
   2.1382982e+00
   2.1665824e+00
   2.1917894e+00
   2.2248858e+00
   2.2508600e+00
   2.2963548e+00
   2.3305316e+00
   2.3604000e+00
   2.3898710e+00
   2.4220508e+00
   2.4527917e+00
   2.4833854e+00
   2.5104466e+00
   2.5401246e+00
   2.5699496e+00
   2.5981766e+00
   2.6286609e+00
   2.6575707e+00
   2.6827759e+00
   2.7111989e+00
   2.7407706e+00
   2.7702910e+00
   2.7999568e+00
   2.8283717e+00
   2.8538040e+00
   2.8746080e+00
   2.9020927e+00
   2.9258542e+00
   2.9632054e+00
   2.9885973e+00
   3.0152106e+00
   3.0420154e+00
   3.0710949e+00
   3.0952749e+00
   3.1209164e+00
   3.1476312e+00
   3.1851505e+00
   3.2091714e+00
   3.2392423e+00
   3.2648190e+00
   3.2898333e+00
   3.3102180e+00
   3.3375903e+00
   3.3646786e+00
   3.3844450e+00
   3.4068782e+00
   3.4304560e+00
   3.4557863e+00
   3.4904645e+00
   3.5218678e+00
   3.5425830e+00
   3.5705754e+00
   3.5938155e+00
   3.6218584e+00
   3.6478521e+00
   3.6745721e+00
   3.6994899e+00
   3.7234077e+00
   3.7480149e+00
   3.7731551e+00
   3.7962268e+00
   3.8200851e+00
   3.8551113e+00
   3.8886474e+00
   3.9130005e+00
   3.9471744e+00
   3.9707857e+00
   3.9958322e+00
   4.0217260e+00
   4.0479111e+00
   4.0728178e+00
   4.0997050e+00
   4.1299711e+00
   4.1633791e+00
   4.1884458e+00
   4.2128502e+00
   4.2388949e+00
   4.2706500e+00
   4.3019040e+00
   4.3239671e+00
   4.3505516e+00
   4.3729437e+00
   4.3953896e+00
   4.4199615e+00
   4.4425095e+00
   4.4666383e+00
   4.4982611e+00
   4.5230446e+00
   4.5479968e+00
   4.5731844e+00
   4.5945120e+00
   4.6212651e+00
   4.6440571e+00
   4.6738362e+00
   4.6984188e+00
   4.7234054e+00
   4.7468190e+00
   4.7814197e+00
   4.8050541e+00
   4.8287692e+00
   4.8550706e+00
   4.8789472e+00
   4.9047424e+00
   4.9265469e+00
   4.9535903e+00
   4.9770707e+00
   5.0129805e+00
   5.0362331e+00
   5.0599364e+00
   5.0843470e+00
   5.1097282e+00
   5.1403648e+00
   5.1627387e+00
   5.1905381e+00
   5.2240447e+00
   5.2468252e+00
   5.2725828e+00
   5.2961514e+00
   5.3223307e+00
   5.3445586e+00
   5.3691769e+00
   5.3919572e+00
   5.4157392e+00
   5.4448303e+00
   5.4675292e+00
   5.4915090e+00
   5.5162394e+00
   5.5426444e+00
   5.5658291e+00
   5.5917445e+00
   5.6257011e+00
   5.6482853e+00
   5.6738975e+00
   5.6992951e+00
   5.7276813e+00
   5.7508094e+00
   5.7758467e+00
   5.8049641e+00
   5.8300930e+00
   5.8571505e+00
   5.8798350e+00
   5.9057196e+00
   5.9302059e+00
   5.9534226e+00
   5.9782425e+00
   6.0009182e+00
   6.0276914e+00
   6.0470647e+00
   6.0756223e+00
   6.0988489e+00
   6.1187861e+00
   6.1547391e+00
   6.1806757e+00
   6.2091498e+00
   6.2409183e+00
   6.2718390e+00
   6.2971870e+00
   6.3260649e+00
   6.3535859e+00
   6.3775057e+00
   6.3990351e+00
   6.4239558e+00
   6.4514796e+00
   6.4815388e+00
   6.5089357e+00
   6.5458951e+00
   6.5735288e+00
   6.6005526e+00
   6.6432815e+00
   6.6811658e+00
   6.7115954e+00
   6.7456309e+00
   6.7822462e+00
   6.8027084e+00
   6.8286653e+00
   6.8545434e+00
   6.8795545e+00
   6.9065594e+00
   6.9314078e+00
   6.9664495e+00
   6.9952467e+00
   7.0216129e+00
   7.0591993e+00
   7.0894799e+00
   7.1116017e+00
   7.1376161e+00
   7.1758541e+00
   7.2040745e+00
   7.2353637e+00
   7.2631607e+00
   7.2897683e+00
   7.3165542e+00
   7.3461389e+00
   7.3730779e+00
   7.4005985e+00
   7.4287893e+00
   7.4553859e+00
   7.4828380e+00
   7.5099146e+00
   7.5352243e+00
   7.5642275e+00
   7.5848486e+00
   7.6142928e+00
   7.6430317e+00
   7.6682234e+00
   7.6928188e+00
   7.7194666e+00
   7.7426434e+00
   7.7720503e+00
   7.8010562e+00
   7.8298169e+00
   7.8552468e+00
   7.8771951e+00
   7.8982875e+00
   7.9284050e+00
   7.9539901e+00
   7.9845292e+00
   8.0123508e+00
   8.0371537e+00
   8.0601623e+00
   8.1067021e+00
   8.1334785e+00
   8.1529429e+00
   8.1833483e+00
   8.2229776e+00
   8.2502728e+00
   8.2862190e+00
   8.3162921e+00
   8.3476069e+00
   8.3734500e+00
   8.4023501e+00
   8.4229028e+00
   8.4588190e+00
   8.4903316e+00
   8.5243694e+00
   8.5553450e+00
   8.5858178e+00
   8.6033639e+00
   8.6329899e+00
   8.6601324e+00
   8.6937116e+00
   8.7212698e+00
   8.7514807e+00
   8.7795014e+00
   8.8048476e+00
   8.8356541e+00
   8.8654542e+00
   8.8936811e+00
   8.9364628e+00
   8.9673323e+00
   9.0075604e+00
   9.0384567e+00
   9.0671496e+00
   9.0942677e+00
   9.1219903e+00
   9.1502899e+00
   9.1856348e+00
   9.2141018e+00
   9.2458998e+00
   9.2717130e+00
   9.3016217e+00
   9.3309082e+00
   9.3543980e+00
   9.3890340e+00
   9.4146235e+00
   9.4465282e+00
   9.4820078e+00
   9.5094450e+00
   9.5394207e+00
   9.5662262e+00
   9.5897303e+00
   9.6218176e+00
   9.6459363e+00
   9.6659155e+00
   9.6880089e+00
   9.7158356e+00
   9.7398631e+00
   9.7654122e+00
   9.7888299e+00
   9.8136362e+00
   9.8406389e+00
   9.8756838e+00
   9.9069568e+00
   9.9333002e+00
   9.9591861e+00
   9.9865868e+00
   1.0011181e+01
   1.0039305e+01
   1.0065542e+01
   1.0090926e+01
   1.0118314e+01
   1.0144509e+01
   1.0172034e+01
   1.0197941e+01
   1.0232424e+01
   1.0257260e+01
   1.0283819e+01
   1.0310101e+01
   1.0341919e+01
   1.0373185e+01
   1.0391778e+01
   1.0422905e+01
   1.0451288e+01
   1.0480080e+01
   1.0505327e+01
   1.0537097e+01
   1.0565779e+01
   1.0591722e+01
   1.0625827e+01
   1.0668625e+01
   1.0695352e+01
   1.0715137e+01
   1.0753151e+01
   1.0782114e+01
   1.0809293e+01
   1.0826921e+01
   1.0860084e+01
   1.0890304e+01
   1.0920226e+01
   1.0955862e+01
   1.0983082e+01
   1.1008366e+01
   1.1032051e+01
   1.1057624e+01
   1.1083485e+01
   1.1115134e+01
   1.1141285e+01
   1.1168059e+01
   1.1536518e+01
   1.1571197e+01
   1.1598759e+01
   1.1622666e+01
   1.1655051e+01
   1.1680784e+01
   1.1707137e+01
   1.1732537e+01
   1.1760727e+01
   1.1785883e+01
   1.1810148e+01
   1.1825085e+01
   1.1854978e+01
   1.1871840e+01
   1.1899098e+01
   1.1924371e+01
   1.1947139e+01
   1.1973523e+01
   1.2007087e+01
   1.2030990e+01
   1.2061048e+01
   1.2087138e+01
   1.2120431e+01
   1.2145211e+01
   1.2169815e+01
   1.2195784e+01
   1.2222877e+01
   1.2258443e+01
   1.2274652e+01
   1.2304323e+01
   1.2334349e+01
   1.2363856e+01
   1.2394738e+01
   1.2436759e+01
   1.2477479e+01
   1.2509267e+01
   1.2552674e+01
   1.2591404e+01
   1.2626659e+01
   1.2655705e+01
   1.2688221e+01
   1.2724519e+01
   1.2776859e+01
   1.2803862e+01
   1.2842947e+01
   1.2873588e+01
   1.2903757e+01
   1.2948490e+01
   1.2980214e+01
   1.3019553e+01
   1.3050471e+01
   1.3073716e+01
   1.3091216e+01
   1.3128159e+01
   1.3159264e+01
   1.3188499e+01
   1.3213547e+01
   1.3245286e+01
   1.3272672e+01
   1.3302589e+01
   1.3328367e+01
   1.3364558e+01
   1.3390326e+01
   1.3419706e+01
   1.3447417e+01
   1.3476852e+01
   1.3503716e+01
   1.3532013e+01
   1.3560196e+01
   1.3590755e+01
   1.3624124e+01
   1.3660136e+01
   1.3677773e+01
   1.3725357e+01
   1.3754412e+01
   1.3785645e+01
   1.3813777e+01
   1.3838275e+01
   1.3865217e+01
   1.3903824e+01
   1.3929414e+01
   1.3964785e+01
   1.3989797e+01
   1.4016076e+01
   1.4041597e+01
   1.4069477e+01
   1.4096802e+01
   1.4124219e+01
   1.4150148e+01
   1.4172104e+01
   1.4199825e+01
   1.4237149e+01
   1.4268061e+01
   1.4296238e+01
   1.4321372e+01
   1.4346976e+01
   1.4372132e+01
   1.4401205e+01
   1.4429117e+01
   1.4455376e+01
   1.4481401e+01
   1.4510079e+01
   1.4530622e+01
   1.4556477e+01
   1.4583824e+01
   1.4616984e+01
   1.4657511e+01
   1.4682293e+01
   1.4714627e+01
   1.4738943e+01
   1.4771979e+01
   1.4800236e+01
   1.4825393e+01
   1.4851013e+01
   1.4884366e+01
   1.4912147e+01
   1.4946864e+01
   1.4970936e+01
   1.4986495e+01
   1.5010928e+01
   1.5028800e+01
   1.5058806e+01
   1.5085238e+01
   1.5103722e+01
   1.5128617e+01
   1.5152585e+01
   1.5175511e+01
   1.5202773e+01
   1.5227972e+01
   1.5251795e+01
   1.5279653e+01
   1.5297139e+01
   1.5332817e+01
   1.5356989e+01
   1.5382383e+01
   1.5409809e+01
   1.5425489e+01
   1.5449855e+01
   1.5481051e+01
   1.5506586e+01
   1.5534874e+01
   1.5568939e+01
   1.5595359e+01
   1.5628155e+01
   1.5665832e+01
   1.5691536e+01
   1.5727092e+01
   1.5757136e+01
   1.5785749e+01
   1.5812828e+01
   1.5828342e+01
   1.5852719e+01
   1.5896234e+01
   1.5924685e+01
   1.5952136e+01
   1.5980730e+01
   1.6008154e+01
   1.6035827e+01
   1.6057017e+01
   1.6089477e+01
   1.6118144e+01
   1.6144392e+01
   1.6174619e+01
   1.6212413e+01
   1.6240508e+01
   1.6274500e+01
   1.6308451e+01
   1.6345461e+01
   1.6371101e+01
   1.6403633e+01
   1.6431598e+01
   1.6465249e+01
   1.6494557e+01
   1.6533914e+01
   1.6564619e+01
   1.6609124e+01
   1.6636076e+01
   1.6663121e+01
   1.6696655e+01
   1.6730873e+01
   1.6759736e+01
   1.6796438e+01
   1.6826804e+01
   1.6857351e+01
   1.6888653e+01
   1.6918883e+01
   1.6944991e+01
   1.6962042e+01
   1.6997183e+01
   1.7026606e+01
   1.7055291e+01
   1.7086742e+01
   1.7116362e+01
   1.7145870e+01
   1.7177419e+01
   1.7207628e+01
   1.7242792e+01
   1.7270495e+01
   1.7303679e+01
   1.7319004e+01
   1.7352411e+01
   1.7385935e+01
   1.7393996e+01
   1.7433101e+01
   1.7445610e+01
   1.7490796e+01
   1.7507775e+01
   1.7538501e+01
   1.7565487e+01
   1.7609571e+01
   1.7639223e+01
   1.7670353e+01
   1.7696665e+01
   1.7724035e+01
   1.7753667e+01
   1.7790223e+01
   1.7823007e+01
   1.7854615e+01
   1.7867264e+01
   1.7910775e+01
   1.7928147e+01
   1.7966432e+01
   1.7996657e+01
   1.8028075e+01
   1.8047228e+01
   1.8081080e+01
   1.8118188e+01
   1.8150201e+01
   1.8180823e+01
   1.8198140e+01
   1.8233202e+01
   1.8264076e+01
   1.8292735e+01
   1.8321926e+01
   1.8348653e+01
   1.8376700e+01
   1.8405469e+01
   1.8433462e+01
   1.8462692e+01
   1.8488735e+01
   1.8513511e+01
   1.8527815e+01
   1.8565588e+01
   1.8595579e+01
   1.8623356e+01
   1.8647500e+01
   1.8677635e+01
   1.8706183e+01
   1.8737522e+01
   1.8772879e+01
   1.8803949e+01
   1.8828598e+01
   1.8860060e+01
   1.8892975e+01
   1.8921156e+01
   1.8952154e+01
   1.8979529e+01
   1.9010159e+01
   1.9044208e+01
   1.9079338e+01
   1.9111990e+01
   1.9143441e+01
   1.9169383e+01
   1.9202555e+01
   1.9229180e+01
   1.9245026e+01
   1.9286098e+01
   1.9313820e+01
   1.9339609e+01
   1.9367500e+01
   1.9397595e+01
   1.9424971e+01
   1.9456879e+01
   1.9492567e+01
   1.9517450e+01
   1.9533130e+01
   1.9565601e+01
   1.9601351e+01
   1.9617360e+01
   1.9632239e+01
   1.9669100e+01
   1.9697581e+01
   1.9725385e+01
   1.9753160e+01
   1.9785574e+01
   1.9797122e+01
   1.9825930e+01
   1.9865948e+01
   1.9893557e+01
   1.9919085e+01
   1.9940858e+01
   1.9972691e+01
   2.0017336e+01
   2.0050398e+01
   2.0073267e+01
   2.0099833e+01
   2.0121880e+01
   2.0154737e+01
   2.0184491e+01
   2.0211281e+01
   2.0240899e+01
   2.0272863e+01
   2.0299349e+01
   2.0327088e+01
   2.0351999e+01
   2.0366371e+01
   2.0398495e+01
   2.0422990e+01
   2.0438026e+01
   2.0470335e+01
   2.0495458e+01
   2.0531379e+01
   2.0556227e+01
   2.0582259e+01
   2.0609085e+01
   2.0637546e+01
   2.0662405e+01
   2.0688897e+01
   2.0715631e+01
   2.0744889e+01
   2.0769911e+01
   2.0795781e+01
   2.0820722e+01
   2.0850719e+01
   2.0882406e+01
   2.0911117e+01
   2.0937561e+01
   2.0966920e+01
   2.0995658e+01
   2.1022154e+01
   2.1057674e+01
   2.1086039e+01
   2.1101261e+01
   2.1134172e+01
   2.1159189e+01
   2.1191616e+01
   2.1218943e+01
   2.1250006e+01
   2.1275362e+01
   2.1304728e+01
   2.1330426e+01
   2.1346521e+01
   2.1365219e+01
   2.1391302e+01
   2.1434778e+01
   2.1458812e+01
   2.1505784e+01
   2.1535739e+01
   2.1550897e+01
   2.1580583e+01
   2.1610555e+01
   2.1638817e+01
   2.1670354e+01
   2.1699050e+01
   2.1724837e+01
   2.1756832e+01
   2.1791774e+01
   2.1804918e+01
   2.1846596e+01
   2.1874597e+01
   2.1908907e+01
   2.1936000e+01
   2.1950876e+01
   2.1986894e+01
   2.2015676e+01
   2.2046895e+01
   2.2074738e+01
   2.2108895e+01
   2.2134490e+01
   2.2168827e+01
   2.2199436e+01
   2.2225640e+01
   2.2255596e+01
   2.2291754e+01
   2.2307399e+01
   2.2334255e+01
   2.2381701e+01
   2.2441165e+01
   2.2480978e+01
   2.2536850e+01
   2.2593284e+01
   2.2627529e+01
   2.2661755e+01
   2.2707777e+01
   2.2742578e+01
   2.2776847e+01
   2.2809652e+01
   2.2840105e+01
   2.2870806e+01
   2.2900715e+01
   2.2931196e+01
   2.2959003e+01
   2.2986802e+01
   2.3016468e+01
   2.3048915e+01
   2.3080475e+01
   2.3113207e+01
   2.3148134e+01
   2.3177577e+01
   2.3211584e+01
   2.3241963e+01
   2.3271520e+01
   2.3303724e+01
   2.3337450e+01
   2.3369305e+01
   2.3396407e+01
   2.3425579e+01
   2.3456943e+01
   2.3484461e+01
   2.3514043e+01
   2.3545577e+01
   2.3583049e+01
   2.3612750e+01
   2.3643175e+01
   2.3674695e+01
   2.3703130e+01
   2.3731687e+01
   2.3762679e+01
   2.3792896e+01
   2.3827000e+01
   2.3856848e+01
   2.3881315e+01
   2.3910009e+01
   2.3940695e+01
   2.3965637e+01
   2.3998964e+01
   2.4029119e+01
   2.4058746e+01
   2.4086199e+01
   2.4125492e+01
   2.4158457e+01
   2.4190937e+01
   2.4219586e+01
   2.4251432e+01
   2.4281970e+01
   2.4312679e+01
   2.4348430e+01
   2.4373483e+01
   2.4399977e+01
   2.4435519e+01
   2.4461835e+01
   2.4488988e+01
   2.4518107e+01
   2.4548548e+01
   2.4579575e+01
   2.4615201e+01
   2.4642091e+01
   2.4675997e+01
   2.4704291e+01
   2.4741877e+01
   2.4781936e+01
   2.4805525e+01
   2.4834512e+01
   2.4859755e+01
   2.4886369e+01
   2.4917559e+01
   2.4945044e+01
   2.4976778e+01
   2.5003071e+01
   2.5031569e+01
   2.5061918e+01
   2.5091235e+01
   2.5122143e+01
   2.5147862e+01
   2.5181988e+01
   2.5204654e+01
   2.5236490e+01
   2.5262471e+01
   2.5289017e+01
   2.5312809e+01
   2.5351701e+01
   2.5381952e+01
   2.5407409e+01
   2.5434871e+01
   2.5468132e+01
   2.5494368e+01
   2.5523514e+01
   2.5552786e+01
   2.5581723e+01
   2.5602364e+01
   2.5628840e+01
   2.5653807e+01
   2.5679208e+01
   2.5704973e+01
   2.5730553e+01
   2.5762706e+01
   2.5793418e+01
   2.5823113e+01
   2.5849823e+01
   2.5883550e+01
   2.5906222e+01
   2.5932635e+01
   2.5959938e+01
   2.5992911e+01
   2.6019748e+01
   2.6048978e+01
   2.6071238e+01
   2.6086167e+01
   2.6111616e+01
   2.6142103e+01
   2.6167061e+01
   2.6195146e+01
   2.6222014e+01
   2.6248388e+01
   2.6274782e+01
   2.6310594e+01
   2.6336620e+01
   2.6372096e+01
   2.6398624e+01
   2.6414848e+01
   2.6443171e+01
   2.6470812e+01
   2.6499310e+01
   2.6532096e+01
   2.6556188e+01
   2.6582472e+01
   2.6607303e+01
   2.6627924e+01
   2.6645474e+01
   2.6671831e+01
   2.6705678e+01
   2.6727466e+01
   2.6746537e+01
   2.6777440e+01
   2.6799898e+01
   2.6818099e+01
   2.6848763e+01
   2.6875780e+01
   2.6902962e+01
   2.6928564e+01
   2.6961595e+01
   2.6978505e+01
   2.7005159e+01
   2.7031886e+01
   2.7056508e+01
   2.7081877e+01
   2.7106182e+01
   2.7134132e+01
   2.7157408e+01
   2.7183757e+01
   2.7214531e+01
   2.7241806e+01
   2.7266247e+01
   2.7288521e+01
   2.7313146e+01
   2.7337185e+01
   2.7361714e+01
   2.7386613e+01
   2.7409144e+01
   2.7434350e+01
   2.7458105e+01
   2.7488027e+01
   2.7512912e+01
   2.7536143e+01
   2.7562378e+01
   2.7580277e+01
   2.7613248e+01
   2.7637713e+01
   2.7684749e+01
   2.7707088e+01
   2.7731465e+01
   2.7760382e+01
   2.7790670e+01
   2.7820079e+01
   2.7848489e+01
   2.7874192e+01
   2.7893967e+01
   2.7918988e+01
   2.7945123e+01
   2.7972897e+01
   2.8000460e+01
   2.8026053e+01
   2.8052987e+01
   2.8077373e+01
   2.8103902e+01
   2.8127187e+01
   2.8157298e+01
   2.8178261e+01
   2.8212949e+01
   2.8236183e+01
   2.8259456e+01
   2.8285119e+01
   2.8308747e+01
   2.8324738e+01
   2.8351689e+01
   2.8375733e+01
   2.8406153e+01
   2.8426881e+01
   2.8453955e+01
   2.8477561e+01
   2.8499625e+01
   2.8522288e+01
   2.8543140e+01
   2.8569354e+01
   2.8595468e+01
   2.8625194e+01
   2.8646275e+01
   2.8670612e+01
   2.8694811e+01
   2.8718572e+01
   2.8740534e+01
   2.8767977e+01
   2.8790082e+01
   2.8817386e+01
   2.8841224e+01
   2.8867323e+01
   2.8891969e+01
   2.8925411e+01
   2.8948836e+01
   2.8975906e+01
   2.9002143e+01
   2.9025884e+01
   2.9053583e+01
   2.9075724e+01
   2.9114089e+01
   2.9137954e+01
   2.9160893e+01
   2.9189185e+01
   2.9223596e+01
   2.9255788e+01
   2.9280357e+01
   2.9306872e+01
   2.9329970e+01
   2.9353694e+01
   2.9379276e+01
   2.9403448e+01
   2.9431447e+01
   2.9456072e+01
   2.9478454e+01
   2.9502934e+01
   2.9531389e+01
   2.9557188e+01
   2.9585395e+01
   2.9607308e+01
   2.9631523e+01
   2.9654967e+01
   2.9677473e+01
   2.9704640e+01
   2.9733585e+01
   2.9764521e+01
   2.9789800e+01
   2.9821113e+01
   2.9848547e+01
   2.9875702e+01
   2.9901025e+01
   2.9924272e+01
   2.9947961e+01
   2.9974139e+01
   3.0003695e+01
   3.0030163e+01
   3.0057146e+01
