   2.4344635e-09
   6.6611673e-09
   8.5623225e-09
   9.8051607e-09
   1.2312802e-08
   1.4002450e-08
   1.5745121e-08
   1.6208526e-08
   1.7197330e-08
   2.0168836e-08
   2.2267132e-08
   2.3060693e-08
   2.5620074e-08
   2.8340648e-08
   3.2069748e-08
   3.2953861e-08
   3.4587695e-08
   3.8236871e-08
   3.9391752e-08
   4.0017980e-08
   4.4178890e-08
   4.9493518e-08
   5.1224470e-08
   5.4099629e-08
   5.4463334e-08
   5.6836876e-08
   5.7711112e-08
   5.8143509e-08
   5.9954916e-08
   6.1697936e-08
   6.4186746e-08
   6.6621806e-08
   6.9402400e-08
   7.2996274e-08
   7.4825836e-08
   7.6843256e-08
   7.7853003e-08
   7.9098998e-08
   8.2662671e-08
   8.5794687e-08
   8.6019343e-08
   8.9671128e-08
   9.2479962e-08
   9.6633629e-08
   9.7761384e-08
   9.8046281e-08
   9.9708627e-08
   1.0159432e-07
   1.0264496e-07
   1.0579362e-07
   1.0946370e-07
   1.1182115e-07
   1.1268561e-07
   1.1343752e-07
   1.1408456e-07
   1.1577912e-07
   1.1827029e-07
   1.2126897e-07
   1.2491290e-07
   1.2908194e-07
   1.3331751e-07
   1.3394278e-07
   1.3450641e-07
   1.3671262e-07
   1.3705090e-07
   1.3958245e-07
   1.4172231e-07
   1.4513947e-07
   1.4904706e-07
   1.5207985e-07
   1.5451901e-07
   1.5683207e-07
   1.5963785e-07
   1.6092924e-07
   1.6281167e-07
   1.6402556e-07
   1.6520176e-07
   1.6598395e-07
   1.6697705e-07
   1.6738129e-07
   1.6939143e-07
   1.7046510e-07
   1.7179011e-07
   1.7533498e-07
   1.7787054e-07
   1.7923041e-07
   1.7994921e-07
   1.8110396e-07
   1.8317334e-07
   1.8755932e-07
   1.8773270e-07
   1.8959393e-07
   1.9281120e-07
   1.9392457e-07
   1.9681812e-07
   1.9990392e-07
   2.0013739e-07
   2.0189662e-07
   2.0248390e-07
   2.0364927e-07
   2.0651323e-07
   2.0865653e-07
   2.1071762e-07
   2.1140152e-07
   2.1328836e-07
   2.1601336e-07
   2.1764193e-07
   2.2182437e-07
   2.2546893e-07
   2.2814965e-07
   2.2980162e-07
   2.3117882e-07
   2.3250686e-07
   2.3418922e-07
   2.3780728e-07
   2.3997431e-07
   2.4101835e-07
   2.4168093e-07
   2.4340460e-07
   2.4396842e-07
   2.4473028e-07
   2.4533303e-07
   2.4680416e-07
   2.4896240e-07
   2.5062571e-07
   2.5087831e-07
   2.5225757e-07
   2.5449181e-07
   2.5505333e-07
   2.5672961e-07
   2.5965941e-07
   2.6262386e-07
   2.6408966e-07
   2.6560808e-07
   2.6658355e-07
   2.6862323e-07
   2.7044878e-07
   2.7121908e-07
   2.7327693e-07
   2.7480927e-07
   2.7774770e-07
   2.7979726e-07
   2.8225774e-07
   2.8406566e-07
   2.8685777e-07
   2.9028041e-07
   2.9186982e-07
   2.9363816e-07
   2.9521527e-07
   2.9637969e-07
   2.9931849e-07
   3.0310013e-07
   3.0545126e-07
   3.0673091e-07
   3.0847526e-07
   3.1071562e-07
   3.1176544e-07
   3.1244106e-07
   3.1381189e-07
   3.1759176e-07
   3.1920107e-07
   3.2104266e-07
   3.2334488e-07
   3.2551050e-07
   3.2649743e-07
   3.2826609e-07
   3.2958661e-07
   3.3161521e-07
   3.3181053e-07
   3.3466457e-07
   3.4001315e-07
   3.4159796e-07
   3.4318551e-07
   3.4482280e-07
   3.4727068e-07
   3.4787635e-07
   3.5026436e-07
   3.5410226e-07
   3.5493766e-07
   3.5652626e-07
   3.5874082e-07
   3.6068188e-07
   3.6268330e-07
   3.6404538e-07
   3.6468651e-07
   3.6521241e-07
   3.6558401e-07
   3.6791371e-07
   3.6913509e-07
   3.7054699e-07
   3.7203943e-07
   3.7451700e-07
   3.7561187e-07
   3.7840729e-07
   3.7981067e-07
   3.8039396e-07
   3.8150133e-07
   3.8445562e-07
   3.8834556e-07
   4.1758690e-07
   4.1922647e-07
   4.3066541e-07
   4.4730606e-07
   4.5144878e-07
   4.5571835e-07
   4.7114394e-07
   4.8750478e-07
   4.9604795e-07
   5.0011635e-07
   5.0556069e-07
   5.1003015e-07
   5.1463401e-07
   5.2081611e-07
   5.2320789e-07
   5.3289928e-07
   5.3596942e-07
   5.5499351e-07
   5.6457293e-07
   5.7671236e-07
   5.9215077e-07
   5.9391026e-07
   5.9987412e-07
   6.0615765e-07
   6.0936357e-07
   6.1930101e-07
   6.3283345e-07
   6.3542085e-07
   6.4803962e-07
   6.5637892e-07
   6.6980711e-07
   6.7920791e-07
   6.9088322e-07
   6.9596864e-07
   7.0016936e-07
   7.0404277e-07
   7.1106639e-07
   7.2168276e-07
   7.3035437e-07
   7.4521945e-07
   7.5198873e-07
   7.5361054e-07
   7.5841372e-07
   7.6392680e-07
   7.7062642e-07
   7.7615226e-07
   7.9687774e-07
   8.0995160e-07
   8.2266963e-07
   8.2802525e-07
   8.3264288e-07
   8.4849617e-07
   8.6278593e-07
   8.7603325e-07
   8.8738528e-07
   8.9399357e-07
   9.0086335e-07
   9.0909561e-07
   9.1851543e-07
   9.2447287e-07
   9.2906379e-07
   9.3389562e-07
   9.3952473e-07
   9.4815987e-07
   9.5229025e-07
   9.5740404e-07
   9.6601074e-07
   9.7248214e-07
   9.7475767e-07
   9.8244008e-07
   9.8455628e-07
   9.8865221e-07
   9.9222275e-07
   1.0083643e-06
   1.0181574e-06
   1.0243712e-06
   1.0327722e-06
   1.0478062e-06
   1.0525769e-06
   1.0564165e-06
   1.0623677e-06
   1.0670989e-06
   1.0703805e-06
   1.0728091e-06
   1.0769072e-06
   1.0787785e-06
   1.0849150e-06
   1.0954701e-06
   1.1067930e-06
   1.1137250e-06
   1.1225593e-06
   1.1305499e-06
   1.1413719e-06
   1.1483147e-06
   1.1547321e-06
   1.1597942e-06
   1.1731002e-06
   1.1792307e-06
   1.1861470e-06
   1.1941497e-06
   1.2054737e-06
   1.2099871e-06
   1.2141387e-06
   1.2282125e-06
   1.2342266e-06
   1.2423148e-06
   1.2469425e-06
   1.2627431e-06
   1.2680012e-06
   1.2784662e-06
   1.2921696e-06
   1.3021305e-06
   1.3128313e-06
   1.3142434e-06
   1.3255742e-06
   1.3362539e-06
   1.3379870e-06
   1.3425183e-06
   1.3436323e-06
   1.3456992e-06
   1.3486803e-06
   1.3525856e-06
   1.3588851e-06
   1.3639880e-06
   1.3768851e-06
   1.4007229e-06
   1.4085653e-06
   1.4132008e-06
   1.4221898e-06
   1.4327894e-06
   1.4335780e-06
   1.4389159e-06
   1.4493447e-06
   1.4617877e-06
   1.4724041e-06
   1.4874905e-06
   1.4935349e-06
   1.4950534e-06
   1.5040271e-06
   1.5105748e-06
   1.5144393e-06
   1.5234556e-06
   1.5371085e-06
   1.5496071e-06
   1.5603188e-06
   1.5727227e-06
   1.5754129e-06
   1.5796941e-06
   1.5860895e-06
   1.5931048e-06
   1.5960565e-06
   1.6047156e-06
   1.6127877e-06
   1.6157658e-06
   1.6208434e-06
   1.6293914e-06
   1.6349299e-06
   1.6427696e-06
   1.6535461e-06
   1.6763246e-06
   1.6806534e-06
   1.6837860e-06
   1.6912390e-06
   1.6987595e-06
   1.7078870e-06
   1.7150297e-06
   1.7178038e-06
   1.7255858e-06
   1.7315467e-06
   1.7384081e-06
   1.7454398e-06
   1.7481113e-06
   1.7539598e-06
   1.7616578e-06
   1.7804273e-06
   1.7822929e-06
   1.7904782e-06
   1.7933869e-06
   1.8018367e-06
   1.8119436e-06
   1.8165505e-06
   1.8263024e-06
   1.8300381e-06
   1.8357656e-06
   1.8399056e-06
   1.8420760e-06
   1.8450380e-06
   1.8562263e-06
   1.8640888e-06
   1.8667443e-06
   1.8699348e-06
   1.8840498e-06
   1.8954102e-06
   1.9061119e-06
   1.9196693e-06
   1.9313166e-06
   1.9362839e-06
   1.9400405e-06
   1.9448840e-06
   1.9478570e-06
   2.0236503e-06
   2.0628779e-06
   2.0780631e-06
   2.0909580e-06
   2.0985556e-06
   2.1110148e-06
   2.1312936e-06
   2.1584396e-06
   2.1891607e-06
   2.2067776e-06
   2.2196810e-06
   2.2590680e-06
   2.2761657e-06
   2.2972563e-06
   2.3202828e-06
   2.3488692e-06
   2.3640443e-06
   2.3863000e-06
   2.4101108e-06
   2.4240495e-06
   2.4332304e-06
   2.4630490e-06
   2.4815027e-06
   2.5000929e-06
   2.5202070e-06
   2.5491244e-06
   2.5852799e-06
   2.6192578e-06
   2.6324054e-06
   2.6552950e-06
   2.6894740e-06
   2.7081458e-06
   2.7264949e-06
   2.7370156e-06
   2.7521602e-06
   2.7644711e-06
   2.7733980e-06
   2.7867358e-06
   2.7985348e-06
   2.8123135e-06
   2.8421485e-06
   2.8605834e-06
   2.8759156e-06
   2.8949381e-06
   2.9031642e-06
   2.9401647e-06
   2.9749037e-06
   2.9871556e-06
   3.0086158e-06
   3.0188436e-06
   3.0236941e-06
   3.0399949e-06
   3.0553302e-06
   3.0955494e-06
   3.1087193e-06
   3.1206319e-06
   3.1357295e-06
   3.1413199e-06
   3.1491443e-06
   3.1574968e-06
   3.1712156e-06
   3.1880942e-06
   3.2215074e-06
   3.2253279e-06
   3.2443508e-06
   3.2621036e-06
   3.2667358e-06
   3.2924954e-06
   3.3107500e-06
   3.3297045e-06
   3.3510730e-06
   3.3921161e-06
   3.4181982e-06
   3.4422010e-06
   3.4732965e-06
   3.5198510e-06
   3.5349223e-06
   3.5475002e-06
   3.5738069e-06
   3.6021461e-06
   3.6335523e-06
   3.6467445e-06
   3.6693188e-06
   3.6976641e-06
   3.7345395e-06
   3.7594516e-06
   3.7722219e-06
   3.7794624e-06
   3.7969188e-06
   3.8185956e-06
   3.8568784e-06
   3.8861238e-06
   3.9143597e-06
   3.9287573e-06
   3.9577965e-06
   3.9786190e-06
   3.9971719e-06
   4.0140381e-06
   4.0204117e-06
   4.0251648e-06
   4.0447656e-06
   4.0535551e-06
   4.0760648e-06
   4.1190218e-06
   4.1315031e-06
   4.1559006e-06
   4.1762340e-06
   4.1841292e-06
   4.2100195e-06
   4.2274176e-06
   4.2480849e-06
   4.2520356e-06
   4.2769371e-06
   4.2804966e-06
   4.2816645e-06
   4.2889001e-06
   4.3123065e-06
   4.3334569e-06
   4.3465606e-06
   4.3791729e-06
   4.4135530e-06
   4.4393423e-06
   4.4736176e-06
   4.4984648e-06
   4.5232788e-06
   4.5324736e-06
   4.5448811e-06
   4.5482889e-06
   4.5830414e-06
   4.5945956e-06
   4.6137758e-06
   4.6442221e-06
   4.6622488e-06
   4.6955026e-06
   4.7416367e-06
   4.7610443e-06
   4.7699153e-06
   4.7813323e-06
   4.7895853e-06
   4.8013022e-06
   4.8160654e-06
   4.8307296e-06
   4.8577570e-06
   4.8928108e-06
   4.9073670e-06
   4.9123968e-06
   4.9201113e-06
   4.9396023e-06
   4.9484027e-06
   4.9666260e-06
   4.9899368e-06
   5.0180388e-06
   5.0321656e-06
   5.0351190e-06
   5.0419344e-06
   5.0643358e-06
   5.0885714e-06
   5.1106904e-06
   5.1251737e-06
   5.1355451e-06
   5.1635317e-06
   5.1738235e-06
   5.1909604e-06
   5.2060746e-06
   5.2152896e-06
   5.2312958e-06
   5.2410453e-06
   5.2657179e-06
   5.2701667e-06
   5.2867560e-06
   5.2906045e-06
   5.3035891e-06
   5.3142031e-06
   5.3328611e-06
   5.3485067e-06
   5.3755651e-06
   5.3896354e-06
   5.4333549e-06
   5.4588878e-06
   5.4626661e-06
   5.5186861e-06
   5.5578414e-06
   5.5975226e-06
   5.6217698e-06
   5.6284153e-06
   5.6429999e-06
   5.6650051e-06
   5.6826934e-06
   5.6892887e-06
   5.7023943e-06
   5.7151128e-06
   5.7409453e-06
   5.7535566e-06
   5.7822958e-06
   5.7912838e-06
   5.8147020e-06
   5.8440602e-06
   5.8828475e-06
   5.9190591e-06
   5.9311592e-06
   5.9976147e-06
   6.0196795e-06
   6.0483678e-06
   6.0772939e-06
   6.0860636e-06
   6.1010438e-06
   6.1274525e-06
   6.1428398e-06
   6.1628112e-06
   6.1781372e-06
   6.2609010e-06
   6.3077156e-06
   6.3277641e-06
   6.3380602e-06
   6.3609851e-06
   6.4412788e-06
   6.5040066e-06
   6.5416652e-06
   6.5641054e-06
   6.6147582e-06
   6.6469002e-06
   6.7030544e-06
   6.7450584e-06
   6.7842919e-06
   6.7936311e-06
   6.7978356e-06
   6.8381961e-06
   6.8473830e-06
   6.9030843e-06
   6.9276885e-06
   6.9744201e-06
   6.9911724e-06
   7.0264438e-06
   7.0707587e-06
   7.0976448e-06
   7.1139938e-06
   7.1455310e-06
   7.1879001e-06
   7.2371100e-06
   7.2692268e-06
   7.2726351e-06
   7.2999166e-06
   7.3216065e-06
   7.3320493e-06
   7.3426494e-06
   7.3596627e-06
   7.3745533e-06
   7.4181633e-06
   7.4643956e-06
   7.5291098e-06
   7.5468689e-06
   7.5636219e-06
   7.5952140e-06
   7.6162004e-06
   7.6491815e-06
   7.6889431e-06
   7.7579646e-06
   7.8021210e-06
   7.8278086e-06
   7.8526323e-06
   7.8867688e-06
   7.9143907e-06
   7.9698828e-06
   8.0058303e-06
   8.0277997e-06
   8.0575076e-06
   8.0865060e-06
   8.1533738e-06
   8.2028511e-06
   8.2868049e-06
   8.3129119e-06
   8.3392225e-06
   8.3536002e-06
   8.3854238e-06
   8.4161654e-06
   8.4427371e-06
   8.4863126e-06
   8.5214781e-06
   8.5498187e-06
   8.5683224e-06
   8.5894526e-06
   8.6296319e-06
   8.6535884e-06
   8.6607906e-06
   8.6766329e-06
   8.6983992e-06
   8.7035590e-06
   8.7527730e-06
   8.7672638e-06
   8.7787368e-06
   8.7879364e-06
   8.8260172e-06
   8.8562082e-06
   8.8980130e-06
   8.9401971e-06
   8.9908966e-06
   9.0297574e-06
   9.0952904e-06
   9.1644459e-06
   9.2148405e-06
   9.2728706e-06
   9.3006464e-06
   9.3261084e-06
   9.3457404e-06
   9.3675298e-06
   9.3848222e-06
   9.4253223e-06
   9.4536358e-06
   9.4839655e-06
   9.5254035e-06
   9.5607062e-06
   9.5726571e-06
   9.5874947e-06
   9.6008964e-06
   9.6442842e-06
   9.6912242e-06
   9.7186252e-06
   9.7219530e-06
   9.7426350e-06
   9.7758836e-06
   9.8220640e-06
   9.8523478e-06
   9.8899019e-06
   9.9336038e-06
   9.9526297e-06
   9.9546196e-06
   9.9885913e-06
   1.0011790e-05
   1.0049975e-05
   1.0086291e-05
   1.0126473e-05
   1.0166086e-05
   1.0205364e-05
   1.0222747e-05
   1.0238113e-05
   1.0261138e-05
   1.0325622e-05
   1.0371291e-05
   1.0421252e-05
   1.0436569e-05
   1.0470638e-05
   1.0508753e-05
   1.0545333e-05
   1.0604334e-05
   1.0641139e-05
   1.0661478e-05
   1.0730378e-05
   1.0758257e-05
   1.0789168e-05
   1.0817952e-05
   1.0856162e-05
   1.0908787e-05
   1.0952134e-05
   1.0979216e-05
   1.1003330e-05
   1.1066270e-05
   1.1090507e-05
   1.1127863e-05
   1.1178627e-05
   1.1260627e-05
   1.1302308e-05
   1.1305434e-05
   1.1322888e-05
   1.1363258e-05
   1.1382914e-05
   1.1401180e-05
   1.1419685e-05
   1.1446140e-05
   1.1462711e-05
   1.1472798e-05
   1.1483311e-05
   1.1506042e-05
   1.1530983e-05
   1.1601389e-05
   1.1620082e-05
   1.1666424e-05
   1.1710272e-05
   1.1762828e-05
   1.1810691e-05
   1.1850888e-05
   1.1890494e-05
   1.1941546e-05
   1.1988140e-05
   1.2011567e-05
   1.2063769e-05
   1.2085658e-05
   1.2121983e-05
   1.2166134e-05
   1.2191185e-05
   1.2219793e-05
   1.2269545e-05
   1.2273767e-05
   1.2300525e-05
   1.2327765e-05
   1.2388275e-05
   1.2455183e-05
   1.2503791e-05
   1.2570149e-05
   1.2613797e-05
   1.2656695e-05
   1.2716274e-05
   1.2751000e-05
   1.2817294e-05
   1.2854791e-05
   1.2875535e-05
   1.2954416e-05
   1.3036468e-05
   1.3125376e-05
   1.3201498e-05
   1.3321986e-05
   1.3368432e-05
   1.3403246e-05
   1.3436460e-05
   1.3483032e-05
   1.3538519e-05
   1.3596245e-05
   1.3650609e-05
   1.3682843e-05
   1.3703789e-05
   1.3756240e-05
   1.3804183e-05
   1.3868706e-05
   1.3925313e-05
   1.4000442e-05
   1.4050687e-05
   1.4109023e-05
   1.4151997e-05
   1.4214186e-05
   1.4270143e-05
   1.4314839e-05
   1.4372542e-05
   1.4406782e-05
   1.4509508e-05
   1.4530068e-05
   1.4589937e-05
   1.4648400e-05
   1.4678872e-05
   1.4707770e-05
   1.4745359e-05
   1.4782654e-05
   1.4828552e-05
   1.4850255e-05
   1.4940905e-05
   1.5018630e-05
   1.5075229e-05
   1.5111338e-05
   1.5173918e-05
   1.5208408e-05
   1.5292847e-05
   1.5344529e-05
   1.5422402e-05
   1.5456607e-05
   1.5476783e-05
   1.5495473e-05
   1.5525106e-05
   1.5572183e-05
   1.5639962e-05
   1.5664167e-05
   1.5674002e-05
   1.5733720e-05
   1.5852985e-05
   1.5964911e-05
   1.6006778e-05
   1.6055311e-05
   1.6103293e-05
   1.6126026e-05
   1.6153676e-05
   1.6193907e-05
   1.6231870e-05
   1.6293270e-05
   1.6345995e-05
   1.6410486e-05
   1.6445253e-05
   1.6529806e-05
   1.6603029e-05
   1.6637835e-05
   1.6709001e-05
   1.6750857e-05
   1.6799963e-05
   1.6879063e-05
   1.6957578e-05
   1.7017194e-05
   1.7035320e-05
   1.7065174e-05
   1.7149491e-05
   1.7239318e-05
   1.7263629e-05
   1.7286530e-05
   1.7332993e-05
   1.7376176e-05
   1.7411526e-05
   1.7448913e-05
   1.7550153e-05
   1.7596259e-05
   1.7608224e-05
   1.7675901e-05
   1.7708259e-05
   1.7780925e-05
   1.7830273e-05
   1.7877519e-05
   1.8021554e-05
   1.8089135e-05
   1.8117053e-05
   1.8210000e-05
   1.8278586e-05
   1.8358848e-05
   1.8444300e-05
   1.8510491e-05
   1.8597519e-05
   1.8651734e-05
   1.8682690e-05
   1.8748033e-05
   1.8831434e-05
   1.8892559e-05
   1.8920437e-05
   1.9010885e-05
   1.9051308e-05
   1.9137954e-05
   1.9212559e-05
   1.9267268e-05
   1.9344720e-05
   1.9419662e-05
   1.9445550e-05
   1.9500116e-05
   1.9535154e-05
   1.9576552e-05
   1.9639432e-05
   1.9730393e-05
   1.9789911e-05
   1.9897148e-05
   1.9968473e-05
   2.0009578e-05
   2.0042865e-05
   2.0095367e-05
   2.0153999e-05
   2.0227617e-05
   2.0229867e-05
   2.0266713e-05
   2.0290475e-05
   2.0302942e-05
   2.0351394e-05
   2.0416475e-05
   2.0470523e-05
   2.0516645e-05
   2.0599334e-05
   2.0652689e-05
   2.0738962e-05
   2.0789773e-05
   2.0848942e-05
   2.0860505e-05
   2.0888577e-05
   2.0911728e-05
   2.0972714e-05
   2.1035025e-05
   2.1091889e-05
   2.1147022e-05
   2.1176017e-05
   2.1227909e-05
   2.1251200e-05
   2.1340655e-05
   2.1433890e-05
   2.1474747e-05
   2.1484826e-05
   2.1529386e-05
   2.1646284e-05
   2.1726436e-05
   2.1760752e-05
   2.1808834e-05
   2.1869257e-05
   2.1955234e-05
   2.1976404e-05
   2.2006115e-05
   2.2020474e-05
   2.2090272e-05
   2.2182022e-05
   2.2188361e-05
   2.2255090e-05
   2.2330154e-05
   2.2394436e-05
   2.2533471e-05
   2.2590902e-05
   2.2612628e-05
   2.2647088e-05
   2.2673980e-05
   2.2748489e-05
   2.2758796e-05
   2.2841110e-05
   2.2880910e-05
   2.2940422e-05
   2.2966413e-05
   2.2994978e-05
   2.3009490e-05
   2.3096326e-05
   2.3202875e-05
   2.3209195e-05
   2.3301621e-05
   2.3356190e-05
   2.3423402e-05
   2.3522970e-05
   2.3608964e-05
