   1.3115945e-07
   2.9082399e-07
   4.1465487e-07
   5.6026351e-07
   6.9810740e-07
   8.4321376e-07
   1.0022287e-06
   1.1507748e-06
   1.3183086e-06
   1.4742211e-06
   1.5989130e-06
   1.7459695e-06
   1.9127652e-06
   2.0799543e-06
   2.2564835e-06
   2.4066528e-06
   2.5347390e-06
   2.7105264e-06
   2.8134999e-06
   2.9611327e-06
   3.0883441e-06
   3.2449170e-06
   3.3819500e-06
   3.5455335e-06
   3.6972998e-06
   3.8726476e-06
   4.0054568e-06
   4.1230588e-06
   4.2569291e-06
   4.4154992e-06
   4.5579879e-06
   4.7086822e-06
   4.8241366e-06
   4.9903819e-06
   5.0759142e-06
   5.1986109e-06
   5.3423809e-06
   5.4687733e-06
   5.6340475e-06
   5.7279209e-06
   5.8774659e-06
   6.0176867e-06
   6.1672826e-06
   6.3282718e-06
   6.4583653e-06
   6.6015234e-06
   6.7381692e-06
   6.8773778e-06
   7.0063309e-06
   7.1622276e-06
   7.3212747e-06
   7.4474307e-06
   7.6155079e-06
   7.7519987e-06
   7.8842331e-06
   8.0450236e-06
   8.1880988e-06
   8.3339523e-06
   8.4872980e-06
   8.5998018e-06
   8.7201302e-06
   8.8739253e-06
   9.0366382e-06
   9.1870932e-06
   9.3003296e-06
   9.4379647e-06
   9.5796946e-06
   9.7634978e-06
   9.8614282e-06
   1.0019019e-05
   1.0147617e-05
   1.0284814e-05
   1.0428467e-05
   1.0544420e-05
   1.0681409e-05
   1.0811112e-05
   1.0972182e-05
   1.1097919e-05
   1.1247432e-05
   1.1381534e-05
   1.1498823e-05
   1.1653168e-05
   1.1814145e-05
   1.1953961e-05
   1.2137713e-05
   1.2291200e-05
   1.2439683e-05
   1.2589830e-05
   1.2754690e-05
   1.2870213e-05
   1.3017914e-05
   1.3166252e-05
   1.3344889e-05
   1.3463460e-05
   1.3627248e-05
   1.3717347e-05
   1.3889976e-05
   1.4042537e-05
   1.4158633e-05
   1.4295173e-05
   1.4480899e-05
   1.4614081e-05
   1.4780467e-05
   1.4899424e-05
   1.4993726e-05
   1.5133769e-05
   1.5302539e-05
   1.5487483e-05
   1.5631849e-05
   1.5785185e-05
   1.5947763e-05
   1.6100136e-05
   1.6246425e-05
   1.6443760e-05
   1.6617391e-05
   1.6745090e-05
   1.6873888e-05
   1.7013979e-05
   1.7162675e-05
   1.7304711e-05
   1.7452577e-05
   1.7575440e-05
   1.7668293e-05
   1.7808130e-05
   1.7939050e-05
   1.8066187e-05
   1.8216022e-05
   1.8410786e-05
   1.8548611e-05
   1.8696025e-05
   1.8855849e-05
   1.8943759e-05
   1.9113366e-05
   1.9244348e-05
   1.9382065e-05
   1.9505951e-05
   1.9676910e-05
   1.9797959e-05
   1.9934170e-05
   2.0049932e-05
   2.0197336e-05
   2.0334786e-05
   2.0453635e-05
   2.0563512e-05
   2.0705450e-05
   2.0818929e-05
   2.0960678e-05
   2.1072013e-05
   2.1201166e-05
   2.1311179e-05
   2.1420012e-05
   2.1554067e-05
   2.1710430e-05
   2.1846403e-05
   2.1985843e-05
   2.2082821e-05
   2.2243581e-05
   2.2360278e-05
   2.2489048e-05
   2.2594483e-05
   2.2755605e-05
   2.2882767e-05
   2.3021919e-05
   2.3185460e-05
   2.3321161e-05
   2.3439981e-05
   2.3585356e-05
   2.3754424e-05
   2.3854414e-05
   2.3943425e-05
   2.4091650e-05
   2.4220571e-05
   2.4326482e-05
   2.4487675e-05
   2.4611645e-05
   2.4784980e-05
   2.4942283e-05
   2.5068774e-05
   2.5234201e-05
   2.5372167e-05
   2.5522059e-05
   2.5640901e-05
   2.5765972e-05
   2.5895069e-05
   2.6052484e-05
   2.6195402e-05
   2.6351886e-05
   2.6498827e-05
   2.6634738e-05
   2.6768582e-05
   2.6890486e-05
   2.6999695e-05
   2.7158914e-05
   2.7288372e-05
   2.7449806e-05
   2.7577831e-05
   2.7708882e-05
   2.7827542e-05
   2.7923573e-05
   2.8096750e-05
   2.8700843e-05
   2.9302969e-05
   3.0067392e-05
   3.0671806e-05
   3.1267283e-05
   3.1990765e-05
   3.2386904e-05
   3.3114438e-05
   3.3698279e-05
   3.4390083e-05
   3.4892387e-05
   3.5444873e-05
   3.5950778e-05
   3.6625587e-05
   3.7300379e-05
   3.7843322e-05
   3.8292727e-05
   3.9059128e-05
   3.9651161e-05
   4.0412306e-05
   4.0831651e-05
   4.1224485e-05
   4.1687358e-05
   4.2308701e-05
   4.2850745e-05
   4.3322172e-05
   4.3889551e-05
   4.4410406e-05
   4.5052250e-05
   4.5593666e-05
   4.6125625e-05
   4.6574567e-05
   4.7094773e-05
   4.7689468e-05
   4.8311099e-05
   4.8972127e-05
   4.9582409e-05
   5.0095066e-05
   5.0817506e-05
   5.1218865e-05
   5.1744101e-05
   5.2164415e-05
   5.2703782e-05
   5.3342502e-05
   5.3985271e-05
   5.4803948e-05
   5.5211305e-05
   5.5662750e-05
   5.6233487e-05
   5.6891532e-05
   5.7415520e-05
   5.7971474e-05
   5.8681113e-05
   5.9256890e-05
   5.9817514e-05
   6.0476328e-05
   6.0998654e-05
   6.1747400e-05
   6.2246250e-05
   6.2876064e-05
   6.3383504e-05
   6.3919883e-05
   6.4417701e-05
   6.5016347e-05
   6.5555321e-05
   6.6196713e-05
   6.6914224e-05
   6.7406927e-05
   6.7919443e-05
   6.8389775e-05
   6.8923355e-05
   6.9517428e-05
   7.0177879e-05
   7.0765412e-05
   7.1395011e-05
   7.1926589e-05
   7.2535889e-05
   7.3190020e-05
   7.3847956e-05
   7.4483469e-05
   7.5216386e-05
   7.5775422e-05
   7.6419935e-05
   7.7035109e-05
   7.7532485e-05
   7.8108528e-05
   7.8590151e-05
   7.9104662e-05
   7.9564045e-05
   8.0229929e-05
   8.0950034e-05
   8.1656767e-05
   8.2094297e-05
   8.2791364e-05
   8.3374931e-05
   8.4087412e-05
   8.4581513e-05
   8.4999931e-05
   8.5567304e-05
   8.6131398e-05
   8.6624752e-05
   8.7133322e-05
   8.7679454e-05
   8.8170512e-05
   8.8579118e-05
   8.9102273e-05
   8.9629091e-05
   9.0269613e-05
   9.0901251e-05
   9.1442241e-05
   9.2032902e-05
   9.2651299e-05
   9.3253551e-05
   9.3913894e-05
   9.4336228e-05
   9.4860861e-05
   9.5419022e-05
   9.5907848e-05
   9.6436106e-05
   9.7028927e-05
   9.7758105e-05
   9.8280822e-05
   9.8780712e-05
   9.9373375e-05
   9.9995763e-05
   1.0063812e-04
   1.0111718e-04
   1.0161203e-04
   1.0219445e-04
   1.0257466e-04
   1.0295083e-04
   1.0352555e-04
   1.0397335e-04
   1.0450162e-04
   1.0516988e-04
   1.0552185e-04
   1.0605813e-04
   1.0658152e-04
   1.0693192e-04
   1.0736351e-04
   1.0780759e-04
   1.0847585e-04
   1.0893856e-04
   1.0949927e-04
   1.1011058e-04
   1.1067645e-04
   1.1122852e-04
   1.1182227e-04
   1.1231465e-04
   1.1281988e-04
   1.1336703e-04
   1.1388982e-04
   1.1460335e-04
   1.1542429e-04
   1.1610054e-04
   1.1650066e-04
   1.1704141e-04
   1.1761229e-04
   1.1815381e-04
   1.1874186e-04
   1.1933707e-04
   1.2002982e-04
   1.2054472e-04
   1.2103841e-04
   1.2149609e-04
   1.2215993e-04
   1.2273733e-04
   1.2348685e-04
   1.2402381e-04
   1.2452820e-04
   1.2521422e-04
   1.2584627e-04
   1.2625559e-04
   1.2679669e-04
   1.2747377e-04
   1.2810245e-04
   1.2864013e-04
   1.2917486e-04
   1.2966564e-04
   1.3024287e-04
   1.3080279e-04
   1.3126856e-04
   1.3181542e-04
   1.3245429e-04
   1.3297719e-04
   1.3354709e-04
   1.3422780e-04
   1.3473974e-04
   1.3516724e-04
   1.3568542e-04
   1.3636684e-04
   1.3691735e-04
   1.3763182e-04
   1.3814268e-04
   1.3861266e-04
   1.3905968e-04
   1.3963095e-04
   1.4025559e-04
   1.4072263e-04
   1.4117552e-04
   1.4253790e-04
   1.4407087e-04
   1.4533777e-04
   1.4678687e-04
   1.4792208e-04
   1.4901791e-04
   1.5047105e-04
   1.5198632e-04
   1.5292230e-04
   1.5416716e-04
   1.5508165e-04
   1.5682088e-04
   1.5833055e-04
   1.5956955e-04
   1.6104511e-04
   1.6226522e-04
   1.6328289e-04
   1.6466631e-04
   1.6588065e-04
   1.6700451e-04
   1.6813737e-04
   1.6995016e-04
   1.7134958e-04
   1.7274007e-04
   1.7405127e-04
   1.7570754e-04
   1.7663597e-04
   1.7806961e-04
   1.7944656e-04
   1.8030003e-04
   1.8175553e-04
   1.8322309e-04
   1.8430788e-04
   1.8553263e-04
   1.8667016e-04
   1.8766001e-04
   1.8895457e-04
   1.9013705e-04
   1.9117677e-04
   1.9260811e-04
   1.9380617e-04
   1.9492434e-04
   1.9640286e-04
   1.9780743e-04
   1.9945841e-04
   2.0042487e-04
   2.0221075e-04
   2.0350927e-04
   2.0445904e-04
   2.0561749e-04
   2.0693152e-04
   2.0821128e-04
   2.0945171e-04
   2.1058598e-04
   2.1182720e-04
   2.1343966e-04
   2.1452548e-04
   2.1552286e-04
   2.1681002e-04
   2.1819554e-04
   2.1915106e-04
   2.2047998e-04
   2.2156218e-04
   2.2266409e-04
   2.2416782e-04
   2.2536101e-04
   2.2661034e-04
   2.2740914e-04
   2.2855714e-04
   2.2967967e-04
   2.3106451e-04
   2.3265426e-04
   2.3376435e-04
   2.3499518e-04
   2.3600054e-04
   2.3752816e-04
   2.3887681e-04
   2.4013701e-04
   2.4107263e-04
   2.4204932e-04
   2.4338423e-04
   2.4458470e-04
   2.4584459e-04
   2.4696563e-04
   2.4829169e-04
   2.4924806e-04
   2.5058499e-04
   2.5164915e-04
   2.5307854e-04
   2.5449625e-04
   2.5557653e-04
   2.5673739e-04
   2.5795826e-04
   2.5875080e-04
   2.6012105e-04
   2.6133165e-04
   2.6275204e-04
   2.6408437e-04
   2.6519416e-04
   2.6662620e-04
   2.6786419e-04
   2.6908918e-04
   2.7067186e-04
   2.7164027e-04
   2.7296373e-04
   2.7406627e-04
   2.7530082e-04
   2.7679901e-04
   2.7845026e-04
   2.7974902e-04
   2.8106180e-04
   2.8225466e-04
   2.8341561e-04
   2.8466247e-04
   2.8589790e-04
   2.8701449e-04
   2.8813894e-04
   2.8943674e-04
   2.9047354e-04
   2.9181030e-04
   2.9328992e-04
   2.9488347e-04
   2.9576906e-04
   2.9698506e-04
   2.9832938e-04
   2.9969185e-04
   3.0086752e-04
   3.0212974e-04
   3.0336602e-04
   3.0477808e-04
   3.0605853e-04
   3.0760502e-04
   3.0902004e-04
   3.1012954e-04
   3.1159447e-04
   3.1284102e-04
   3.1397647e-04
   3.1530039e-04
   3.1667321e-04
   3.1792809e-04
   3.1901711e-04
   3.2023983e-04
   3.2169904e-04
   3.2264502e-04
   3.2373462e-04
   3.2469039e-04
   3.2584390e-04
   3.2712513e-04
   3.2811346e-04
   3.2930886e-04
   3.3094228e-04
   3.3203983e-04
   3.3346026e-04
   3.3463987e-04
   3.3599997e-04
   3.3731882e-04
   3.3858416e-04
   3.3968643e-04
   3.4111989e-04
   3.4240489e-04
   3.4398139e-04
   3.4506214e-04
   3.4628322e-04
   3.4758913e-04
   3.4864782e-04
   3.4974247e-04
   3.5109045e-04
   3.5188126e-04
   3.5286648e-04
   3.5416282e-04
   3.5520186e-04
   3.5628924e-04
   3.5743864e-04
   3.5853523e-04
   3.5961242e-04
   3.6065735e-04
   3.6157327e-04
   3.6286600e-04
   3.6374925e-04
   3.6468490e-04
   3.6607555e-04
   3.6756541e-04
   3.6885094e-04
   3.6996237e-04
   3.7120838e-04
   3.7234629e-04
   3.7400900e-04
   3.7538116e-04
   3.7680504e-04
   3.7806960e-04
   3.7928733e-04
   3.8076111e-04
   3.8208633e-04
   3.8342194e-04
   3.8471135e-04
   3.8576512e-04
   3.8704586e-04
   3.8850405e-04
   3.8982509e-04
   3.9105055e-04
   3.9341719e-04
   3.9514062e-04
   3.9717054e-04
   3.9981100e-04
   4.0243139e-04
   4.0497678e-04
   4.0729323e-04
   4.1011947e-04
   4.1211808e-04
   4.1455587e-04
   4.1746439e-04
   4.1940565e-04
   4.2144253e-04
   4.2320567e-04
   4.2592194e-04
   4.2773260e-04
   4.3056323e-04
   4.3268512e-04
   4.3469319e-04
   4.3649743e-04
   4.3885511e-04
   4.4116877e-04
   4.4252128e-04
   4.4493556e-04
   4.4681988e-04
   4.4841847e-04
   4.5129828e-04
   4.5436095e-04
   4.5637635e-04
   4.5859507e-04
   4.6046069e-04
   4.6275401e-04
   4.6434031e-04
   4.6687659e-04
   4.6946722e-04
   4.7168130e-04
   4.7393888e-04
   4.7582090e-04
   4.7849411e-04
   4.8070435e-04
   4.8295367e-04
   4.8502797e-04
   4.8712897e-04
   4.8876149e-04
   4.9036123e-04
   4.9263065e-04
   4.9437720e-04
   4.9722563e-04
   4.9916991e-04
   5.0170797e-04
   5.0368293e-04
   5.0579988e-04
   5.0782717e-04
   5.0997013e-04
   5.1184831e-04
   5.1337831e-04
   5.1651453e-04
   5.1822312e-04
   5.2052354e-04
   5.2240677e-04
   5.2451635e-04
   5.2588995e-04
   5.2841360e-04
   5.3047169e-04
   5.3249954e-04
   5.3474974e-04
   5.3687571e-04
   5.3888957e-04
   5.4143007e-04
   5.4340037e-04
   5.4524492e-04
   5.4721807e-04
   5.4906547e-04
   5.5148967e-04
   5.5386258e-04
   5.5590186e-04
   5.5789044e-04
   5.6028507e-04
   5.6234512e-04
   5.6388832e-04
   5.6556663e-04
   5.6761732e-04
   5.6953787e-04
   5.7134872e-04
   5.7385028e-04
   5.7671913e-04
   5.7919307e-04
   5.8079667e-04
   5.8291121e-04
   5.8545288e-04
   5.8748504e-04
   5.9038207e-04
   5.9347881e-04
   5.9571971e-04
   5.9830529e-04
   5.9991529e-04
   6.0265148e-04
   6.0449709e-04
   6.0702233e-04
   6.0897828e-04
   6.1202548e-04
   6.1473008e-04
   6.1687512e-04
   6.1908274e-04
   6.2178686e-04
   6.2434592e-04
   6.2591840e-04
   6.2841131e-04
   6.3082814e-04
   6.3267353e-04
   6.3487941e-04
   6.3704059e-04
   6.3908414e-04
   6.4150710e-04
   6.4355936e-04
   6.4591891e-04
   6.4777510e-04
   6.4965750e-04
   6.5212254e-04
   6.5417242e-04
   6.5693711e-04
   6.5914483e-04
   6.6089105e-04
   6.6335989e-04
   6.6616472e-04
   6.6887661e-04
   6.7087839e-04
   6.7307135e-04
   6.7476582e-04
   6.7693652e-04
   6.7889004e-04
   6.8139780e-04
   6.8342276e-04
   6.8576237e-04
   6.8794402e-04
   6.9043562e-04
   6.9176488e-04
   6.9430261e-04
   6.9616263e-04
   6.9813618e-04
   7.0053199e-04
   7.0283797e-04
   7.0408176e-04
   7.0650490e-04
   7.0843356e-04
   7.1081811e-04
   7.1287139e-04
   7.1542539e-04
   7.1768486e-04
   7.1950060e-04
   7.2202729e-04
   7.2395854e-04
   7.2622178e-04
   7.2859820e-04
   7.3061296e-04
   7.3314624e-04
   7.3518883e-04
   7.3724075e-04
   7.3913835e-04
   7.4132461e-04
   7.4364470e-04
   7.4579082e-04
   7.4779037e-04
   7.4952711e-04
   7.5120095e-04
   7.5372520e-04
   7.5651995e-04
   7.5861568e-04
   7.6109002e-04
   7.6310677e-04
   7.6518304e-04
   7.6763197e-04
   7.6944828e-04
   7.7135615e-04
   7.7366995e-04
   7.7544834e-04
   7.7753940e-04
   7.8001633e-04
   7.8167650e-04
   7.8370049e-04
   7.8567806e-04
   7.8777590e-04
   7.9033597e-04
   7.9288874e-04
   7.9485774e-04
   7.9659460e-04
   7.9832555e-04
   8.0062447e-04
   8.0203038e-04
   8.0358039e-04
   8.0581737e-04
   8.0788787e-04
   8.0952059e-04
   8.1191993e-04
   8.1311191e-04
   8.1561701e-04
   8.1759453e-04
   8.1982017e-04
   8.2190605e-04
   8.2421179e-04
   8.2771630e-04
   8.3163165e-04
   8.3456871e-04
   8.3807569e-04
   8.4167233e-04
   8.4446011e-04
   8.4794276e-04
   8.5218764e-04
   8.5600904e-04
   8.5850168e-04
   8.6154376e-04
   8.6485452e-04
   8.6853639e-04
   8.7108760e-04
   8.7413739e-04
   8.7786975e-04
   8.8068727e-04
   8.8280548e-04
   8.8504814e-04
   8.8848959e-04
   8.9154022e-04
   8.9508566e-04
   8.9892280e-04
   9.0245428e-04
   9.0565508e-04
   9.0861325e-04
   9.1127248e-04
   9.1454680e-04
   9.1704902e-04
   9.2066101e-04
   9.2355544e-04
   9.2687860e-04
   9.3082383e-04
   9.3422281e-04
   9.3748757e-04
   9.4082770e-04
   9.4355297e-04
   9.4633856e-04
   9.4974435e-04
   9.5229009e-04
   9.5542013e-04
   9.5896834e-04
   9.6264981e-04
   9.6546492e-04
   9.6882935e-04
   9.7156265e-04
   9.7600276e-04
   9.8007982e-04
   9.8396841e-04
   9.8741412e-04
   9.9121320e-04
   9.9508188e-04
   9.9858352e-04
   1.0016587e-03
   1.0058316e-03
   1.0098015e-03
   1.0122578e-03
   1.0153462e-03
   1.0188004e-03
   1.0222254e-03
   1.0264047e-03
   1.0287053e-03
   1.0319745e-03
   1.0348818e-03
   1.0385856e-03
   1.0418609e-03
   1.0448146e-03
   1.0479984e-03
   1.0522900e-03
   1.0557843e-03
   1.0605819e-03
   1.0635441e-03
   1.0677685e-03
   1.0702187e-03
   1.0731626e-03
   1.0761617e-03
   1.0790724e-03
   1.0822810e-03
   1.0855324e-03
   1.0895448e-03
   1.0930578e-03
   1.0957952e-03
   1.0987561e-03
   1.1019198e-03
   1.1052860e-03
   1.1086507e-03
   1.1115912e-03
   1.1136230e-03
   1.1161871e-03
   1.1189914e-03
   1.1218321e-03
   1.1252484e-03
   1.1280968e-03
   1.1318882e-03
   1.1352387e-03
   1.1378236e-03
   1.1409051e-03
   1.1446451e-03
   1.1479188e-03
   1.1520297e-03
   1.1552992e-03
   1.1596209e-03
   1.1630052e-03
   1.1668495e-03
   1.1707140e-03
   1.1738096e-03
   1.1770206e-03
   1.1814981e-03
   1.1845315e-03
   1.1869277e-03
   1.1902816e-03
   1.1932612e-03
   1.1971985e-03
   1.1997820e-03
   1.2018420e-03
   1.2048946e-03
   1.2074303e-03
   1.2113834e-03
   1.2143158e-03
   1.2183260e-03
   1.2213501e-03
   1.2249592e-03
   1.2280148e-03
   1.2311115e-03
   1.2346369e-03
   1.2382639e-03
   1.2422543e-03
   1.2449112e-03
   1.2477227e-03
   1.2514797e-03
   1.2541253e-03
   1.2563281e-03
   1.2589529e-03
   1.2626331e-03
   1.2648663e-03
   1.2682603e-03
   1.2719578e-03
   1.2752008e-03
   1.2781812e-03
   1.2810871e-03
   1.2839326e-03
   1.2870052e-03
   1.2905939e-03
   1.2935266e-03
   1.2964268e-03
   1.3001563e-03
   1.3031125e-03
   1.3063641e-03
   1.3083754e-03
   1.3107501e-03
   1.3141229e-03
   1.3180316e-03
   1.3209988e-03
   1.3243603e-03
   1.3277508e-03
   1.3316703e-03
   1.3356570e-03
   1.3381985e-03
   1.3405207e-03
   1.3450043e-03
   1.3473438e-03
   1.3506521e-03
   1.3544478e-03
   1.3580666e-03
   1.3609053e-03
   1.3640872e-03
   1.3674821e-03
   1.3698224e-03
   1.3725459e-03
   1.3753714e-03
   1.3785486e-03
   1.3825475e-03
   1.3859832e-03
   1.3893209e-03
   1.3933634e-03
   1.3977952e-03
   1.4016139e-03
   1.4059428e-03
   1.4097017e-03
   1.4129626e-03
   1.4158009e-03
   1.4191568e-03
   1.4223758e-03
   1.4256310e-03
   1.4290114e-03
   1.4316145e-03
   1.4349835e-03
   1.4381306e-03
   1.4417665e-03
   1.4448688e-03
   1.4481934e-03
   1.4520935e-03
   1.4540625e-03
   1.4583247e-03
   1.4625926e-03
   1.4649246e-03
   1.4673417e-03
   1.4706838e-03
   1.4732763e-03
   1.4767704e-03
