   4.9340283e-05
   1.1435339e-04
   1.5795563e-04
   1.9320954e-04
   2.4328589e-04
   2.8439122e-04
   3.2613653e-04
   3.4766338e-04
   3.7910864e-04
   4.3362015e-04
   4.7942732e-04
   5.0759754e-04
   5.5818786e-04
   6.1034698e-04
   6.7141334e-04
   7.0114737e-04
   7.4156808e-04
   8.0197650e-04
   8.3596004e-04
   8.6098459e-04
   9.2548970e-04
   9.9839120e-04
   1.0399959e-03
   1.0936164e-03
   1.1126875e-03
   1.1614065e-03
   1.1909740e-03
   1.2117681e-03
   1.2543287e-03
   1.2960782e-03
   1.3459662e-03
   1.3953125e-03
   1.4480439e-03
   1.5079928e-03
   1.5507662e-03
   1.5956819e-03
   1.6274584e-03
   1.6627570e-03
   1.7224536e-03
   1.7784180e-03
   1.7934065e-03
   1.8538365e-03
   1.9068349e-03
   1.9712839e-03
   2.0048659e-03
   2.0217448e-03
   2.0625167e-03
   2.1059412e-03
   2.1383548e-03
   2.1944677e-03
   2.2550489e-03
   2.3036026e-03
   2.3330042e-03
   2.3604252e-03
   2.3858623e-03
   2.4270272e-03
   2.4769388e-03
   2.5316991e-03
   2.5920641e-03
   2.6566322e-03
   2.7217134e-03
   2.7467188e-03
   2.7704596e-03
   2.8174299e-03
   2.8358223e-03
   2.8861368e-03
   2.9323955e-03
   2.9908519e-03
   3.0533627e-03
   3.1084335e-03
   3.1578213e-03
   3.2059156e-03
   3.2588852e-03
   3.2948211e-03
   3.3382080e-03
   3.3730490e-03
   3.4073448e-03
   3.4353125e-03
   3.4668260e-03
   3.4869317e-03
   3.5317663e-03
   3.5645332e-03
   3.6009338e-03
   3.6604727e-03
   3.7108270e-03
   3.7477034e-03
   3.7745138e-03
   3.8084955e-03
   3.8539859e-03
   3.9202126e-03
   3.9333801e-03
   3.9765221e-03
   4.0332431e-03
   4.0666103e-03
   4.1204020e-03
   4.1759520e-03
   4.1912317e-03
   4.2331748e-03
   4.2574087e-03
   4.2915462e-03
   4.3450622e-03
   4.3913580e-03
   4.4367572e-03
   4.4629087e-03
   4.5063464e-03
   4.5585480e-03
   4.5989036e-03
   4.6635753e-03
   4.7239455e-03
   4.7757212e-03
   4.8163657e-03
   4.8534763e-03
   4.8899185e-03
   4.9309351e-03
   4.9910854e-03
   5.0376368e-03
   5.0699485e-03
   5.0956890e-03
   5.1372061e-03
   5.1609510e-03
   5.1885529e-03
   5.2131039e-03
   5.2514591e-03
   5.2979160e-03
   5.3386997e-03
   5.3545931e-03
   5.3917314e-03
   5.4389992e-03
   5.4626956e-03
   5.5036380e-03
   5.5577656e-03
   5.6122124e-03
   5.6504982e-03
   5.6894651e-03
   5.7206976e-03
   5.7658604e-03
   5.8085869e-03
   5.8363412e-03
   5.8817046e-03
   5.9208497e-03
   5.9750570e-03
   6.0203291e-03
   6.0699324e-03
   6.1124520e-03
   6.1652924e-03
   6.2237958e-03
   6.2636632e-03
   6.3057148e-03
   6.3454276e-03
   6.3795512e-03
   6.4337619e-03
   6.4952569e-03
   6.5437454e-03
   6.5795176e-03
   6.6212830e-03
   6.6686155e-03
   6.7010163e-03
   6.7270091e-03
   6.7640338e-03
   6.8255145e-03
   6.8656307e-03
   6.9085444e-03
   6.9565259e-03
   7.0030621e-03
   7.0344776e-03
   7.0765331e-03
   7.1128720e-03
   7.1579119e-03
   7.1718877e-03
   7.2253109e-03
   7.2984449e-03
   7.3382545e-03
   7.3780986e-03
   7.4185620e-03
   7.4680381e-03
   7.4926485e-03
   7.5415158e-03
   7.6034665e-03
   7.6323698e-03
   7.6722271e-03
   7.7192862e-03
   7.7633436e-03
   7.8080808e-03
   7.8449873e-03
   7.8703079e-03
   7.8932402e-03
   7.9125171e-03
   7.9607841e-03
   7.9957325e-03
   8.0333076e-03
   8.0719398e-03
   8.1217150e-03
   8.1548037e-03
   8.2076754e-03
   8.2451372e-03
   8.2692886e-03
   8.3025658e-03
   8.3569192e-03
   8.4192886e-03
   8.5902896e-03
   8.6307812e-03
   8.7377342e-03
   8.8667328e-03
   8.9310968e-03
   8.9964387e-03
   9.1206385e-03
   9.2485480e-03
   9.3409773e-03
   9.4047613e-03
   9.4785471e-03
   9.5454011e-03
   9.6132528e-03
   9.6918791e-03
   9.7407850e-03
   9.8392299e-03
   9.8946387e-03
   1.0032567e-02
   1.0130441e-02
   1.0240620e-02
   1.0364872e-02
   1.0406818e-02
   1.0484044e-02
   1.0563312e-02
   1.0619933e-02
   1.0719620e-02
   1.0835949e-02
   1.0886816e-02
   1.0999149e-02
   1.1090469e-02
   1.1206349e-02
   1.1303306e-02
   1.1411359e-02
   1.1482671e-02
   1.1547484e-02
   1.1609721e-02
   1.1693528e-02
   1.1796563e-02
   1.1889685e-02
   1.2011607e-02
   1.2093883e-02
   1.2134155e-02
   1.2203460e-02
   1.2277710e-02
   1.2359561e-02
   1.2433897e-02
   1.2577860e-02
   1.2692201e-02
   1.2804976e-02
   1.2878158e-02
   1.2946111e-02
   1.3072021e-02
   1.3191561e-02
   1.3306658e-02
   1.3413203e-02
   1.3494495e-02
   1.3577379e-02
   1.3668111e-02
   1.3765166e-02
   1.3842351e-02
   1.3910107e-02
   1.3979619e-02
   1.4054646e-02
   1.4147572e-02
   1.4211840e-02
   1.4283350e-02
   1.4376123e-02
   1.4456568e-02
   1.4504270e-02
   1.4591919e-02
   1.4637922e-02
   1.4701921e-02
   1.4761675e-02
   1.4888725e-02
   1.4987685e-02
   1.5066512e-02
   1.5158169e-02
   1.5280782e-02
   1.5349853e-02
   1.5411817e-02
   1.5488961e-02
   1.5557745e-02
   1.5615030e-02
   1.5664311e-02
   1.5728328e-02
   1.5771585e-02
   1.5849921e-02
   1.5952659e-02
   1.6059068e-02
   1.6142327e-02
   1.6236318e-02
   1.6325708e-02
   1.6429737e-02
   1.6513061e-02
   1.6593169e-02
   1.6664318e-02
   1.6779669e-02
   1.6857967e-02
   1.6941131e-02
   1.7030589e-02
   1.7137003e-02
   1.7204185e-02
   1.7268618e-02
   1.7387251e-02
   1.7464801e-02
   1.7554736e-02
   1.7622763e-02
   1.7748464e-02
   1.7820976e-02
   1.7923275e-02
   1.8040337e-02
   1.8140141e-02
   1.8243585e-02
   1.8281163e-02
   1.8387609e-02
   1.8490952e-02
   1.8532582e-02
   1.8599897e-02
   1.8633274e-02
   1.8678737e-02
   1.8733336e-02
   1.8795829e-02
   1.8875198e-02
   1.8946633e-02
   1.9060198e-02
   1.9214593e-02
   1.9303150e-02
   1.9371235e-02
   1.9466045e-02
   1.9569000e-02
   1.9597082e-02
   1.9670143e-02
   1.9772264e-02
   1.9883812e-02
   1.9986848e-02
   2.0109675e-02
   2.0187421e-02
   2.0226389e-02
   2.0321118e-02
   2.0402036e-02
   2.0464201e-02
   2.0559155e-02
   2.0676001e-02
   2.0787798e-02
   2.0891295e-02
   2.1002668e-02
   2.1054536e-02
   2.1119966e-02
   2.1199937e-02
   2.1283695e-02
   2.1338024e-02
   2.1431079e-02
   2.1520924e-02
   2.1575496e-02
   2.1646752e-02
   2.1739208e-02
   2.1813629e-02
   2.1902171e-02
   2.2005981e-02
   2.2156907e-02
   2.2222700e-02
   2.2278670e-02
   2.2365000e-02
   2.2451722e-02
   2.2547260e-02
   2.2631774e-02
   2.2684443e-02
   2.2772659e-02
   2.2849866e-02
   2.2932700e-02
   2.3016555e-02
   2.3068242e-02
   2.3144717e-02
   2.3232455e-02
   2.3369457e-02
   2.3412650e-02
   2.3503123e-02
   2.3557055e-02
   2.3648977e-02
   2.3749511e-02
   2.3817384e-02
   2.3916136e-02
   2.3977256e-02
   2.4052937e-02
   2.4117279e-02
   2.4163868e-02
   2.4218292e-02
   2.4324067e-02
   2.4412737e-02
   2.4464269e-02
   2.4520754e-02
   2.4639561e-02
   2.4746146e-02
   2.4849595e-02
   2.4966031e-02
   2.5073953e-02
   2.5144433e-02
   2.5205724e-02
   2.5275319e-02
   2.5329844e-02
   2.5605150e-02
   2.5803209e-02
   2.5926438e-02
   2.6039993e-02
   2.6127158e-02
   2.6238778e-02
   2.6381182e-02
   2.6545943e-02
   2.6721217e-02
   2.6853945e-02
   2.6967539e-02
   2.7166000e-02
   2.7296759e-02
   2.7441985e-02
   2.7593729e-02
   2.7762804e-02
   2.7885992e-02
   2.8035175e-02
   2.8189483e-02
   2.8307545e-02
   2.8403362e-02
   2.8576043e-02
   2.8711887e-02
   2.8848233e-02
   2.8990057e-02
   2.9160109e-02
   2.9350254e-02
   2.9534585e-02
   2.9649248e-02
   2.9800541e-02
   2.9985417e-02
   3.0122062e-02
   3.0257521e-02
   3.0360091e-02
   3.0483154e-02
   3.0594109e-02
   3.0688592e-02
   3.0804081e-02
   3.0912704e-02
   3.1030087e-02
   3.1202815e-02
   3.1338590e-02
   3.1462413e-02
   3.1600335e-02
   3.1691033e-02
   3.1883388e-02
   3.2069772e-02
   3.2180461e-02
   3.2326954e-02
   3.2428086e-02
   3.2497732e-02
   3.2625407e-02
   3.2749242e-02
   3.2949789e-02
   3.3064550e-02
   3.3173694e-02
   3.3296567e-02
   3.3371335e-02
   3.3459791e-02
   3.3551183e-02
   3.3668311e-02
   3.3798228e-02
   3.3981021e-02
   3.4042831e-02
   3.4180755e-02
   3.4313994e-02
   3.4382055e-02
   3.4542552e-02
   3.4677662e-02
   3.4815337e-02
   3.4961517e-02
   3.5164108e-02
   3.5325608e-02
   3.5480536e-02
   3.5656875e-02
   3.5872640e-02
   3.5995405e-02
   3.6107557e-02
   3.6269750e-02
   3.6438092e-02
   3.6615310e-02
   3.6730168e-02
   3.6880415e-02
   3.7048776e-02
   3.7240806e-02
   3.7398641e-02
   3.7511647e-02
   3.7596738e-02
   3.7728861e-02
   3.7876091e-02
   3.8071751e-02
   3.8242764e-02
   3.8410799e-02
   3.8530789e-02
   3.8701198e-02
   3.8845498e-02
   3.8981707e-02
   3.9111577e-02
   3.9191412e-02
   3.9260354e-02
   3.9400357e-02
   3.9494110e-02
   3.9644142e-02
   3.9851403e-02
   3.9963123e-02
   4.0119319e-02
   4.0261915e-02
   4.0350770e-02
   4.0511675e-02
   4.0643576e-02
   4.0787338e-02
   4.0850192e-02
   4.1007994e-02
   4.1067656e-02
   4.1101830e-02
   4.1186892e-02
   4.1339884e-02
   4.1485316e-02
   4.1599787e-02
   4.1780376e-02
   4.1965794e-02
   4.2126385e-02
   4.2311521e-02
   4.2469151e-02
   4.2626675e-02
   4.2722565e-02
   4.2833954e-02
   4.2892330e-02
   4.3078751e-02
   4.3186241e-02
   4.3324734e-02
   4.3499222e-02
   4.3633486e-02
   4.3815842e-02
   4.4030630e-02
   4.4169942e-02
   4.4264128e-02
   4.4370978e-02
   4.4461824e-02
   4.4570069e-02
   4.4691573e-02
   4.4812669e-02
   4.4977069e-02
   4.5164295e-02
   4.5284944e-02
   4.5355866e-02
   4.5443698e-02
   4.5583308e-02
   4.5677118e-02
   4.5812112e-02
   4.5964791e-02
   4.6132427e-02
   4.6251284e-02
   4.6305628e-02
   4.6388184e-02
   4.6537855e-02
   4.6693533e-02
   4.6842257e-02
   4.6962604e-02
   4.7064444e-02
   4.7231736e-02
   4.7333184e-02
   4.7464092e-02
   4.7587032e-02
   4.7683027e-02
   4.7809542e-02
   4.7908282e-02
   4.8065357e-02
   4.8132057e-02
   4.8260856e-02
   4.8322893e-02
   4.8436843e-02
   4.8539867e-02
   4.8676461e-02
   4.8801544e-02
   4.8966038e-02
   4.9084656e-02
   4.9293748e-02
   4.9453538e-02
   4.9515006e-02
   4.9751692e-02
   4.9949569e-02
   5.0148770e-02
   5.0304485e-02
   5.0386005e-02
   5.0506772e-02
   5.0655113e-02
   5.0788111e-02
   5.0869322e-02
   5.0983802e-02
   5.1096578e-02
   5.1257303e-02
   5.1369603e-02
   5.1539130e-02
   5.1633935e-02
   5.1786965e-02
   5.1958307e-02
   5.2155252e-02
   5.2345546e-02
   5.2455546e-02
   5.2713336e-02
   5.2861878e-02
   5.3031254e-02
   5.3201331e-02
   5.3294977e-02
   5.3417371e-02
   5.3579878e-02
   5.3703924e-02
   5.3845244e-02
   5.3969042e-02
   5.4256729e-02
   5.4473096e-02
   5.4614689e-02
   5.4716159e-02
   5.4867568e-02
   5.5150930e-02
   5.5401385e-02
   5.5595443e-02
   5.5745244e-02
   5.5970306e-02
   5.6149587e-02
   5.6386556e-02
   5.6591505e-02
   5.6789579e-02
   5.6886219e-02
   5.6951061e-02
   5.7151961e-02
   5.7247809e-02
   5.7483820e-02
   5.7640677e-02
   5.7856852e-02
   5.7986283e-02
   5.8174090e-02
   5.8384601e-02
   5.8548571e-02
   5.8676434e-02
   5.8854021e-02
   5.9059858e-02
   5.9281691e-02
   5.9460903e-02
   5.9519284e-02
   5.9684455e-02
   5.9831730e-02
   5.9933919e-02
   6.0036876e-02
   6.0167311e-02
   6.0289338e-02
   6.0498168e-02
   6.0713185e-02
   6.0967575e-02
   6.1100839e-02
   6.1230272e-02
   6.1408014e-02
   6.1552881e-02
   6.1734488e-02
   6.1933891e-02
   6.2196610e-02
   6.2406744e-02
   6.2567018e-02
   6.2724573e-02
   6.2909334e-02
   6.3075532e-02
   6.3311100e-02
   6.3500698e-02
   6.3648919e-02
   6.3821279e-02
   6.3991568e-02
   6.4250156e-02
   6.4472591e-02
   6.4762339e-02
   6.4923916e-02
   6.5086121e-02
   6.5206028e-02
   6.5384420e-02
   6.5559752e-02
   6.5722761e-02
   6.5931508e-02
   6.6119033e-02
   6.6287379e-02
   6.6423408e-02
   6.6568770e-02
   6.6769218e-02
   6.6923997e-02
   6.7008863e-02
   6.7134729e-02
   6.7282263e-02
   6.7354095e-02
   6.7575937e-02
   6.7696315e-02
   6.7803427e-02
   6.7899341e-02
   6.8094484e-02
   6.8268240e-02
   6.8472702e-02
   6.8678090e-02
   6.8903255e-02
   6.9100387e-02
   6.9356381e-02
   6.9619355e-02
   6.9843843e-02
   7.0084737e-02
   7.0251398e-02
   7.0410966e-02
   7.0551080e-02
   7.0698692e-02
   7.0830193e-02
   7.1031439e-02
   7.1199705e-02
   7.1373860e-02
   7.1577423e-02
   7.1765313e-02
   7.1874633e-02
   7.1996443e-02
   7.2112209e-02
   7.2320506e-02
   7.2537163e-02
   7.2702695e-02
   7.2760382e-02
   7.2904194e-02
   7.3086536e-02
   7.3301432e-02
   7.3475455e-02
   7.3669244e-02
   7.3878293e-02
   7.4016228e-02
   7.4060837e-02
   7.4245151e-02
   7.4397461e-02
   7.4592871e-02
   7.4783440e-02
   7.4983893e-02
   7.5182925e-02
   7.5381110e-02
   7.5512955e-02
   7.5636917e-02
   7.5788654e-02
   7.6042592e-02
   7.6256295e-02
   7.6479814e-02
   7.6603574e-02
   7.6788154e-02
   7.6983383e-02
   7.7174642e-02
   7.7417545e-02
   7.7609390e-02
   7.7752007e-02
   7.8014495e-02
   7.8181463e-02
   7.8357280e-02
   7.8526937e-02
   7.8722411e-02
   7.8951813e-02
   7.9160012e-02
   7.9324576e-02
   7.9479864e-02
   7.9730743e-02
   7.9886426e-02
   8.0079702e-02
   8.0305012e-02
   8.0591367e-02
   8.0795528e-02
   8.0851434e-02
   8.0983548e-02
   8.1184471e-02
   8.1324670e-02
   8.1459822e-02
   8.1595856e-02
   8.1758506e-02
   8.1887233e-02
   8.1987667e-02
   8.2090203e-02
   8.2240971e-02
   8.2398899e-02
   8.2664238e-02
   8.2800962e-02
   8.3016235e-02
   8.3225634e-02
   8.3454883e-02
   8.3673661e-02
   8.3874153e-02
   8.4073166e-02
   8.4299111e-02
   8.4514969e-02
   8.4668028e-02
   8.4896505e-02
   8.5044455e-02
   8.5235045e-02
   8.5445168e-02
   8.5603442e-02
   8.5772579e-02
   8.5995633e-02
   8.6060605e-02
   8.6224185e-02
   8.6389229e-02
   8.6635218e-02
   8.6893883e-02
   8.7114355e-02
   8.7371957e-02
   8.7580876e-02
   8.7787994e-02
   8.8032083e-02
   8.8218434e-02
   8.8475909e-02
   8.8669549e-02
   8.8813577e-02
   8.9094436e-02
   8.9380883e-02
   8.9679058e-02
   8.9954959e-02
   9.0302074e-02
   9.0517586e-02
   9.0704170e-02
   9.0886419e-02
   9.1102224e-02
   9.1337782e-02
   9.1578043e-02
   9.1811204e-02
   9.1990742e-02
   9.2135469e-02
   9.2364492e-02
   9.2583451e-02
   9.2837464e-02
   9.3075385e-02
   9.3349482e-02
   9.3573637e-02
   9.3815164e-02
   9.4022468e-02
   9.4271844e-02
   9.4508397e-02
   9.4719811e-02
   9.4960025e-02
   9.5145067e-02
   9.5465576e-02
   9.5608963e-02
   9.5853644e-02
   9.6095435e-02
   9.6269997e-02
   9.6439991e-02
   9.6633870e-02
   9.6826991e-02
   9.7041229e-02
   9.7188545e-02
   9.7489628e-02
   9.7768420e-02
   9.8006325e-02
   9.8196348e-02
   9.8446508e-02
   9.8632223e-02
   9.8922807e-02
   9.9150144e-02
   9.9429200e-02
   9.9614147e-02
   9.9756191e-02
   9.9892901e-02
   1.0006504e-01
   1.0028201e-01
   1.0054236e-01
   1.0069794e-01
   1.0079711e-01
   1.0104148e-01
   1.0138683e-01
   1.0172138e-01
   1.0192600e-01
   1.0214630e-01
   1.0236535e-01
   1.0251612e-01
   1.0268241e-01
   1.0288298e-01
   1.0307782e-01
   1.0332561e-01
   1.0355523e-01
   1.0380918e-01
   1.0399564e-01
   1.0428642e-01
   1.0455702e-01
   1.0474359e-01
   1.0501035e-01
   1.0521494e-01
   1.0543654e-01
   1.0571779e-01
   1.0599799e-01
   1.0624216e-01
   1.0637679e-01
   1.0654957e-01
   1.0683995e-01
   1.0713966e-01
   1.0729558e-01
   1.0744691e-01
   1.0766246e-01
   1.0787026e-01
   1.0805828e-01
   1.0825164e-01
   1.0856982e-01
   1.0878454e-01
   1.0889393e-01
   1.0915408e-01
   1.0933396e-01
   1.0960353e-01
   1.0982567e-01
   1.1004303e-01
   1.1042255e-01
   1.1068252e-01
   1.1084960e-01
   1.1115447e-01
   1.1141636e-01
   1.1169967e-01
   1.1199199e-01
   1.1224927e-01
   1.1254427e-01
   1.1277711e-01
   1.1295306e-01
   1.1320868e-01
   1.1349747e-01
   1.1374471e-01
   1.1391167e-01
   1.1421242e-01
   1.1441347e-01
   1.1470783e-01
   1.1498097e-01
   1.1521487e-01
   1.1549317e-01
   1.1576693e-01
   1.1592782e-01
   1.1616142e-01
   1.1634860e-01
   1.1655207e-01
   1.1680283e-01
   1.1710442e-01
   1.1734839e-01
   1.1767586e-01
   1.1794292e-01
   1.1814567e-01
   1.1832812e-01
   1.1855725e-01
   1.1879939e-01
   1.1907072e-01
   1.1911815e-01
   1.1931010e-01
   1.1946425e-01
   1.1957591e-01
   1.1979603e-01
   1.2005114e-01
   1.2028362e-01
   1.2049838e-01
   1.2078594e-01
   1.2101692e-01
   1.2131065e-01
   1.2153606e-01
   1.2177931e-01
   1.2188684e-01
   1.2205438e-01
   1.2220654e-01
   1.2245349e-01
   1.2270312e-01
   1.2294158e-01
   1.2317638e-01
   1.2334666e-01
   1.2357446e-01
   1.2372707e-01
   1.2402616e-01
   1.2433151e-01
   1.2453364e-01
   1.2463403e-01
   1.2484512e-01
   1.2518703e-01
   1.2547014e-01
   1.2565538e-01
   1.2587466e-01
   1.2612047e-01
   1.2641369e-01
   1.2655919e-01
   1.2673155e-01
   1.2685139e-01
   1.2711558e-01
   1.2741848e-01
   1.2749810e-01
   1.2775642e-01
   1.2803040e-01
   1.2828394e-01
   1.2865681e-01
   1.2889646e-01
   1.2904386e-01
   1.2922949e-01
   1.2939348e-01
   1.2966644e-01
   1.2976797e-01
   1.3005487e-01
   1.3025437e-01
   1.3049832e-01
   1.3065954e-01
   1.3082855e-01
   1.3094902e-01
   1.3124370e-01
   1.3157012e-01
   1.3164961e-01
   1.3195363e-01
   1.3218723e-01
   1.3244648e-01
   1.3276202e-01
   1.3305527e-01
