   2.8326750e-03
   8.8369995e-01
   9.5788291e-01
   1.0567114e+00
   1.0996157e+00
   1.1860851e+00
   1.2099421e+00
   1.2286973e+00
   1.2482471e+00
   1.2697331e+00
   1.2883012e+00
   1.3072042e+00
   1.3263770e+00
   1.3460587e+00
   1.3641338e+00
   1.3841016e+00
   1.4029766e+00
   1.4210594e+00
   1.4395694e+00
   1.4572124e+00
   1.4756493e+00
   1.4938397e+00
   1.5126837e+00
   1.5317713e+00
   1.5511635e+00
   1.5697896e+00
   1.5873481e+00
   1.6055459e+00
   1.6238915e+00
   1.6420863e+00
   1.6605025e+00
   1.6784683e+00
   1.6965692e+00
   1.7150292e+00
   1.7348102e+00
   1.7537011e+00
   1.7711863e+00
   1.7909239e+00
   1.8095663e+00
   1.8285777e+00
   1.8507830e+00
   1.8699161e+00
   1.8867256e+00
   1.9032272e+00
   1.9205367e+00
   1.9402851e+00
   1.9582003e+00
   1.9756535e+00
   1.9927157e+00
   2.0102936e+00
   2.0268858e+00
   2.0439150e+00
   2.0613516e+00
   2.0791945e+00
   2.0967371e+00
   2.1140496e+00
   2.1319222e+00
   2.1487140e+00
   2.1654184e+00
   2.1830199e+00
   2.2021644e+00
   2.2191769e+00
   2.2376164e+00
   2.2547934e+00
   2.2720924e+00
   2.2888061e+00
   2.3062137e+00
   2.3240834e+00
   2.3408228e+00
   2.3585540e+00
   2.3691022e+00
   2.3886635e+00
   2.4097858e+00
   2.4313709e+00
   2.4521283e+00
   2.4726512e+00
   2.4914160e+00
   2.5095377e+00
   2.5286456e+00
   2.5480745e+00
   2.5673179e+00
   2.5886277e+00
   2.6096376e+00
   2.6268617e+00
   2.6457092e+00
   2.6651496e+00
   2.6845194e+00
   2.7069339e+00
   2.7274937e+00
   2.7473474e+00
   2.7677294e+00
   2.7854725e+00
   2.8063883e+00
   2.8258909e+00
   2.8474270e+00
   2.8663783e+00
   2.8843702e+00
   2.9020753e+00
   2.9199431e+00
   2.9378378e+00
   2.9551517e+00
   2.9764165e+00
   2.9961323e+00
   3.0161361e+00
   3.0351840e+00
   3.0541718e+00
   3.0705177e+00
   3.0899773e+00
   3.1059724e+00
   3.1229846e+00
   3.1400954e+00
   3.1573840e+00
   3.1749348e+00
   3.1930122e+00
   3.2106055e+00
   3.2277165e+00
   3.2435791e+00
   3.2591742e+00
   3.2749012e+00
   3.2914038e+00
   3.3060179e+00
   3.3237684e+00
   3.3372304e+00
   3.3528233e+00
   3.3714149e+00
   3.3882249e+00
   3.4084455e+00
   3.4261153e+00
   3.4436356e+00
   3.4584821e+00
   3.4780249e+00
   3.4946891e+00
   3.5100585e+00
   3.5277640e+00
   3.5439182e+00
   3.5614986e+00
   3.5768358e+00
   3.5916895e+00
   3.6078144e+00
   3.6212495e+00
   3.6392126e+00
   3.6550670e+00
   3.6717097e+00
   3.6899197e+00
   3.7032985e+00
   3.7213155e+00
   3.7372493e+00
   3.7548246e+00
   3.7701393e+00
   3.7845984e+00
   3.8010598e+00
   3.8161854e+00
   3.8318551e+00
   3.8473624e+00
   3.8615528e+00
   3.8800973e+00
   3.8981651e+00
   3.9142469e+00
   3.9315251e+00
   3.9467026e+00
   3.9624891e+00
   3.9778097e+00
   3.9936522e+00
   4.0080980e+00
   4.0274976e+00
   4.0446024e+00
   4.0618244e+00
   4.0795465e+00
   4.0972255e+00
   4.1141914e+00
   4.1243272e+00
   4.1422672e+00
   4.1629654e+00
   4.1810071e+00
   4.1980710e+00
   4.2144643e+00
   4.2318621e+00
   4.2459718e+00
   4.2630019e+00
   4.2793741e+00
   4.2941783e+00
   4.3113378e+00
   4.3292256e+00
   4.3426511e+00
   4.3624246e+00
   4.3816352e+00
   4.3991921e+00
   4.4161858e+00
   4.4342758e+00
   4.4514732e+00
   4.4674103e+00
   4.4849531e+00
   4.5016610e+00
   4.5193168e+00
   4.5372407e+00
   4.5528385e+00
   4.5697779e+00
   4.5866257e+00
   4.6015318e+00
   4.6194801e+00
   4.6383708e+00
   4.6546855e+00
   4.6759493e+00
   4.6913782e+00
   4.7110826e+00
   4.7289279e+00
   4.7481429e+00
   4.7646333e+00
   4.7820675e+00
   4.7979089e+00
   4.8150071e+00
   4.8326102e+00
   4.8495940e+00
   4.8664310e+00
   4.8840213e+00
   4.9022159e+00
   4.9204254e+00
   4.9380239e+00
   4.9530439e+00
   4.9699837e+00
   4.9879318e+00
   5.0033367e+00
   5.0189385e+00
   5.0320192e+00
   5.0490561e+00
   5.0628561e+00
   5.0803194e+00
   5.0939041e+00
   5.1130554e+00
   5.1272815e+00
   5.1464301e+00
   5.1639966e+00
   5.1799929e+00
   5.1931829e+00
   5.2119618e+00
   5.2253488e+00
   5.2442590e+00
   5.2579342e+00
   5.2741497e+00
   5.2913115e+00
   5.3063578e+00
   5.3231555e+00
   5.3384471e+00
   5.3550174e+00
   5.3748458e+00
   5.3909900e+00
   5.4086042e+00
   5.4229804e+00
   5.4402024e+00
   5.4568471e+00
   5.4745744e+00
   5.4906029e+00
   5.5102921e+00
   5.5292456e+00
   5.5476166e+00
   5.5659480e+00
   5.5835631e+00
   5.6023754e+00
   5.6213638e+00
   5.6420903e+00
   5.6610713e+00
   5.6790428e+00
   5.6977023e+00
   5.7116678e+00
   5.7270180e+00
   5.7422608e+00
   5.7589030e+00
   5.7787059e+00
   5.7969470e+00
   5.8153129e+00
   5.8371981e+00
   5.8546090e+00
   5.8761271e+00
   5.8994784e+00
   5.9170138e+00
   5.9340939e+00
   5.9547533e+00
   5.9712355e+00
   5.9912330e+00
   6.0081147e+00
   6.0248889e+00
   6.0408629e+00
   6.0576083e+00
   6.0737140e+00
   6.0906595e+00
   6.1080037e+00
   6.1227505e+00
   6.1407977e+00
   6.1557112e+00
   6.1718906e+00
   6.1897883e+00
   6.2045445e+00
   6.2215718e+00
   6.2362500e+00
   6.2548492e+00
   6.2708016e+00
   6.2879713e+00
   6.3071029e+00
   6.3242483e+00
   6.3405350e+00
   6.3566241e+00
   6.3746596e+00
   6.3905480e+00
   6.4084382e+00
   6.4235964e+00
   6.4407650e+00
   6.4588396e+00
   6.4751871e+00
   6.4946349e+00
   6.5118121e+00
   6.5290860e+00
   6.5460731e+00
   6.5606406e+00
   6.5777204e+00
   6.5923478e+00
   6.6098359e+00
   6.6247288e+00
   6.6430459e+00
   6.6568344e+00
   6.6742242e+00
   6.6885094e+00
   6.7026301e+00
   6.7203068e+00
   6.7366931e+00
   6.7498373e+00
   6.7626928e+00
   6.7781161e+00
   6.7959617e+00
   6.8104422e+00
   6.8252839e+00
   6.8436563e+00
   6.8581949e+00
   6.8767131e+00
   6.8922643e+00
   6.9123804e+00
   6.9299168e+00
   6.9509573e+00
   6.9674014e+00
   6.9867738e+00
   7.0035860e+00
   7.0201325e+00
   7.0408752e+00
   7.0579321e+00
   7.0753183e+00
   7.0908066e+00
   7.1076124e+00
   7.1236087e+00
   7.1425610e+00
   7.1533298e+00
   7.1708930e+00
   7.1875576e+00
   7.2039005e+00
   7.2168069e+00
   7.2348209e+00
   7.2484999e+00
   7.2663213e+00
   7.2803826e+00
   7.2980405e+00
   7.3133580e+00
   7.3303348e+00
   7.3459041e+00
   7.3644151e+00
   7.3803957e+00
   7.3991299e+00
   7.4165847e+00
   7.4328074e+00
   7.4472629e+00
   7.4651979e+00
   7.4806171e+00
   7.4983863e+00
   7.5137055e+00
   7.5311432e+00
   7.5464261e+00
   7.5601252e+00
   7.5748811e+00
   7.5889243e+00
   7.6031784e+00
   7.6163204e+00
   7.6346574e+00
   7.6477878e+00
   7.6621718e+00
   7.6811715e+00
   7.7037625e+00
   7.7168597e+00
   7.7361721e+00
   7.7490411e+00
   7.7682215e+00
   7.7819053e+00
   7.7991821e+00
   7.8140171e+00
   7.8314405e+00
   7.8474089e+00
   7.8651778e+00
   7.8806275e+00
   7.8996215e+00
   7.9165793e+00
   7.9366324e+00
   7.9506899e+00
   7.9651745e+00
   7.9842699e+00
   8.0019912e+00
   8.0186187e+00
   8.0372998e+00
   8.0507853e+00
   8.0667109e+00
   8.0825355e+00
   8.0988761e+00
   8.1149205e+00
   8.1292935e+00
   8.1446700e+00
   8.1599810e+00
   8.1764412e+00
   8.1909400e+00
   8.2096407e+00
   8.2239453e+00
   8.2390448e+00
   8.2527283e+00
   8.2673954e+00
   8.2867112e+00
   8.3019278e+00
   8.3223607e+00
   8.3372030e+00
   8.3562004e+00
   8.3705977e+00
   8.3892209e+00
   8.4038278e+00
   8.4232702e+00
   8.4372854e+00
   8.4548218e+00
   8.4678523e+00
   8.4877023e+00
   8.5014126e+00
   8.5221841e+00
   8.5357000e+00
   8.5498378e+00
   8.5650872e+00
   8.5803142e+00
   8.5953019e+00
   8.6112582e+00
   8.6269216e+00
   8.6421512e+00
   8.6568011e+00
   8.6707349e+00
   8.6846258e+00
   8.7001207e+00
   8.7164379e+00
   8.7316794e+00
   8.7459282e+00
   8.7616707e+00
   8.7771448e+00
   8.7915028e+00
   8.8059716e+00
   8.8254513e+00
   8.8403627e+00
   8.8545582e+00
   8.8679472e+00
   8.8839447e+00
   8.8991367e+00
   8.9143172e+00
   8.9336508e+00
   8.9478066e+00
   8.9632761e+00
   8.9789192e+00
   8.9939055e+00
   9.0088215e+00
   9.0228516e+00
   9.0422920e+00
   9.0565785e+00
   9.0754365e+00
   9.0900175e+00
   9.1095927e+00
   9.1243230e+00
   9.1388886e+00
   9.1543859e+00
   9.1739725e+00
   9.1915617e+00
   9.2076864e+00
   9.2218165e+00
   9.2356069e+00
   9.2510671e+00
   9.2656077e+00
   9.2811734e+00
   9.2964035e+00
   9.3109103e+00
   9.3255388e+00
   9.3399989e+00
   9.3612373e+00
   9.3770171e+00
   9.3969741e+00
   9.4150121e+00
   9.4355887e+00
   9.4567804e+00
   9.4727654e+00
   9.4927574e+00
   9.5071962e+00
   9.5235398e+00
   9.5423648e+00
   9.7884376e+00
   9.8064080e+00
   9.8223506e+00
   9.8411279e+00
   9.8599721e+00
   9.8810191e+00
   9.9068176e+00
   9.9311373e+00
   9.9531784e+00
   9.9774163e+00
   9.9974927e+00
   1.0007052e+01
   1.0035709e+01
   1.0060947e+01
   1.0079818e+01
   1.0100321e+01
   1.0122793e+01
   1.0143260e+01
   1.0160370e+01
   1.0178328e+01
   1.0196936e+01
   1.0215190e+01
   1.0230940e+01
   1.0252365e+01
   1.0269350e+01
   1.0287565e+01
   1.0300296e+01
   1.0319632e+01
   1.0343554e+01
   1.0360265e+01
   1.0378206e+01
   1.0395694e+01
   1.0415288e+01
   1.0435067e+01
   1.0455364e+01
   1.0480513e+01
   1.0498643e+01
   1.0519173e+01
   1.0540048e+01
   1.0558325e+01
   1.0576062e+01
   1.0592740e+01
   1.0610857e+01
   1.0632080e+01
   1.0649076e+01
   1.0666885e+01
   1.0685954e+01
   1.0705905e+01
   1.0726071e+01
   1.0741825e+01
   1.0764751e+01
   1.0781750e+01
   1.0802137e+01
   1.0823335e+01
   1.0844562e+01
   1.0861846e+01
   1.0878611e+01
   1.0895050e+01
   1.0912306e+01
   1.0928764e+01
   1.0946479e+01
   1.0963035e+01
   1.0980492e+01
   1.0999098e+01
   1.1016032e+01
   1.1032244e+01
   1.1049733e+01
   1.1067424e+01
   1.1089288e+01
   1.1108895e+01
   1.1131170e+01
   1.1151920e+01
   1.1174160e+01
   1.1193673e+01
   1.1213337e+01
   1.1230680e+01
   1.1247252e+01
   1.1264482e+01
   1.1278721e+01
   1.1295170e+01
   1.1310920e+01
   1.1327365e+01
   1.1345625e+01
   1.1363887e+01
   1.1381483e+01
   1.1399016e+01
   1.1421023e+01
   1.1441593e+01
   1.1463072e+01
   1.1480004e+01
   1.1496695e+01
   1.1514199e+01
   1.1531009e+01
   1.1546999e+01
   1.1563725e+01
   1.1581586e+01
   1.1599251e+01
   1.1614885e+01
   1.1629619e+01
   1.1650203e+01
   1.1672210e+01
   1.1693065e+01
   1.1711379e+01
   1.1730832e+01
   1.1748526e+01
   1.1765617e+01
   1.1782985e+01
   1.1800976e+01
   1.1817927e+01
   1.1841050e+01
   1.1857196e+01
   1.1873607e+01
   1.1889388e+01
   1.1905285e+01
   1.1921107e+01
   1.1946018e+01
   1.1962995e+01
   1.1978641e+01
   1.1994277e+01
   1.2009597e+01
   1.2025800e+01
   1.2041552e+01
   1.2059281e+01
   1.2076548e+01
   1.2097155e+01
   1.2113686e+01
   1.2129716e+01
   1.2145785e+01
   1.2161573e+01
   1.2177918e+01
   1.2194136e+01
   1.2211284e+01
   1.2227819e+01
   1.2244642e+01
   1.2260858e+01
   1.2277493e+01
   1.2293816e+01
   1.2310117e+01
   1.2326676e+01
   1.2343415e+01
   1.2360587e+01
   1.2377844e+01
   1.2394723e+01
   1.2411098e+01
   1.2427824e+01
   1.2444504e+01
   1.2463035e+01
   1.2478360e+01
   1.2495137e+01
   1.2510920e+01
   1.2528387e+01
   1.2545469e+01
   1.2562446e+01
   1.2579182e+01
   1.2596494e+01
   1.2612708e+01
   1.2629282e+01
   1.2646052e+01
   1.2663336e+01
   1.2680085e+01
   1.2696732e+01
   1.2712067e+01
   1.2729582e+01
   1.2747031e+01
   1.2763115e+01
   1.2779834e+01
   1.2800949e+01
   1.2816584e+01
   1.2831795e+01
   1.2847887e+01
   1.2864096e+01
   1.2880521e+01
   1.2896441e+01
   1.2912806e+01
   1.2929936e+01
   1.2947158e+01
   1.2964909e+01
   1.2980896e+01
   1.2998281e+01
   1.3013917e+01
   1.3030865e+01
   1.3047763e+01
   1.3064308e+01
   1.3081080e+01
   1.3097137e+01
   1.3114116e+01
   1.3130543e+01
   1.3146189e+01
   1.3163703e+01
   1.3182491e+01
   1.3198348e+01
   1.3215618e+01
   1.3232302e+01
   1.3245176e+01
   1.3263393e+01
   1.3279733e+01
   1.3296553e+01
   1.3313590e+01
   1.3329885e+01
   1.3345889e+01
   1.3362224e+01
   1.3378339e+01
   1.3394530e+01
   1.3411209e+01
   1.3427781e+01
   1.3444671e+01
   1.3461769e+01
   1.3478067e+01
   1.3493848e+01
   1.3509850e+01
   1.3526331e+01
   1.3542932e+01
   1.3558533e+01
   1.3575975e+01
   1.3592322e+01
   1.3608757e+01
   1.3624205e+01
   1.3641289e+01
   1.3657450e+01
   1.3673985e+01
   1.3690569e+01
   1.3706146e+01
   1.3722345e+01
   1.3738579e+01
   1.3754659e+01
   1.3770817e+01
   1.3787044e+01
   1.3803017e+01
   1.3818856e+01
   1.3833637e+01
   1.3850434e+01
   1.3867702e+01
   1.3884745e+01
   1.3901011e+01
   1.3916097e+01
   1.3933219e+01
   1.3949152e+01
   1.3966850e+01
   1.3983228e+01
   1.3999366e+01
   1.4016276e+01
   1.4033654e+01
   1.4052001e+01
   1.4064028e+01
   1.4081492e+01
   1.4098708e+01
   1.4116236e+01
   1.4132543e+01
   1.4150244e+01
   1.4168184e+01
   1.4186427e+01
   1.4203046e+01
   1.4219303e+01
   1.4241068e+01
   1.4256731e+01
   1.4274123e+01
   1.4286126e+01
   1.4305785e+01
   1.4320744e+01
   1.4334570e+01
   1.4349195e+01
   1.4364621e+01
   1.4379952e+01
   1.4395369e+01
   1.4410369e+01
   1.4425805e+01
   1.4440207e+01
   1.4455856e+01
   1.4473621e+01
   1.4487732e+01
   1.4506735e+01
   1.4522127e+01
   1.4540847e+01
   1.4555978e+01
   1.4571285e+01
   1.4589205e+01
   1.4602601e+01
   1.4616822e+01
   1.4636324e+01
   1.4651008e+01
   1.4670374e+01
   1.4684714e+01
   1.4705149e+01
   1.4718654e+01
   1.4733271e+01
   1.4747900e+01
   1.4763745e+01
   1.4779379e+01
   1.4794615e+01
   1.4812903e+01
   1.4827158e+01
   1.4845891e+01
   1.4860330e+01
   1.4874492e+01
   1.4888965e+01
   1.4903616e+01
   1.4917409e+01
   1.4932488e+01
   1.4947621e+01
   1.4964872e+01
   1.4979224e+01
   1.4995455e+01
   1.5009620e+01
   1.5024198e+01
   1.5037437e+01
   1.5051889e+01
   1.5068473e+01
   1.5085669e+01
   1.5101453e+01
   1.5117228e+01
   1.5131621e+01
   1.5147119e+01
   1.5161116e+01
   1.5175997e+01
   1.5191353e+01
   1.5206224e+01
   1.5219493e+01
   1.5235262e+01
   1.5250929e+01
   1.5262960e+01
   1.5278976e+01
   1.5293488e+01
   1.5306836e+01
   1.5319464e+01
   1.5333894e+01
   1.5348940e+01
   1.5362838e+01
   1.5380888e+01
   1.5394520e+01
   1.5408628e+01
   1.5422640e+01
   1.5435175e+01
   1.5450372e+01
   1.5464501e+01
   1.5482182e+01
   1.5496501e+01
   1.5514484e+01
   1.5528270e+01
   1.5544361e+01
   1.5558454e+01
   1.5571909e+01
   1.5585362e+01
   1.5599837e+01
   1.5613561e+01
   1.5627330e+01
   1.5641367e+01
   1.5655405e+01
   1.5671241e+01
   1.5692034e+01
   1.5712508e+01
   1.5728793e+01
   1.5747488e+01
   1.5766648e+01
   1.5781673e+01
   1.5795793e+01
   1.5810261e+01
   1.5824405e+01
   1.5837913e+01
   1.5858967e+01
   1.5874205e+01
   1.5888690e+01
   1.5904104e+01
   1.5918320e+01
   1.5935749e+01
   1.5951355e+01
   1.5966832e+01
   1.5982041e+01
   1.5995570e+01
   1.6010365e+01
   1.6025330e+01
   1.6039665e+01
   1.6054358e+01
   1.6069224e+01
   1.6088375e+01
   1.6103982e+01
   1.6124142e+01
   1.6140222e+01
   1.6156482e+01
   1.6171359e+01
   1.6186143e+01
   1.6201482e+01
   1.6217126e+01
   1.6229587e+01
   1.6245293e+01
   1.6259816e+01
   1.6275242e+01
   1.6288625e+01
   1.6302689e+01
   1.6317573e+01
   1.6331220e+01
   1.6345129e+01
   1.6358650e+01
   1.6371864e+01
   1.6386911e+01
   1.6401944e+01
   1.6416896e+01
   1.6430011e+01
   1.6444867e+01
   1.6458946e+01
   1.6473412e+01
   1.6488788e+01
   1.6503232e+01
   1.6518189e+01
   1.6533064e+01
   1.6546874e+01
   1.6560581e+01
   1.6573817e+01
   1.6591714e+01
   1.6615087e+01
   1.6632188e+01
   1.6646005e+01
   1.6659928e+01
   1.6672924e+01
   1.6687364e+01
   1.6702664e+01
   1.6716953e+01
   1.6730501e+01
   1.6744675e+01
   1.6757248e+01
   1.6773089e+01
   1.6787210e+01
   1.6801798e+01
   1.6815785e+01
   1.6829605e+01
   1.6844368e+01
   1.6856572e+01
   1.6870574e+01
   1.6885242e+01
   1.6899361e+01
   1.6913712e+01
   1.6928024e+01
   1.6941567e+01
   1.6956482e+01
   1.6971877e+01
   1.6987180e+01
   1.7001650e+01
   1.7015097e+01
   1.7028933e+01
   1.7043327e+01
   1.7056101e+01
   1.7071352e+01
   1.7086469e+01
   1.7100454e+01
   1.7113987e+01
   1.7128497e+01
   1.7139196e+01
   1.7156506e+01
   1.7172018e+01
   1.7191694e+01
   1.7207100e+01
   1.7224701e+01
   1.7243034e+01
   1.7262532e+01
   1.7277661e+01
   1.7291502e+01
   1.7305387e+01
   1.7319840e+01
   1.7333426e+01
   1.7347412e+01
   1.7363590e+01
   1.7376953e+01
   1.7392381e+01
   1.7406971e+01
   1.7420249e+01
   1.7433742e+01
   1.7447967e+01
   1.7461836e+01
   1.7475701e+01
   1.7490825e+01
   1.7505764e+01
   1.7520770e+01
   1.7534517e+01
   1.7548622e+01
   1.7563096e+01
   1.7575971e+01
   1.7590552e+01
   1.7609047e+01
   1.7623111e+01
   1.7638386e+01
   1.7652518e+01
   1.7666271e+01
   1.7679701e+01
   1.7693525e+01
   1.7708213e+01
   1.7725027e+01
   1.7739381e+01
   1.7754399e+01
   1.7768462e+01
   1.7782547e+01
   1.7796506e+01
   1.7809497e+01
   1.7824188e+01
   1.7839449e+01
   1.7855686e+01
   1.7869220e+01
   1.7883327e+01
   1.7897855e+01
   1.7911454e+01
   1.7925895e+01
   1.7939958e+01
   1.7956192e+01
   1.7975210e+01
   1.7993088e+01
