   9.6284616e-14
   5.7787956e-13
   1.1043032e-12
   1.1874648e-12
   1.2878310e-12
   1.4909287e-12
   1.5815719e-12
   1.6869318e-12
   1.8451861e-12
   2.2543792e-12
   2.7483501e-12
   2.7828670e-12
   3.0265308e-12
   3.1897636e-12
   3.4014355e-12
   3.6564529e-12
   4.0309936e-12
   4.2877749e-12
   4.4899057e-12
   4.8103691e-12
   5.1227836e-12
   5.3170874e-12
   5.5509973e-12
   5.6267318e-12
   5.6484735e-12
   5.7803643e-12
   5.9244614e-12
   6.1532887e-12
   6.3553720e-12
   6.5672934e-12
   6.9952839e-12
   7.2757145e-12
   7.3202033e-12
   7.5231622e-12
   7.7622854e-12
   7.8329718e-12
   7.9207070e-12
   8.1245654e-12
   8.3601928e-12
   8.5079533e-12
   8.5205649e-12
   8.7608414e-12
   8.9858979e-12
   9.2276437e-12
   9.5275666e-12
   9.9866125e-12
   1.0088321e-11
   1.0291899e-11
   1.0452661e-11
   1.0613376e-11
   1.1068811e-11
   1.1469561e-11
   1.1836425e-11
   1.2015488e-11
   1.2212217e-11
   1.2459666e-11
   1.2614996e-11
   1.2640499e-11
   1.2781988e-11
   1.3079754e-11
   1.3250054e-11
   1.3432659e-11
   1.3548678e-11
   1.3603058e-11
   1.3886174e-11
   1.4016865e-11
   1.4183531e-11
   1.4382529e-11
   1.4476770e-11
   1.4654224e-11
   1.4820886e-11
   1.5075237e-11
   1.5202232e-11
   1.5634943e-11
   1.5893186e-11
   1.5956246e-11
   1.6057841e-11
   1.6289255e-11
   1.6347089e-11
   1.6445099e-11
   1.6578361e-11
   1.6763396e-11
   1.7168201e-11
   1.7378906e-11
   1.7491265e-11
   1.7616546e-11
   1.7719942e-11
   1.7902403e-11
   1.8014079e-11
   1.8282813e-11
   1.8540518e-11
   1.8944013e-11
   1.9174210e-11
   1.9387856e-11
   1.9634990e-11
   1.9737158e-11
   1.9805034e-11
   1.9991310e-11
   2.0155719e-11
   2.0513078e-11
   2.0845672e-11
   2.1194562e-11
   2.1399173e-11
   2.1513883e-11
   2.1605044e-11
   2.1846814e-11
   2.1951620e-11
   2.2416226e-11
   2.2789542e-11
   2.2997427e-11
   2.3151859e-11
   2.3277179e-11
   2.3421964e-11
   2.3731015e-11
   2.3988518e-11
   2.4082616e-11
   2.4351300e-11
   2.4841338e-11
   2.5022064e-11
   2.5235405e-11
   2.5445282e-11
   2.5756576e-11
   2.6014687e-11
   2.6123927e-11
   2.6363428e-11
   2.6775792e-11
   2.6903960e-11
   2.7051258e-11
   2.7147737e-11
   2.7273852e-11
   2.7345329e-11
   2.7541441e-11
   2.7608721e-11
   2.7795813e-11
   2.7844043e-11
   2.8153648e-11
   2.8317548e-11
   2.8488624e-11
   2.8724537e-11
   2.9094004e-11
   2.9144701e-11
   2.9333636e-11
   2.9515863e-11
   2.9764184e-11
   2.9949451e-11
   3.0193900e-11
   3.0253388e-11
   3.0338834e-11
   3.0393467e-11
   3.0460877e-11
   3.0691464e-11
   3.0963151e-11
   3.1148108e-11
   3.1434073e-11
   3.1635362e-11
   3.1669781e-11
   3.1942870e-11
   3.2145522e-11
   3.2222775e-11
   3.2427824e-11
   3.2581944e-11
   3.2660857e-11
   3.2844705e-11
   3.3011392e-11
   3.3107989e-11
   3.3400536e-11
   3.3467677e-11
   3.3581624e-11
   3.3775131e-11
   3.3942792e-11
   3.4192719e-11
   3.4294929e-11
   3.4575176e-11
   3.4643959e-11
   3.4707053e-11
   3.4793007e-11
   3.5085754e-11
   3.5333659e-11
   3.5420652e-11
   3.5514397e-11
   3.5692277e-11
   3.6000184e-11
   3.6106420e-11
   3.6326060e-11
   3.6464919e-11
   3.6606291e-11
   3.6757733e-11
   3.6806477e-11
   3.7118763e-11
   3.7381091e-11
   3.7394953e-11
   3.7753856e-11
   3.8016215e-11
   3.8249574e-11
   3.8436440e-11
   3.8591527e-11
   3.8765258e-11
   3.9118216e-11
   3.9450501e-11
   3.9569211e-11
   3.9881017e-11
   4.0095719e-11
   4.0222225e-11
   4.0280204e-11
   4.0535855e-11
   4.1018046e-11
   4.1384642e-11
   4.1649446e-11
   4.2009942e-11
   4.2391028e-11
   4.2520868e-11
   4.2673837e-11
   4.2793193e-11
   4.3041899e-11
   4.3338053e-11
   4.3388607e-11
   4.3684956e-11
   4.3787788e-11
   4.4086761e-11
   4.4218459e-11
   4.4605752e-11
   4.4796265e-11
   4.4887336e-11
   4.5184495e-11
   4.5402673e-11
   4.5492536e-11
   4.5669853e-11
   4.5842167e-11
   4.6034800e-11
   4.6328393e-11
   4.6658525e-11
   4.6828563e-11
   4.7000806e-11
   4.7244856e-11
   4.7347168e-11
   4.7470726e-11
   4.7513780e-11
   4.7593899e-11
   4.7824515e-11
   4.8063186e-11
   4.8329226e-11
   4.8417712e-11
   4.8689470e-11
   4.8983777e-11
   4.9064945e-11
   4.9366849e-11
   4.9621294e-11
   4.9954508e-11
   5.0176543e-11
   5.0413756e-11
   5.0538818e-11
   5.0786003e-11
   5.1043893e-11
   5.1085320e-11
   5.1269391e-11
   5.1335934e-11
   5.1495518e-11
   5.1883868e-11
   5.2262513e-11
   5.2402030e-11
   5.2725333e-11
   5.3248788e-11
   5.3355157e-11
   5.3588105e-11
   5.3855915e-11
   5.3942646e-11
   5.3970174e-11
   5.4160359e-11
   5.4408069e-11
   5.4496365e-11
   5.4825700e-11
   5.4966326e-11
   5.5120661e-11
   5.5214235e-11
   5.5535466e-11
   5.5958656e-11
   5.6131517e-11
   5.6230092e-11
   5.6551747e-11
   5.6789911e-11
   5.7113914e-11
   5.7231388e-11
   5.7302710e-11
   5.7656887e-11
   5.8022093e-11
   5.8139616e-11
   5.8188217e-11
   5.8466936e-11
   5.8679653e-11
   5.8821380e-11
   5.9062909e-11
   5.9336341e-11
   5.9575080e-11
   5.9735038e-11
   5.9978472e-11
   6.0208039e-11
   6.0477362e-11
   6.0639037e-11
   6.0791028e-11
   6.0828723e-11
   6.1018755e-11
   6.1080146e-11
   6.1281735e-11
   6.1505469e-11
   6.1546495e-11
   6.1723903e-11
   6.2028451e-11
   6.2239774e-11
   6.2485455e-11
   6.2621898e-11
   6.2868791e-11
   6.3048405e-11
   6.3308556e-11
   6.3441048e-11
   6.3521944e-11
   6.3609718e-11
   6.3806499e-11
   6.3961401e-11
   6.4187580e-11
   6.4322295e-11
   6.4599248e-11
   6.4794196e-11
   6.4840155e-11
   6.5089050e-11
   6.5457181e-11
   6.5614979e-11
   6.5699033e-11
   6.5936816e-11
   6.6186882e-11
   6.6256201e-11
   6.6495057e-11
   6.6811465e-11
   6.7200119e-11
   6.7347500e-11
   6.7540246e-11
   6.7600902e-11
   6.7636161e-11
   6.7742753e-11
   6.7813601e-11
   6.7994268e-11
   6.8228087e-11
   6.8362372e-11
   6.8513300e-11
   6.8748462e-11
   6.8817407e-11
   6.9013090e-11
   6.9193346e-11
   6.9273165e-11
   6.9385405e-11
   6.9547200e-11
   6.9860277e-11
   7.0026497e-11
   7.0241017e-11
   7.0330751e-11
   7.0431987e-11
   7.0473187e-11
   7.0727323e-11
   7.0759960e-11
   7.0994506e-11
   7.1212562e-11
   7.1370568e-11
   7.1435834e-11
   7.1598443e-11
   7.1949634e-11
   7.2173471e-11
   7.2330194e-11
   7.2473847e-11
   7.2541196e-11
   7.2614427e-11
   7.2703440e-11
   7.2762114e-11
   7.2992356e-11
   7.3375997e-11
   7.3708816e-11
   7.4090070e-11
   7.4517110e-11
   7.4671292e-11
   7.4879300e-11
   7.5242687e-11
   7.5524861e-11
   7.5693251e-11
   7.5880648e-11
   7.5994492e-11
   7.6056500e-11
   7.6092616e-11
   7.6265331e-11
   7.6646697e-11
   7.7025486e-11
   7.7133245e-11
   7.7363074e-11
   7.7707725e-11
   7.8004800e-11
   7.8172573e-11
   7.8331850e-11
   7.8572523e-11
   7.8988989e-11
   7.9045322e-11
   7.9404995e-11
   7.9559095e-11
   7.9696209e-11
   7.9943784e-11
   8.0131968e-11
   8.0310547e-11
   8.0367426e-11
   8.0618882e-11
   8.0840625e-11
   8.1049802e-11
   8.1203210e-11
   8.1474270e-11
   8.1726385e-11
   8.1845866e-11
   8.1971236e-11
   8.1998109e-11
   8.2168452e-11
   8.2457458e-11
   8.2556972e-11
   8.2815494e-11
   8.2941416e-11
   8.3128425e-11
   8.3256545e-11
   8.3444854e-11
   8.3690605e-11
   8.3939180e-11
   8.4328898e-11
   8.4684404e-11
   8.4782399e-11
   8.4996975e-11
   8.5337185e-11
   8.5450428e-11
   8.5644567e-11
   8.5784114e-11
   8.5907555e-11
   8.6212278e-11
   8.6580715e-11
   8.6604447e-11
   8.6723050e-11
   8.7031707e-11
   8.7341631e-11
   8.7734745e-11
   8.8149073e-11
   8.8441553e-11
   8.8594585e-11
   8.8871127e-11
   8.9125776e-11
   8.9522802e-11
   8.9649247e-11
   8.9746219e-11
   8.9876085e-11
   8.9918121e-11
   9.0267354e-11
   9.0539255e-11
   9.0697495e-11
   9.0916999e-11
   9.1075590e-11
   9.1289844e-11
   9.1613602e-11
   9.1956499e-11
   9.2218098e-11
   9.2312457e-11
   9.2422962e-11
   9.2617180e-11
   9.2883820e-11
   9.3066013e-11
   9.3256193e-11
   9.3447416e-11
   9.3553586e-11
   9.3846279e-11
   9.4061722e-11
   9.4140400e-11
   9.4425956e-11
   9.4615732e-11
   9.4769924e-11
   9.5060534e-11
   9.5493751e-11
   9.5787555e-11
   9.5861196e-11
   9.6119801e-11
   9.6245230e-11
   9.6372354e-11
   9.6654491e-11
   9.6691879e-11
   9.6831806e-11
   9.6989453e-11
   9.7149318e-11
   9.7477441e-11
   9.7626975e-11
   9.7771741e-11
   9.7807367e-11
   9.7957006e-11
   9.8073053e-11
   9.8190929e-11
   9.8557087e-11
   9.8772397e-11
   9.9067727e-11
   9.9447437e-11
   9.9588655e-11
   9.9792375e-11
   9.9817722e-11
   9.9883855e-11
   1.0409617e-10
   1.0479187e-10
   1.0536181e-10
   1.0562278e-10
   1.0614928e-10
   1.0642447e-10
   1.0726044e-10
   1.0836081e-10
   1.0899212e-10
   1.0953004e-10
   1.1175071e-10
   1.1251579e-10
   1.1399801e-10
   1.1441485e-10
   1.1452475e-10
   1.1524682e-10
   1.1591651e-10
   1.1660494e-10
   1.1740558e-10
   1.1837929e-10
   1.1931820e-10
   1.2051215e-10
   1.2106758e-10
   1.2188027e-10
   1.2226199e-10
   1.2256798e-10
   1.2294236e-10
   1.2342752e-10
   1.2429623e-10
   1.2516878e-10
   1.2607239e-10
   1.2700075e-10
   1.2782972e-10
   1.2885492e-10
   1.2970969e-10
   1.2995045e-10
   1.3028269e-10
   1.3080426e-10
   1.3204048e-10
   1.3255415e-10
   1.3278012e-10
   1.3299745e-10
   1.3320642e-10
   1.3409501e-10
   1.3453011e-10
   1.3490038e-10
   1.3541990e-10
   1.3687457e-10
   1.3865823e-10
   1.4042971e-10
   1.4136110e-10
   1.4185798e-10
   1.4281498e-10
   1.4371066e-10
   1.4384838e-10
   1.4483679e-10
   1.4578017e-10
   1.4685921e-10
   1.4762722e-10
   1.4885814e-10
   1.4976121e-10
   1.5016755e-10
   1.5064192e-10
   1.5190293e-10
   1.5222974e-10
   1.5280816e-10
   1.5333214e-10
   1.5429122e-10
   1.5464690e-10
   1.5594713e-10
   1.5621878e-10
   1.5703226e-10
   1.5846481e-10
   1.5945133e-10
   1.6040028e-10
   1.6144701e-10
   1.6200025e-10
   1.6303309e-10
   1.6517380e-10
   1.6674037e-10
   1.6818530e-10
   1.6891833e-10
   1.7005279e-10
   1.7187224e-10
   1.7283864e-10
   1.7354340e-10
   1.7392830e-10
   1.7440336e-10
   1.7448552e-10
   1.7495727e-10
   1.7567044e-10
   1.7629339e-10
   1.7757825e-10
   1.7855632e-10
   1.7932608e-10
   1.8099814e-10
   1.8191225e-10
   1.8410729e-10
   1.8557733e-10
   1.8606329e-10
   1.8767088e-10
   1.8847995e-10
   1.8878427e-10
   1.8942556e-10
   1.8999250e-10
   1.9112987e-10
   1.9153766e-10
   1.9189481e-10
   1.9282284e-10
   1.9317841e-10
   1.9391437e-10
   1.9480287e-10
   1.9535499e-10
   1.9574607e-10
   1.9624631e-10
   1.9750483e-10
   1.9870760e-10
   1.9960129e-10
   2.0007859e-10
   2.0120850e-10
   2.0271964e-10
   2.0389962e-10
   2.0484081e-10
   2.0678773e-10
   2.0713887e-10
   2.0738044e-10
   2.0866120e-10
   2.0910679e-10
   2.1062057e-10
   2.1103843e-10
   2.1302177e-10
   2.1378332e-10
   2.1591417e-10
   2.1688386e-10
   2.1762085e-10
   2.1829047e-10
   2.1877632e-10
   2.2039101e-10
   2.2106971e-10
   2.2186604e-10
   2.2268936e-10
   2.2407098e-10
   2.2476721e-10
   2.2557382e-10
   2.2672892e-10
   2.2738365e-10
   2.2903466e-10
   2.3018131e-10
   2.3071766e-10
   2.3110718e-10
   2.3160763e-10
   2.3289671e-10
   2.3449036e-10
   2.3544086e-10
   2.3621752e-10
   2.3672489e-10
   2.3798479e-10
   2.3859431e-10
   2.3905222e-10
   2.3959362e-10
   2.4175882e-10
   2.4214696e-10
   2.4226197e-10
   2.4276241e-10
   2.4306218e-10
   2.4368580e-10
   2.4477713e-10
   2.4667556e-10
   2.4761027e-10
   2.4888258e-10
   2.4924328e-10
   2.5032711e-10
   2.5103333e-10
   2.5189324e-10
   2.5245510e-10
   2.5274968e-10
   2.5307514e-10
   2.5414850e-10
   2.5545650e-10
   2.5548769e-10
   2.5616552e-10
   2.5710306e-10
   2.5789858e-10
   2.5843692e-10
   2.5876958e-10
   2.5907166e-10
   2.5946828e-10
   2.6035882e-10
   2.6096510e-10
   2.6138911e-10
   2.6162545e-10
   2.6210280e-10
   2.6316339e-10
   2.6394644e-10
   2.6478344e-10
   2.6564621e-10
   2.6609423e-10
   2.6685571e-10
   2.6838340e-10
   2.6961860e-10
   2.7073041e-10
   2.7113643e-10
   2.7142077e-10
   2.7234767e-10
   2.7269593e-10
   2.7425928e-10
   2.7544889e-10
   2.7599549e-10
   2.7656165e-10
   2.7692883e-10
   2.7763827e-10
   2.7786848e-10
   2.7907988e-10
   2.7940955e-10
   2.8002181e-10
   2.8134003e-10
   2.8212608e-10
   2.8244583e-10
   2.8324855e-10
   2.8507757e-10
   2.8643645e-10
   2.8670057e-10
   2.8754937e-10
   2.8843118e-10
   2.8927001e-10
   2.8999687e-10
   2.9115507e-10
   2.9182431e-10
   2.9204677e-10
   2.9245515e-10
   2.9377735e-10
   2.9557814e-10
   2.9606445e-10
   2.9626801e-10
   2.9696238e-10
   2.9794699e-10
   2.9950385e-10
   3.0052811e-10
   3.0083452e-10
   3.0145016e-10
   3.0173060e-10
   3.0260367e-10
   3.0304727e-10
   3.0522421e-10
   3.0553237e-10
   3.0572491e-10
   3.0639241e-10
   3.0708880e-10
   3.0768229e-10
   3.0859178e-10
   3.0988794e-10
   3.1037853e-10
   3.1091554e-10
   3.1171426e-10
   3.1224742e-10
   3.1379990e-10
   3.1440926e-10
   3.1578585e-10
   3.1650472e-10
   3.1880575e-10
   3.2064820e-10
   3.2165250e-10
   3.2181138e-10
   3.2259523e-10
   3.2419239e-10
   3.2462159e-10
   3.2535654e-10
   3.2652458e-10
   3.2734942e-10
   3.2751661e-10
   3.2855149e-10
   3.2924335e-10
   3.2972649e-10
   3.3048636e-10
   3.3165108e-10
   3.3240627e-10
   3.3334164e-10
   3.3473164e-10
   3.3593763e-10
   3.3758075e-10
   3.3908545e-10
   3.4026999e-10
   3.4078352e-10
   3.4143385e-10
   3.4227859e-10
   3.4324917e-10
   3.4484069e-10
   3.4582736e-10
   3.4631307e-10
   3.4691260e-10
   3.4773155e-10
   3.4837602e-10
   3.5000611e-10
   3.5079107e-10
   3.5090830e-10
   3.5184090e-10
   3.5236021e-10
   3.5320535e-10
   3.5535504e-10
   3.5689118e-10
   3.5727762e-10
   3.5767612e-10
   3.5834442e-10
   3.5886522e-10
   3.5909740e-10
   3.6046139e-10
   3.6118126e-10
   3.6188293e-10
   3.6307002e-10
   3.6347146e-10
   3.6377769e-10
   3.6473422e-10
   3.6585813e-10
   3.6604577e-10
   3.6635114e-10
   3.6710029e-10
   3.6755796e-10
   3.6773572e-10
   3.6791981e-10
   3.6901420e-10
   3.6965267e-10
   3.7055652e-10
   3.7139843e-10
   3.7261641e-10
   3.7303947e-10
   3.7315635e-10
   3.7375001e-10
   3.7400720e-10
   3.7468163e-10
   3.7567304e-10
   3.7624618e-10
   3.7649867e-10
   3.7726848e-10
   3.7768496e-10
   3.7916903e-10
   3.8005609e-10
   3.8086937e-10
   3.8144646e-10
   3.8280035e-10
   3.8334971e-10
   3.8384304e-10
   3.8513318e-10
   3.8676319e-10
   3.8806007e-10
   3.8848085e-10
   3.9021195e-10
   3.9194247e-10
   3.9244731e-10
   3.9300381e-10
   3.9363082e-10
   3.9487072e-10
   3.9606803e-10
   3.9701806e-10
   3.9786913e-10
   3.9821937e-10
   3.9863135e-10
   3.9968381e-10
   4.0074107e-10
   4.0213739e-10
   4.0489631e-10
   4.0564711e-10
   4.0670618e-10
   4.0759355e-10
   4.0832453e-10
   4.0958968e-10
   4.1054783e-10
   4.1080057e-10
   4.1142912e-10
   4.1211846e-10
   4.1358789e-10
   4.1392061e-10
   4.1501252e-10
   4.1587058e-10
   4.1733585e-10
   4.1838159e-10
   4.1889079e-10
   4.2038165e-10
   4.2158186e-10
   4.2207529e-10
   4.2318705e-10
   4.2384143e-10
   4.2417204e-10
   4.2468967e-10
   4.2501019e-10
   4.2670470e-10
   4.2822566e-10
   4.2859160e-10
   4.2915669e-10
   4.2971535e-10
   4.3017612e-10
   4.3093765e-10
   4.3124407e-10
   4.3155152e-10
   4.3293676e-10
   4.3459330e-10
   4.3569474e-10
   4.3740021e-10
   4.3875141e-10
   4.3952068e-10
   4.3970957e-10
   4.4009364e-10
   4.4042166e-10
   4.4143383e-10
   4.4246824e-10
   4.4340209e-10
   4.4414735e-10
   4.4652932e-10
   4.4698259e-10
   4.4785074e-10
   4.4887132e-10
   4.4965345e-10
   4.5053284e-10
   4.5147751e-10
   4.5235234e-10
   4.5366266e-10
   4.5504410e-10
   4.5567069e-10
   4.5704615e-10
   4.5750334e-10
   4.5827199e-10
   4.5861810e-10
   4.5999538e-10
   4.6019649e-10
   4.6091396e-10
   4.6264572e-10
   4.6294250e-10
   4.6424891e-10
   4.6629787e-10
   4.6730252e-10
   4.6933449e-10
   4.7006067e-10
   4.7117795e-10
   4.7180216e-10
   4.7215752e-10
   4.7278516e-10
   4.7341865e-10
   4.7406768e-10
   4.7454686e-10
   4.7556236e-10
   4.7603574e-10
   4.7638472e-10
   4.7707502e-10
   4.7823544e-10
   4.7841356e-10
   4.7901563e-10
   4.8003697e-10
   4.8085428e-10
   4.8213705e-10
   4.8315234e-10
   4.8399445e-10
   4.8629156e-10
   4.8735523e-10
   4.8814010e-10
   4.8909907e-10
   4.9055588e-10
   4.9164657e-10
   4.9245990e-10
   4.9334203e-10
   4.9392394e-10
   4.9491504e-10
   4.9614723e-10
   4.9648765e-10
   4.9679897e-10
   4.9786569e-10
   4.9867067e-10
   5.0008210e-10
   5.0115889e-10
   5.0175923e-10
   5.0284518e-10
   5.0354836e-10
   5.0451632e-10
   5.0476513e-10
   5.0496976e-10
   5.0642886e-10
   5.0672850e-10
   5.0827783e-10
   5.0938031e-10
   5.1019617e-10
   5.1135759e-10
   5.1187601e-10
   5.1335887e-10
   5.1460309e-10
   5.1601181e-10
   5.1665366e-10
   5.1795806e-10
   5.1834617e-10
   5.1880950e-10
   5.1955924e-10
   5.2004078e-10
   5.2033043e-10
   5.2179289e-10
   5.2200055e-10
   5.2354508e-10
   5.2498834e-10
   5.2600674e-10
   5.2659949e-10
   5.2732851e-10
   5.2836800e-10
   5.2939577e-10
   5.3057131e-10
