   2.8466600e-03
   8.6473599e-01
   9.3397636e-01
   1.0259347e+00
   1.0681109e+00
   1.1423498e+00
   1.1645481e+00
   1.1842202e+00
   1.2036474e+00
   1.2228862e+00
   1.2420244e+00
   1.2606566e+00
   1.2826422e+00
   1.3016685e+00
   1.3204849e+00
   1.3399423e+00
   1.3581787e+00
   1.3762281e+00
   1.3956310e+00
   1.4175079e+00
   1.4364860e+00
   1.4551274e+00
   1.4740107e+00
   1.4921686e+00
   1.5103613e+00
   1.5315786e+00
   1.5501268e+00
   1.5684099e+00
   1.5873340e+00
   1.6063330e+00
   1.6252706e+00
   1.6434001e+00
   1.6636229e+00
   1.6828461e+00
   1.7008563e+00
   1.7201873e+00
   1.7386673e+00
   1.7587743e+00
   1.7776363e+00
   1.7967100e+00
   1.8170565e+00
   1.8377611e+00
   1.8557213e+00
   1.8739007e+00
   1.8929698e+00
   1.9133750e+00
   1.9339682e+00
   1.9535028e+00
   1.9715726e+00
   1.9899470e+00
   2.0084249e+00
   2.0276276e+00
   2.0473999e+00
   2.0652415e+00
   2.0844861e+00
   2.1027233e+00
   2.1210140e+00
   2.1391302e+00
   2.1568835e+00
   2.1750552e+00
   2.1928506e+00
   2.2117126e+00
   2.2301191e+00
   2.2479614e+00
   2.2660423e+00
   2.2837015e+00
   2.3014722e+00
   2.3198730e+00
   2.3381335e+00
   2.3553919e+00
   2.3727516e+00
   2.3904175e+00
   2.4077516e+00
   2.4254497e+00
   2.4450114e+00
   2.4678009e+00
   2.4858388e+00
   2.5047172e+00
   2.5267348e+00
   2.5473060e+00
   2.5658637e+00
   2.5848126e+00
   2.6032758e+00
   2.6208005e+00
   2.6442850e+00
   2.6601608e+00
   2.6799749e+00
   2.7136113e+00
   2.7436877e+00
   2.7702972e+00
   2.7881305e+00
   2.8066604e+00
   2.8260553e+00
   2.8440176e+00
   2.8628396e+00
   2.8798987e+00
   2.8977050e+00
   2.9160443e+00
   2.9440331e+00
   2.9705035e+00
   2.9877538e+00
   3.0078121e+00
   3.0282048e+00
   3.0479527e+00
   3.0705227e+00
   3.0917635e+00
   3.1138123e+00
   3.1354269e+00
   3.1573390e+00
   3.1770176e+00
   3.1964969e+00
   3.2149080e+00
   3.2334195e+00
   3.2519004e+00
   3.2676917e+00
   3.2864181e+00
   3.3030046e+00
   3.3209239e+00
   3.3387893e+00
   3.3561720e+00
   3.3719661e+00
   3.3884927e+00
   3.4054671e+00
   3.4233772e+00
   3.4407884e+00
   3.4587819e+00
   3.4776454e+00
   3.4942900e+00
   3.5123132e+00
   3.5303751e+00
   3.5468614e+00
   3.5659028e+00
   3.5867970e+00
   3.6071779e+00
   3.6235313e+00
   3.6435390e+00
   3.6619601e+00
   3.6816436e+00
   3.7027262e+00
   3.7167335e+00
   3.7343441e+00
   3.7509156e+00
   3.7678442e+00
   3.7855453e+00
   3.8022549e+00
   3.8179130e+00
   3.8346558e+00
   3.8519783e+00
   3.8690951e+00
   3.8862915e+00
   3.9053023e+00
   3.9232381e+00
   3.9383410e+00
   3.9565444e+00
   3.9730041e+00
   3.9895936e+00
   4.0068617e+00
   4.0205540e+00
   4.0390960e+00
   4.0541485e+00
   4.0680474e+00
   4.0846878e+00
   4.1032598e+00
   4.1198128e+00
   4.1391715e+00
   4.1554075e+00
   4.1707473e+00
   4.1872442e+00
   4.2076343e+00
   4.2218715e+00
   4.2388418e+00
   4.2521370e+00
   4.2715821e+00
   4.2901102e+00
   4.3084758e+00
   4.3258247e+00
   4.3435047e+00
   4.3613282e+00
   4.3781541e+00
   4.3953043e+00
   4.4098452e+00
   4.4290147e+00
   4.4522885e+00
   4.4752369e+00
   4.4922747e+00
   4.5105758e+00
   4.5305907e+00
   4.5525070e+00
   4.5682095e+00
   4.5857547e+00
   4.6021074e+00
   4.6191004e+00
   4.6362663e+00
   4.6527820e+00
   4.6694254e+00
   4.6857626e+00
   4.7023927e+00
   4.7193320e+00
   4.7368922e+00
   4.7535569e+00
   4.7720628e+00
   4.7890399e+00
   4.8079077e+00
   4.8221843e+00
   4.8413759e+00
   4.8568873e+00
   4.8696512e+00
   4.8850694e+00
   4.8994122e+00
   4.9159321e+00
   4.9311104e+00
   4.9486137e+00
   4.9633633e+00
   4.9798627e+00
   4.9963869e+00
   5.0127244e+00
   5.0275062e+00
   5.0505274e+00
   5.0656139e+00
   5.0828365e+00
   5.0976325e+00
   5.1142114e+00
   5.1282799e+00
   5.1435651e+00
   5.1602087e+00
   5.1731511e+00
   5.1915846e+00
   5.2057200e+00
   5.2235419e+00
   5.2411730e+00
   5.2548997e+00
   5.2721383e+00
   5.2907699e+00
   5.3072835e+00
   5.3205519e+00
   5.3379412e+00
   5.3536430e+00
   5.3708648e+00
   5.3863599e+00
   5.4036922e+00
   5.4212412e+00
   5.4372528e+00
   5.4542400e+00
   5.4691252e+00
   5.4858841e+00
   5.5001226e+00
   5.5171180e+00
   5.5318556e+00
   5.5506202e+00
   5.5666098e+00
   5.5836401e+00
   5.6020661e+00
   5.6193623e+00
   5.6358231e+00
   5.6536659e+00
   5.6713367e+00
   5.6888210e+00
   5.7074610e+00
   5.7243578e+00
   5.7396766e+00
   5.7566211e+00
   5.7708063e+00
   5.7877745e+00
   5.8071708e+00
   5.8240800e+00
   5.8391688e+00
   5.8563759e+00
   5.8735546e+00
   5.8930820e+00
   5.9155565e+00
   5.9338807e+00
   5.9532175e+00
   5.9725598e+00
   5.9908649e+00
   6.0121201e+00
   6.0295121e+00
   6.0474475e+00
   6.0651791e+00
   6.0837518e+00
   6.1053585e+00
   6.1228481e+00
   6.1419502e+00
   6.1595847e+00
   6.1750210e+00
   6.1918016e+00
   6.2113273e+00
   6.2301899e+00
   6.2487870e+00
   6.2645507e+00
   6.2817016e+00
   6.2992084e+00
   6.3172076e+00
   6.3331536e+00
   6.3505528e+00
   6.3655985e+00
   6.3852883e+00
   6.4044462e+00
   6.4224523e+00
   6.4417541e+00
   6.4599564e+00
   6.4790446e+00
   6.5017859e+00
   6.5204909e+00
   6.5419406e+00
   6.5598167e+00
   6.5768701e+00
   6.5921277e+00
   6.6091204e+00
   6.6273095e+00
   6.6451762e+00
   6.6606809e+00
   6.6788595e+00
   6.6921516e+00
   6.7121924e+00
   6.7315162e+00
   6.7501783e+00
   6.7688158e+00
   6.7869396e+00
   6.8034404e+00
   6.8224648e+00
   6.8380183e+00
   6.8557484e+00
   6.8711799e+00
   6.8892746e+00
   6.9049329e+00
   6.9234120e+00
   6.9391817e+00
   6.9577232e+00
   6.9731193e+00
   6.9924026e+00
   7.0084755e+00
   7.0354280e+00
   7.0497790e+00
   7.0670184e+00
   7.0828264e+00
   7.0991761e+00
   7.1202542e+00
   7.1368056e+00
   7.1534434e+00
   7.1702922e+00
   7.1895639e+00
   7.2071380e+00
   7.2262899e+00
   7.2440837e+00
   7.2611960e+00
   7.2804616e+00
   7.2979095e+00
   7.3141413e+00
   7.3305537e+00
   7.3472851e+00
   7.3680401e+00
   7.3872007e+00
   7.4077227e+00
   7.4247431e+00
   7.4445946e+00
   7.4605664e+00
   7.4776188e+00
   7.4949688e+00
   7.5090659e+00
   7.5275817e+00
   7.5442238e+00
   7.5611221e+00
   7.5779912e+00
   7.5938091e+00
   7.6126929e+00
   7.6280159e+00
   7.6459017e+00
   7.6642509e+00
   7.6782852e+00
   7.6975975e+00
   7.7158664e+00
   7.7351296e+00
   7.7505830e+00
   7.7691719e+00
   7.7873056e+00
   7.8050070e+00
   7.8216904e+00
   7.8389170e+00
   7.8572659e+00
   7.8727282e+00
   7.8909265e+00
   7.9065049e+00
   7.9253582e+00
   7.9411267e+00
   7.9594015e+00
   7.9739499e+00
   7.9893379e+00
   8.0046757e+00
   8.0197638e+00
   8.0361778e+00
   8.0498473e+00
   8.0637136e+00
   8.0778895e+00
   8.0979900e+00
   8.1107662e+00
   8.1263056e+00
   8.1411127e+00
   8.1557935e+00
   8.1709710e+00
   8.1869342e+00
   8.2050444e+00
   8.2189239e+00
   8.2329942e+00
   8.2461692e+00
   8.2605670e+00
   8.2760809e+00
   8.2909277e+00
   8.3103088e+00
   8.3244421e+00
   8.3396246e+00
   8.3552992e+00
   8.3701109e+00
   8.3889136e+00
   8.4030342e+00
   8.4183384e+00
   8.4367181e+00
   8.4522395e+00
   8.4673186e+00
   8.4806917e+00
   8.4953097e+00
   8.5114879e+00
   8.5258611e+00
   8.5414765e+00
   8.5572223e+00
   8.5735152e+00
   8.5878556e+00
   8.6025297e+00
   8.6169528e+00
   8.6309682e+00
   8.6468843e+00
   8.6668210e+00
   8.6803075e+00
   8.7006429e+00
   8.7141545e+00
   8.7283185e+00
   8.7470235e+00
   8.7622099e+00
   8.7827910e+00
   8.7968622e+00
   8.8165611e+00
   8.8301405e+00
   8.8453683e+00
   8.8597284e+00
   8.8749558e+00
   8.8906760e+00
   8.9054137e+00
   8.9204894e+00
   8.9357962e+00
   8.9513653e+00
   8.9657348e+00
   8.9813113e+00
   8.9973502e+00
   9.0128519e+00
   9.0320387e+00
   9.0468730e+00
   9.0634305e+00
   9.0852963e+00
   9.0957518e+00
   9.1109721e+00
   9.1285612e+00
   9.1426997e+00
   9.1578976e+00
   9.1724322e+00
   9.1882583e+00
   9.2052820e+00
   9.2186347e+00
   9.2332161e+00
   9.2497056e+00
   9.2641499e+00
   9.2805446e+00
   9.2957333e+00
   9.3109232e+00
   9.3261103e+00
   9.3407886e+00
   9.3551404e+00
   9.3698127e+00
   9.3835883e+00
   9.4032469e+00
   9.4163652e+00
   9.4306512e+00
   9.4459282e+00
   9.4625053e+00
   9.4764530e+00
   9.4918243e+00
   9.5058250e+00
   9.5207241e+00
   9.5367462e+00
   9.5523139e+00
   9.5657400e+00
   9.5814919e+00
   9.5966816e+00
   9.6113340e+00
   9.6269527e+00
   9.6410413e+00
   9.6553650e+00
   9.6689701e+00
   9.6829895e+00
   9.6986780e+00
   9.7137063e+00
   9.7284564e+00
   9.7449663e+00
   9.7617250e+00
   9.7822692e+00
   9.7998537e+00
   9.8180417e+00
   9.8346552e+00
   9.8525776e+00
   9.8681938e+00
   9.8853798e+00
   9.9029270e+00
   9.9188358e+00
   9.9345222e+00
   9.9578299e+00
   9.9748647e+00
   9.9902795e+00
   1.0011153e+01
   1.0028900e+01
   1.0046510e+01
   1.0064993e+01
   1.0085526e+01
   1.0103816e+01
   1.0126019e+01
   1.0144415e+01
   1.0161908e+01
   1.0180640e+01
   1.0199909e+01
   1.0222156e+01
   1.0239971e+01
   1.0257020e+01
   1.0274117e+01
   1.0292186e+01
   1.0309734e+01
   1.0326765e+01
   1.0343841e+01
   1.0360309e+01
   1.0377321e+01
   1.0394902e+01
   1.0412385e+01
   1.0430132e+01
   1.0448887e+01
   1.0471890e+01
   1.0488691e+01
   1.0505549e+01
   1.0522720e+01
   1.0543395e+01
   1.0559952e+01
   1.0577090e+01
   1.0596722e+01
   1.0614376e+01
   1.0634852e+01
   1.0654134e+01
   1.0672629e+01
   1.0689939e+01
   1.0706673e+01
   1.0724144e+01
   1.0741164e+01
   1.0757232e+01
   1.0768245e+01
   1.0790895e+01
   1.0810626e+01
   1.0826877e+01
   1.0843481e+01
   1.0859557e+01
   1.0881219e+01
   1.0898456e+01
   1.0915176e+01
   1.0928651e+01
   1.0947873e+01
   1.0968153e+01
   1.0987292e+01
   1.1004231e+01
   1.1023828e+01
   1.1041413e+01
   1.1058242e+01
   1.1076625e+01
   1.1094568e+01
   1.1114950e+01
   1.1131933e+01
   1.1149354e+01
   1.1168259e+01
   1.1185914e+01
   1.1205400e+01
   1.1223676e+01
   1.1241317e+01
   1.1257913e+01
   1.1275639e+01
   1.1293287e+01
   1.1311414e+01
   1.1329757e+01
   1.1346878e+01
   1.1361735e+01
   1.1376220e+01
   1.1391597e+01
   1.1411649e+01
   1.1429770e+01
   1.1453686e+01
   1.1463424e+01
   1.1486165e+01
   1.1505182e+01
   1.1525631e+01
   1.1546689e+01
   1.1563641e+01
   1.1572362e+01
   1.1592627e+01
   1.1612641e+01
   1.1633330e+01
   1.1651192e+01
   1.1669492e+01
   1.1691804e+01
   1.1708561e+01
   1.1726038e+01
   1.1744196e+01
   1.1765316e+01
   1.1781416e+01
   1.1796262e+01
   1.1811984e+01
   1.1828236e+01
   1.1844152e+01
   1.1863065e+01
   1.1878585e+01
   1.1894945e+01
   1.1914442e+01
   1.1929121e+01
   1.1944407e+01
   1.1959087e+01
   1.1973769e+01
   1.1991302e+01
   1.2006570e+01
   1.2021599e+01
   1.2037690e+01
   1.2054210e+01
   1.2070184e+01
   1.2086040e+01
   1.2102152e+01
   1.2118438e+01
   1.2136177e+01
   1.2154925e+01
   1.2171554e+01
   1.2187942e+01
   1.2204020e+01
   1.2219767e+01
   1.2236597e+01
   1.2253528e+01
   1.2269731e+01
   1.2285772e+01
   1.2302302e+01
   1.2318540e+01
   1.2334679e+01
   1.2350804e+01
   1.2367287e+01
   1.2383997e+01
   1.2400136e+01
   1.2415333e+01
   1.2430105e+01
   1.2446097e+01
   1.2461252e+01
   1.2475970e+01
   1.2491583e+01
   1.2507370e+01
   1.2522749e+01
   1.2539150e+01
   1.2555457e+01
   1.2570873e+01
   1.2586892e+01
   1.2602479e+01
   1.2618471e+01
   1.2634372e+01
   1.2650799e+01
   1.2670142e+01
   1.2686874e+01
   1.2703780e+01
   1.2716233e+01
   1.2737156e+01
   1.2755311e+01
   1.2771701e+01
   1.2788827e+01
   1.2805482e+01
   1.2820869e+01
   1.2837315e+01
   1.2853477e+01
   1.2869915e+01
   1.2885687e+01
   1.2901577e+01
   1.2917269e+01
   1.2932086e+01
   1.2948203e+01
   1.2964536e+01
   1.2979485e+01
   1.2996753e+01
   1.3012741e+01
   1.3024763e+01
   1.3042170e+01
   1.3058837e+01
   1.3074348e+01
   1.3090731e+01
   1.3106838e+01
   1.3121825e+01
   1.3137665e+01
   1.3154256e+01
   1.3169571e+01
   1.3186044e+01
   1.3201132e+01
   1.3217250e+01
   1.3232442e+01
   1.3248188e+01
   1.3262976e+01
   1.3277013e+01
   1.3293419e+01
   1.3309239e+01
   1.3325734e+01
   1.3342947e+01
   1.3360796e+01
   1.3381453e+01
   1.3398957e+01
   1.3414184e+01
   1.3429366e+01
   1.3443240e+01
   1.3459742e+01
   1.3475548e+01
   1.3493550e+01
   1.3509591e+01
   1.3526334e+01
   1.3543238e+01
   1.3559638e+01
   1.3576090e+01
   1.3592842e+01
   1.3609505e+01
   1.3625606e+01
   1.3641981e+01
   1.3658799e+01
   1.3674432e+01
   1.3690613e+01
   1.3707141e+01
   1.3731847e+01
   1.3746124e+01
   1.3760261e+01
   1.3777322e+01
   1.3794666e+01
   1.3810528e+01
   1.3827407e+01
   1.3843461e+01
   1.3859889e+01
   1.3876659e+01
   1.3894406e+01
   1.3912289e+01
   1.3928817e+01
   1.3945439e+01
   1.3960581e+01
   1.3978570e+01
   1.3996172e+01
   1.4012677e+01
   1.4027948e+01
   1.4044831e+01
   1.4057960e+01
   1.4076639e+01
   1.4090311e+01
   1.4104550e+01
   1.4118127e+01
   1.4131072e+01
   1.4144459e+01
   1.4159011e+01
   1.4172766e+01
   1.4186296e+01
   1.4199767e+01
   1.4212895e+01
   1.4227133e+01
   1.4240749e+01
   1.4255470e+01
   1.4269026e+01
   1.4283551e+01
   1.4300242e+01
   1.4315175e+01
   1.4332190e+01
   1.4345566e+01
   1.4361184e+01
   1.4377367e+01
   1.4394521e+01
   1.4409514e+01
   1.4425158e+01
   1.4439942e+01
   1.4453520e+01
   1.4467155e+01
   1.4481072e+01
   1.4500230e+01
   1.4512953e+01
   1.4528315e+01
   1.4542997e+01
   1.4557253e+01
   1.4571159e+01
   1.4585122e+01
   1.4603095e+01
   1.4617824e+01
   1.4636525e+01
   1.4650250e+01
   1.4663205e+01
   1.4678736e+01
   1.4693938e+01
   1.4709694e+01
   1.4724456e+01
   1.4738924e+01
   1.4753297e+01
   1.4771122e+01
   1.4785373e+01
   1.4799222e+01
   1.4812804e+01
   1.4827512e+01
   1.4842474e+01
   1.4857655e+01
   1.4872201e+01
   1.4890179e+01
   1.4904324e+01
   1.4919288e+01
   1.4934579e+01
   1.4951719e+01
   1.4965907e+01
   1.4979273e+01
   1.4993152e+01
   1.5007895e+01
   1.5021434e+01
   1.5038770e+01
   1.5052212e+01
   1.5064519e+01
   1.5079168e+01
   1.5093057e+01
   1.5107140e+01
   1.5120643e+01
   1.5138067e+01
   1.5151352e+01
   1.5164117e+01
   1.5178302e+01
   1.5192885e+01
   1.5204801e+01
   1.5211606e+01
   1.5222542e+01
   1.5246580e+01
   1.5261686e+01
   1.5277866e+01
   1.5300262e+01
   1.5316228e+01
   1.5335667e+01
   1.5348867e+01
   1.5364269e+01
   1.5382979e+01
   1.5396244e+01
   1.5414230e+01
   1.5429036e+01
   1.5443743e+01
   1.5458126e+01
   1.5475498e+01
   1.5492629e+01
   1.5509109e+01
   1.5523105e+01
   1.5537280e+01
   1.5551262e+01
   1.5564820e+01
   1.5578990e+01
   1.5594620e+01
   1.5612444e+01
   1.5627501e+01
   1.5643378e+01
   1.5660466e+01
   1.5679684e+01
   1.5696631e+01
   1.5712061e+01
   1.5728848e+01
   1.5748189e+01
   1.5762864e+01
   1.5776953e+01
   1.5791911e+01
   1.5809215e+01
   1.5823163e+01
   1.5838290e+01
   1.5853174e+01
   1.5870911e+01
   1.5884769e+01
   1.5898431e+01
   1.5914733e+01
   1.5930308e+01
   1.5945581e+01
   1.5958699e+01
   1.5973049e+01
   1.5990184e+01
   1.6005541e+01
   1.6018384e+01
   1.6033572e+01
   1.6050753e+01
   1.6065182e+01
   1.6079527e+01
   1.6094041e+01
   1.6107365e+01
   1.6120831e+01
   1.6133586e+01
   1.6148278e+01
   1.6163167e+01
   1.6178242e+01
   1.6192567e+01
   1.6209284e+01
   1.6223568e+01
   1.6237447e+01
   1.6250279e+01
   1.6264180e+01
   1.6279007e+01
   1.6293090e+01
   1.6306925e+01
   1.6320377e+01
   1.6333494e+01
   1.6347510e+01
   1.6362286e+01
   1.6376002e+01
   1.6389792e+01
   1.6402903e+01
   1.6416660e+01
   1.6435774e+01
   1.6449990e+01
   1.6679551e+01
   1.6695866e+01
   1.6711044e+01
   1.6722100e+01
   1.6735580e+01
   1.6753079e+01
   1.6767083e+01
   1.6782063e+01
   1.6796634e+01
   1.6810262e+01
   1.6823579e+01
   1.6836053e+01
   1.6850800e+01
   1.6865650e+01
   1.6880318e+01
   1.6893415e+01
   1.6907142e+01
   1.6920441e+01
   1.6934193e+01
   1.6948645e+01
   1.6961678e+01
   1.6975933e+01
   1.6989001e+01
   1.7001964e+01
   1.7015895e+01
   1.7030914e+01
   1.7045835e+01
   1.7059533e+01
   1.7070584e+01
   1.7086556e+01
   1.7100951e+01
   1.7115518e+01
   1.7128825e+01
   1.7141987e+01
   1.7155255e+01
   1.7168446e+01
   1.7183132e+01
   1.7197759e+01
   1.7211137e+01
   1.7224213e+01
   1.7241830e+01
   1.7254199e+01
   1.7272038e+01
   1.7286783e+01
   1.7303961e+01
   1.7318855e+01
   1.7333311e+01
   1.7347667e+01
   1.7360864e+01
   1.7373861e+01
   1.7386438e+01
   1.7399885e+01
   1.7414374e+01
   1.7427379e+01
   1.7441605e+01
   1.7453892e+01
   1.7467813e+01
   1.7482299e+01
   1.7495915e+01
   1.7509211e+01
   1.7521389e+01
   1.7534854e+01
   1.7550260e+01
   1.7563844e+01
   1.7577687e+01
   1.7591262e+01
   1.7603745e+01
   1.7618218e+01
   1.7634183e+01
   1.7648714e+01
   1.7662023e+01
   1.7679003e+01
   1.7692650e+01
   1.7704830e+01
   1.7718619e+01
   1.7732025e+01
   1.7747474e+01
   1.7761016e+01
   1.7774977e+01
   1.7787370e+01
   1.7800820e+01
   1.7815059e+01
   1.7829334e+01
   1.7844654e+01
   1.7860779e+01
   1.7876187e+01
