   7.3342000e-02
   8.0592000e-02
   8.6618000e-02
   9.2201000e-02
   9.7830000e-02
   1.0329100e-01
   1.0871200e-01
   1.1410500e-01
   1.1943100e-01
   1.2478300e-01
   1.3010000e-01
   1.3544300e-01
   1.4073600e-01
   1.4599400e-01
   1.5133600e-01
   1.5666100e-01
   1.6188800e-01
   1.6713900e-01
   1.7248900e-01
   1.7781200e-01
   1.8306300e-01
   1.8834300e-01
   1.9359700e-01
   1.9885900e-01
   2.0418600e-01
   2.0949500e-01
   2.1477000e-01
   2.2003000e-01
   2.2538900e-01
   2.3066700e-01
   2.3587700e-01
   2.4110300e-01
   2.4632900e-01
   2.5150200e-01
   2.5744800e-01
   2.6262700e-01
   2.6782600e-01
   2.7306700e-01
   2.7831200e-01
   2.8349700e-01
   2.8880300e-01
   2.9400600e-01
   2.9918600e-01
   3.0442700e-01
   3.0956400e-01
   3.1482900e-01
   3.2008200e-01
   3.2529800e-01
   3.3051400e-01
   3.3574200e-01
   3.4089900e-01
   3.4605900e-01
   3.5126600e-01
   3.5650000e-01
   3.6167400e-01
   3.6688300e-01
   3.7210600e-01
   3.7736300e-01
   3.8260800e-01
   3.8778800e-01
   3.9302700e-01
   3.9823000e-01
   4.0353600e-01
   4.0875000e-01
   4.1401700e-01
   4.1922700e-01
   4.2444200e-01
   4.2966900e-01
   4.3487300e-01
   4.4015100e-01
   4.4536000e-01
   4.5057600e-01
   4.5572900e-01
   4.6091700e-01
   4.6611400e-01
   4.7136400e-01
   4.7655700e-01
   4.8172400e-01
   4.8690300e-01
   4.9206300e-01
   4.9734000e-01
   5.0256000e-01
   5.0782000e-01
   5.1296700e-01
   5.1815100e-01
   5.2350400e-01
   5.2876800e-01
   5.3396500e-01
   5.3917000e-01
   5.4479100e-01
   5.5000200e-01
   5.5600600e-01
   5.6140700e-01
   5.6658000e-01
   5.7178200e-01
   5.7701700e-01
   5.8227500e-01
   5.8750800e-01
   5.9305700e-01
   5.9830500e-01
   6.0348300e-01
   6.0874000e-01
   6.1399900e-01
   6.1923000e-01
   6.2447200e-01
   6.2966700e-01
   6.3520600e-01
   6.4079100e-01
   6.4603900e-01
   6.5126300e-01
   6.5649700e-01
   6.6174300e-01
   6.6696000e-01
   6.7218000e-01
   6.7745300e-01
   6.8271100e-01
   6.8789900e-01
   6.9305500e-01
   6.9828200e-01
   7.0347200e-01
   7.0885900e-01
   7.1406600e-01
   7.1930300e-01
   7.2454800e-01
   7.2980400e-01
   7.3499000e-01
   7.4023500e-01
   7.4547700e-01
   7.5067900e-01
   7.5599400e-01
   7.6124800e-01
   7.6652300e-01
   7.7196300e-01
   7.7715900e-01
   7.8240600e-01
   7.8766000e-01
   7.9291500e-01
   7.9813600e-01
   8.0335600e-01
   8.0864700e-01
   8.1418200e-01
   8.1932400e-01
   8.2477900e-01
   8.3031800e-01
   8.3555900e-01
   8.4083100e-01
   8.4603300e-01
   8.5121200e-01
   8.5645100e-01
   8.6165900e-01
   8.6693500e-01
   8.7212700e-01
   8.7738600e-01
   8.8286900e-01
   8.8841400e-01
   8.9365800e-01
   8.9882900e-01
   9.0400800e-01
   9.0920700e-01
   9.1439400e-01
   9.1960400e-01
   9.2479800e-01
   9.2999700e-01
   9.3531600e-01
   9.4054700e-01
   9.4579300e-01
   9.5104900e-01
   9.5640500e-01
   9.6164000e-01
   9.6689500e-01
   9.7208400e-01
   9.7727100e-01
   9.8278500e-01
   9.8800700e-01
   9.9355500e-01
   9.9882100e-01
   1.0040330e+00
   1.0092820e+00
   1.0144600e+00
   1.0206200e+00
   1.0258330e+00
   1.0309810e+00
   1.0361660e+00
   1.0413650e+00
   1.0466260e+00
   1.0518890e+00
   1.0571990e+00
   1.0624140e+00
   1.0675710e+00
   1.0727830e+00
   1.0780010e+00
   1.0831470e+00
   1.0883890e+00
   1.0935320e+00
   1.0987960e+00
   1.1040250e+00
   1.1092470e+00
   1.1144690e+00
   1.1197280e+00
   1.1250630e+00
   1.1303240e+00
   1.1355390e+00
   1.1407730e+00
   1.1460280e+00
   1.1512840e+00
   1.1564930e+00
   1.1617000e+00
   1.1668740e+00
   1.1720850e+00
   1.1773400e+00
   1.1826630e+00
   1.1878530e+00
   1.1930060e+00
   1.1981980e+00
   1.2035130e+00
   1.2086870e+00
   1.2138790e+00
   1.2190940e+00
   1.2245910e+00
   1.2297880e+00
   1.2350200e+00
   1.2402590e+00
   1.2455390e+00
   1.2507890e+00
   1.2559920e+00
   1.2612510e+00
   1.2664940e+00
   1.2716740e+00
   1.2768430e+00
   1.2820390e+00
   1.2872630e+00
   1.2930710e+00
   1.2983370e+00
   1.3035820e+00
   1.3088640e+00
   1.3145620e+00
   1.3198670e+00
   1.3250910e+00
   1.3311950e+00
   1.3364390e+00
   1.3417130e+00
   1.3469190e+00
   1.3521080e+00
   1.3576840e+00
   1.3633750e+00
   1.3686580e+00
   1.3739300e+00
   1.3791980e+00
   1.3844250e+00
   1.3896690e+00
   1.3949260e+00
   1.4004040e+00
   1.4056360e+00
   1.4108930e+00
   1.4161620e+00
   1.4214500e+00
   1.4267130e+00
   1.4320480e+00
   1.4372750e+00
   1.4425120e+00
   1.4477700e+00
   1.4530600e+00
   1.4583090e+00
   1.4635580e+00
   1.4688170e+00
   1.4740400e+00
   1.4793080e+00
   1.4845110e+00
   1.4897510e+00
   1.4950320e+00
   1.5003000e+00
   1.5055510e+00
   1.5107840e+00
   1.5161200e+00
   1.5214160e+00
   1.5265920e+00
   1.5317870e+00
   1.5369760e+00
   1.5424860e+00
   1.5482640e+00
   1.5536160e+00
   1.5588490e+00
   1.5643700e+00
   1.5696240e+00
   1.5748710e+00
   1.5801290e+00
   1.5853670e+00
   1.5905530e+00
   1.5958050e+00
   1.6010150e+00
   1.6062110e+00
   1.6114270e+00
   1.6172020e+00
   1.6224610e+00
   1.6277090e+00
   1.6329150e+00
   1.6381550e+00
   1.6433780e+00
   1.6486170e+00
   1.6538220e+00
   1.6590600e+00
   1.6642910e+00
   1.6695240e+00
   1.6749960e+00
   1.6802780e+00
   1.6854740e+00
   1.6906650e+00
   1.6959060e+00
   1.7012290e+00
   1.7064760e+00
   1.7117310e+00
   1.7169770e+00
   1.7225160e+00
   1.7277230e+00
   1.7329000e+00
   1.7380850e+00
   1.7432910e+00
   1.7484900e+00
   1.7536760e+00
   1.7588980e+00
   1.7640900e+00
   1.7693630e+00
   1.7745850e+00
   1.7797370e+00
   1.7849150e+00
   1.7901040e+00
   1.7960520e+00
   1.8013900e+00
   1.8065840e+00
   1.8118270e+00
   1.8170120e+00
   1.8222040e+00
   1.8274370e+00
   1.8326450e+00
   1.8378360e+00
   1.8430380e+00
   1.8482350e+00
   1.8534300e+00
   1.8585980e+00
   1.8640810e+00
   1.8692990e+00
   1.8745480e+00
   1.8797380e+00
   1.8849690e+00
   1.8902690e+00
   1.8955090e+00
   1.9007580e+00
   1.9060620e+00
   1.9112530e+00
   1.9164280e+00
   1.9216410e+00
   1.9268950e+00
   1.9320650e+00
   1.9372520e+00
   1.9424980e+00
   1.9477440e+00
   1.9530240e+00
   1.9582660e+00
   1.9634840e+00
   1.9687310e+00
   1.9739840e+00
   1.9792210e+00
   1.9844850e+00
   1.9897450e+00
   1.9949660e+00
   2.0001550e+00
   2.0054050e+00
   2.0106900e+00
   2.0158820e+00
   2.0210770e+00
   2.0262490e+00
   2.0314440e+00
   2.0366300e+00
   2.0418020e+00
   2.0469750e+00
   2.0521560e+00
   2.0573430e+00
   2.0625580e+00
   2.0678620e+00
   2.0731880e+00
   2.0784130e+00
   2.0836390e+00
   2.0888580e+00
   2.0940890e+00
   2.0993500e+00
   2.1053440e+00
   2.1106200e+00
   2.1158930e+00
   2.1211360e+00
   2.1263610e+00
   2.1315490e+00
   2.1368610e+00
   2.1421080e+00
   2.1473490e+00
   2.1525110e+00
   2.1576850e+00
   2.1629170e+00
   2.1682070e+00
   2.1735080e+00
   2.1787500e+00
   2.1839860e+00
   2.1892020e+00
   2.1944520e+00
   2.1999890e+00
   2.2051600e+00
   2.2103720e+00
   2.2155660e+00
   2.2207880e+00
   2.2259650e+00
   2.2311550e+00
   2.2363810e+00
   2.2415760e+00
   2.2468520e+00
   2.2520630e+00
   2.2572630e+00
   2.2625130e+00
   2.2677170e+00
   2.2729040e+00
   2.2781920e+00
   2.2834160e+00
   2.2886650e+00
   2.2938770e+00
   2.2992290e+00
   2.3044780e+00
   2.3096940e+00
   2.3149300e+00
   2.3201890e+00
   2.3253870e+00
   2.3307550e+00
   2.3360310e+00
   2.3412650e+00
   2.3465130e+00
   2.3517390e+00
   2.3569340e+00
   2.3622420e+00
   2.3674950e+00
   2.3727710e+00
   2.3779690e+00
   2.3831410e+00
   2.3883200e+00
   2.3935060e+00
   2.3987050e+00
   2.4038830e+00
   2.4090830e+00
   2.4142480e+00
   2.4194950e+00
   2.4247780e+00
   2.4299810e+00
   2.4351940e+00
   2.4404450e+00
   2.4457260e+00
   2.4509840e+00
   2.4562140e+00
   2.4614810e+00
   2.4666850e+00
   2.4718740e+00
   2.4770910e+00
   2.4828650e+00
   2.4881510e+00
   2.4933810e+00
   2.4986300e+00
   2.5038290e+00
   2.5090650e+00
   2.5143780e+00
   2.5195790e+00
   2.5247560e+00
   2.5299570e+00
   2.5351090e+00
   2.5403190e+00
   2.5455430e+00
   2.5507550e+00
   2.5559950e+00
   2.5612310e+00
   2.5664900e+00
   2.5718400e+00
   2.5770870e+00
   2.5823180e+00
   2.5875570e+00
   2.5927860e+00
   2.5980220e+00
   2.6032480e+00
   2.6084050e+00
   2.6136460e+00
   2.6188310e+00
   2.6240500e+00
   2.6292360e+00
   2.6346700e+00
   2.6399110e+00
   2.6451750e+00
   2.6504260e+00
   2.6556910e+00
   2.6609370e+00
   2.6661840e+00
   2.6715260e+00
   2.6767660e+00
   2.6820010e+00
   2.6872520e+00
   2.6924490e+00
   2.6977130e+00
   2.7029100e+00
   2.7081410e+00
   2.7133420e+00
   2.7185300e+00
   2.7237340e+00
   2.7288930e+00
   2.7340720e+00
   2.7395750e+00
   2.7447910e+00
   2.7500480e+00
   2.7552790e+00
   2.7605020e+00
   2.7657240e+00
   2.7709680e+00
   2.7762260e+00
   2.7814890e+00
   2.7867430e+00
   2.7920050e+00
   2.7972420e+00
   2.8024000e+00
   2.8076410e+00
   2.8129140e+00
   2.8182200e+00
   2.8234340e+00
   2.8286700e+00
   2.8339380e+00
   2.8391730e+00
   2.8444210e+00
   2.8496460e+00
   2.8548640e+00
   2.8600990e+00
   2.8653140e+00
   2.8705600e+00
   2.8757580e+00
   2.8815830e+00
   2.8869060e+00
   2.8920920e+00
   2.8972950e+00
   2.9025060e+00
   2.9077200e+00
   2.9129250e+00
   2.9181700e+00
   2.9234280e+00
   2.9287000e+00
   2.9339280e+00
   2.9392010e+00
   2.9444480e+00
   2.9496780e+00
   2.9548700e+00
   2.9601350e+00
   2.9653740e+00
   2.9709520e+00
   2.9761180e+00
   2.9813110e+00
   2.9864970e+00
   2.9916850e+00
   2.9968930e+00
   3.0020880e+00
   3.0072880e+00
   3.0124670e+00
   3.0177260e+00
   3.0229490e+00
   3.0281880e+00
   3.0334020e+00
   3.0385890e+00
   3.0438480e+00
   3.0490550e+00
   3.0542780e+00
   3.0595280e+00
   3.0648560e+00
   3.0700860e+00
   3.0752930e+00
   3.0805330e+00
   3.0858020e+00
   3.0910600e+00
   3.0963060e+00
   3.1015140e+00
   3.1067340e+00
   3.1120550e+00
   3.1172330e+00
   3.1224250e+00
   3.1276260e+00
   3.1328190e+00
   3.1380460e+00
   3.1432170e+00
   3.1484270e+00
   3.1536070e+00
   3.1587680e+00
   3.1639880e+00
   3.1692560e+00
   3.1744930e+00
   3.1797680e+00
   3.1850740e+00
   3.1911150e+00
   3.1963670e+00
   3.2016020e+00
   3.2068170e+00
   3.2120290e+00
   3.2172560e+00
   3.2224810e+00
   3.2277870e+00
   3.2333050e+00
   3.2385700e+00
   3.2438030e+00
   3.2490370e+00
   3.2542740e+00
   3.2595590e+00
   3.2650190e+00
   3.2701820e+00
   3.2753930e+00
   3.2805910e+00
   3.2858290e+00
   3.2910800e+00
   3.2962720e+00
   3.3014130e+00
   3.3065860e+00
   3.3117960e+00
   3.3169590e+00
   3.3221520e+00
   3.3273320e+00
   3.3325660e+00
   3.3377790e+00
   3.3430640e+00
   3.3482830e+00
   3.3535060e+00
   3.3587810e+00
   3.3640150e+00
   3.3692620e+00
   3.3747780e+00
   3.3800120e+00
   3.3852380e+00
   3.3904280e+00
   3.3956400e+00
   3.4008400e+00
   3.4060440e+00
   3.4112550e+00
   3.4165700e+00
   3.4217750e+00
   3.4270130e+00
   3.4322410e+00
   3.4374310e+00
   3.4426940e+00
   3.4479240e+00
   3.4532010e+00
   3.4584140e+00
   3.4636520e+00
   3.4688170e+00
   3.4740450e+00
   3.4792580e+00
   3.4844470e+00
   3.4896560e+00
   3.4948570e+00
   3.5008420e+00
   3.5060550e+00
   3.5112310e+00
   3.5169930e+00
   3.5222100e+00
   3.5274150e+00
   3.5326720e+00
   3.5379230e+00
   3.5431360e+00
   3.5483310e+00
   3.5535740e+00
   3.5587720e+00
   3.5639480e+00
   3.5691140e+00
   3.5743000e+00
   3.5795560e+00
   3.5847430e+00
   3.5899020e+00
   3.5951360e+00
   3.6003730e+00
   3.6055140e+00
   3.6107140e+00
   3.6159390e+00
   3.6211350e+00
   3.6263970e+00
   3.6316310e+00
   3.6374170e+00
   3.6426390e+00
   3.6478720e+00
   3.6538960e+00
   3.6591810e+00
   3.6644750e+00
   3.6697350e+00
   3.6749570e+00
   3.6801780e+00
   3.6853780e+00
   3.6905590e+00
   3.6957590e+00
   3.7009530e+00
   3.7061130e+00
   3.7113530e+00
   3.7165630e+00
   3.7217840e+00
   3.7269330e+00
   3.7321270e+00
   3.7373420e+00
   3.7425970e+00
   3.7478610e+00
   3.7531600e+00
   3.7583890e+00
   3.7636350e+00
   3.7689000e+00
   3.7741060e+00
   3.7792930e+00
   3.7845270e+00
   3.7897020e+00
   3.7949150e+00
   3.8001610e+00
   3.8053940e+00
   3.8106150e+00
   3.8158830e+00
   3.8217270e+00
   3.8269070e+00
   3.8320880e+00
   3.8372980e+00
   3.8425090e+00
   3.8477600e+00
   3.8529620e+00
   3.8581840e+00
   3.8633890e+00
   3.8685820e+00
   3.8739110e+00
   3.8790740e+00
   3.8842590e+00
   3.8894820e+00
   3.8946690e+00
   3.8999240e+00
   3.9051870e+00
   3.9105120e+00
   3.9158090e+00
   3.9210040e+00
   3.9264810e+00
   3.9317370e+00
   3.9369970e+00
   3.9422850e+00
   3.9475210e+00
   3.9527510e+00
   3.9579480e+00
   3.9640130e+00
   3.9692280e+00
   3.9744510e+00
   3.9800140e+00
   3.9852600e+00
   3.9905140e+00
   3.9959990e+00
   4.0012290e+00
   4.0064420e+00
   4.0116660e+00
   4.0169040e+00
   4.0221270e+00
   4.0273710e+00
   4.0325690e+00
   4.0380410e+00
   4.0432940e+00
   4.0485060e+00
   4.0537560e+00
   4.0591310e+00
   4.0644100e+00
   4.0696740e+00
   4.0749650e+00
   4.0802430e+00
   4.0854550e+00
   4.0906640e+00
   4.0958500e+00
   4.1012000e+00
   4.1064240e+00
   4.1116430e+00
   4.1168770e+00
   4.1222000e+00
   4.1274210e+00
   4.1326450e+00
   4.1378930e+00
   4.1431730e+00
   4.1484200e+00
   4.1536840e+00
   4.1589600e+00
   4.1641690e+00
   4.1693750e+00
   4.1745610e+00
   4.1797310e+00
   4.1849340e+00
   4.1902290e+00
   4.1954600e+00
   4.2006910e+00
   4.2059470e+00
   4.2111920e+00
   4.2164850e+00
   4.2217390e+00
   4.2270080e+00
   4.2321960e+00
   4.2374600e+00
   4.2426590e+00
   4.2478630e+00
   4.2530650e+00
   4.2582550e+00
   4.2635140e+00
   4.2687880e+00
   4.2748270e+00
   4.2800820e+00
   4.2853670e+00
   4.2912200e+00
   4.2964940e+00
   4.3017360e+00
   4.3070210e+00
   4.3122550e+00
   4.3175000e+00
   4.3227370e+00
   4.3279960e+00
   4.3332490e+00
   4.3384960e+00
   4.3437350e+00
   4.3489550e+00
   4.3541830e+00
   4.3594020e+00
   4.3645870e+00
   4.3698030e+00
   4.3750340e+00
   4.3802720e+00
   4.3854710e+00
   4.3906620e+00
   4.3958400e+00
   4.4010190e+00
   4.4062370e+00
   4.4117400e+00
   4.4169690e+00
   4.4221800e+00
   4.4274470e+00
   4.4326980e+00
   4.4379470e+00
   4.4431980e+00
   4.4484780e+00
   4.4537200e+00
   4.4589570e+00
   4.4642430e+00
   4.4694810e+00
   4.4747150e+00
   4.4798890e+00
   4.4850590e+00
   4.4902550e+00
   4.4954970e+00
   4.5006600e+00
   4.5058590e+00
   4.5110560e+00
   4.5162520e+00
   4.5214730e+00
   4.5270310e+00
   4.5324440e+00
   4.5376380e+00
   4.5428360e+00
   4.5480920e+00
   4.5533560e+00
   4.5585670e+00
   4.5638100e+00
   4.5693430e+00
   4.5745330e+00
   4.5797830e+00
   4.5857510e+00
   4.5910410e+00
   4.5962550e+00
   4.6014440e+00
   4.6066460e+00
   4.6121490e+00
   4.6176470e+00
   4.6228600e+00
   4.6281240e+00
   4.6333690e+00
   4.6391710e+00
   4.6444450e+00
   4.6496870e+00
   4.6549280e+00
   4.6601830e+00
   4.6653670e+00
   4.6705300e+00
   4.6760360e+00
   4.6812800e+00
   4.6864980e+00
   4.6917470e+00
   4.6969930e+00
   4.7022910e+00
   4.7075070e+00
   4.7130290e+00
   4.7182330e+00
   4.7234850e+00
   4.7287440e+00
   4.7339190e+00
   4.7391400e+00
   4.7443630e+00
   4.7499540e+00
   4.7552690e+00
   4.7605510e+00
   4.7657810e+00
   4.7712870e+00
   4.7765360e+00
   4.7817180e+00
   4.7869080e+00
   4.7921000e+00
   4.7972700e+00
   4.8024430e+00
   4.8076890e+00
   4.8129110e+00
   4.8181330e+00
   4.8232860e+00
   4.8284460e+00
   4.8343370e+00
   4.8396070e+00
   4.8448300e+00
   4.8500650e+00
   4.8552750e+00
   4.8605500e+00
   4.8657710e+00
   4.8711850e+00
   4.8764500e+00
   4.8816970e+00
   4.8869450e+00
   4.8928090e+00
   4.8991780e+00
   4.9044230e+00
   4.9097970e+00
   4.9149880e+00
   4.9201640e+00
   4.9253490e+00
   4.9305120e+00
   4.9358120e+00
   4.9410530e+00
   4.9462620e+00
   4.9514690e+00
   4.9567000e+00
   4.9619570e+00
   4.9671870e+00
   4.9724500e+00
   4.9776870e+00
   4.9829510e+00
   4.9881530e+00
   4.9933560e+00
   4.9985510e+00
   5.0038130e+00
   5.0091780e+00
   5.0144300e+00
   5.0196410e+00
   5.0248940e+00
   5.0300570e+00
   5.0351930e+00
   5.0406970e+00
   5.0459670e+00
   5.0512280e+00
   5.0564320e+00
   5.0616790e+00
   5.0669730e+00
   5.0722360e+00
   5.0775090e+00
   5.0827970e+00
   5.0880380e+00
   5.0932820e+00
   5.0984630e+00
   5.1036670e+00
   5.1088700e+00
   5.1140980e+00
   5.1193380e+00
   5.1246960e+00
   5.1299190e+00
   5.1351610e+00
   5.1403740e+00
   5.1455750e+00
   5.1507380e+00
   5.1565010e+00
   5.1617220e+00
   5.1669060e+00
   5.1720620e+00
   5.1772590e+00
   5.1825110e+00
   5.1876970e+00
   5.1928900e+00
   5.1980520e+00
   5.2032590e+00
   5.2084360e+00
   5.2136340e+00
   5.2188580e+00
   5.2240960e+00
   5.2295830e+00
   5.2348190e+00
   5.2402870e+00
   5.2458680e+00
   5.2511960e+00
   5.2564310e+00
   5.2616830e+00
   5.2674900e+00
   5.2727290e+00
   5.2779350e+00
   5.2832840e+00
   5.2885400e+00
   5.2938120e+00
   5.2990400e+00
   5.3042690e+00
   5.3095470e+00
   5.3147720e+00
   5.3200080e+00
   5.3252560e+00
   5.3305130e+00
   5.3357440e+00
   5.3409920e+00
   5.3464850e+00
   5.3517230e+00
   5.3569410e+00
   5.3621760e+00
   5.3674320e+00
   5.3727020e+00
   5.3779610e+00
   5.3832310e+00
   5.3884600e+00
   5.3939720e+00
   5.3992070e+00
   5.4044420e+00
   5.4096910e+00
   5.4149280e+00
   5.4202160e+00
   5.4254840e+00
   5.4307550e+00
   5.4360080e+00
   5.4412130e+00
   5.4464480e+00
   5.4517080e+00
   5.4568790e+00
   5.4623910e+00
   5.4676230e+00
   5.4728490e+00
   5.4781210e+00
   5.4833710e+00
   5.4886050e+00
   5.4939710e+00
   5.4992550e+00
   5.5044870e+00
   5.5097300e+00
   5.5149240e+00
   5.5201490e+00
   5.5254090e+00
   5.5307660e+00
   5.5360190e+00
   5.5412760e+00
   5.5464420e+00
   5.5516840e+00
   5.5568450e+00
   5.5620620e+00
   5.5672630e+00
   5.5724390e+00
   5.5776650e+00
   5.5831460e+00
   5.5883770e+00
   5.5936180e+00
   5.5988580e+00
   5.6041090e+00
   5.6093110e+00
   5.6145440e+00
   5.6199290e+00
   5.6250940e+00
   5.6303050e+00
   5.6355050e+00
   5.6406560e+00
   5.6458620e+00
   5.6511400e+00
   5.6564840e+00
   5.6622820e+00
   5.6675710e+00
   5.6727770e+00
   5.6780310e+00
   5.6832570e+00
   5.6890250e+00
   5.6942730e+00
   5.6995120e+00
   5.7047680e+00
   5.7105590e+00
   5.7157460e+00
   5.7209780e+00
   5.7265070e+00
   5.7317630e+00
   5.7370110e+00
   5.7421790e+00
   5.7473970e+00
   5.7526400e+00
   5.7578710e+00
   5.7631060e+00
   5.7683770e+00
   5.7736400e+00
   5.7788740e+00
   5.7840890e+00
   5.7892980e+00
   5.7945370e+00
   5.7997960e+00
   5.8050730e+00
   5.8102750e+00
   5.8154670e+00
   5.8206540e+00
   5.8258630e+00
   5.8318600e+00
   5.8376530e+00
   5.8429350e+00
   5.8481720e+00
   5.8534080e+00
   5.8586810e+00
   5.8639880e+00
   5.8694030e+00
   5.8746260e+00
   5.8798310e+00
   5.8850100e+00
   5.8902720e+00
   5.8954750e+00
   5.9006700e+00
   5.9060140e+00
   5.9111980e+00
   5.9163830e+00
   5.9215660e+00
   5.9267490e+00
   5.9319930e+00
   5.9372320e+00
   5.9424420e+00
   5.9476740e+00
   5.9529050e+00
   5.9581350e+00
   5.9634110e+00
   5.9685970e+00
   5.9744320e+00
   5.9796300e+00
   5.9848300e+00
   5.9900380e+00
   5.9952470e+00
   6.0007870e+00
   6.0060320e+00
   6.0112550e+00
   6.0170510e+00
   6.0222710e+00
   6.0275360e+00
   6.0327980e+00
   6.0380390e+00
   6.0432690e+00
   6.0484960e+00
   6.0537140e+00
   6.0589700e+00
   6.0641750e+00
   6.0694030e+00
   6.0746060e+00
   6.0798700e+00
   6.0851180e+00
   6.0903570e+00
   6.0955470e+00
   6.1007520e+00
   6.1062850e+00
   6.1115440e+00
   6.1172430e+00
   6.1224430e+00
   6.1276440e+00
   6.1328700e+00
   6.1380140e+00
   6.1440060e+00
   6.1492480e+00
   6.1545580e+00
   6.1597480e+00
   6.1649440e+00
   6.1700850e+00
   6.1752720e+00
   6.1804550e+00
   6.1856770e+00
   6.1908870e+00
   6.1960470e+00
   6.2012880e+00
   6.2065290e+00
   6.2117640e+00
   6.2169620e+00
   6.2222020e+00
   6.2275340e+00
   6.2328020e+00
   6.2380400e+00
   6.2432840e+00
   6.2485050e+00
   6.2537060e+00
   6.2588910e+00
   6.2640860e+00
   6.2692650e+00
   6.2745070e+00
   6.2797550e+00
   6.2850050e+00
   6.2902520e+00
   6.2955960e+00
   6.3007980e+00
   6.3060010e+00
   6.3113370e+00
   6.3165680e+00
   6.3218250e+00
   6.3270570e+00
   6.3322970e+00
   6.3374890e+00
   6.3427230e+00
   6.3479630e+00
   6.3530910e+00
   6.3583140e+00
   6.3635560e+00
   6.3687990e+00
   6.3740590e+00
   6.3793190e+00
   6.3845470e+00
   6.3897890e+00
   6.3950230e+00
   6.4002470e+00
   6.4054110e+00
   6.4106110e+00
   6.4158470e+00
   6.4213370e+00
   6.4266220e+00
   6.4321520e+00
   6.4374560e+00
   6.4426580e+00
   6.4478460e+00
   6.4538130e+00
   6.4590540e+00
   6.4642120e+00
   6.4694040e+00
   6.4746050e+00
   6.4797860e+00
   6.4849580e+00
   6.4903070e+00
   6.4955710e+00
   6.5008210e+00
   6.5060290e+00
   6.5112430e+00
   6.5164820e+00
   6.5222370e+00
   6.5274650e+00
   6.5327090e+00
   6.5379280e+00
   6.5431740e+00
   6.5484490e+00
   6.5536160e+00
   6.5588340e+00
   6.5645970e+00
   6.5698640e+00
   6.5751200e+00
   6.5804000e+00
   6.5855930e+00
   6.5908480e+00
   6.5960840e+00
   6.6013120e+00
   6.6065270e+00
   6.6125150e+00
   6.6177710e+00
   6.6236310e+00
   6.6288310e+00
   6.6340630e+00
   6.6392960e+00
   6.6445430e+00
   6.6500630e+00
   6.6553350e+00
   6.6605040e+00
   6.6657010e+00
   6.6709170e+00
   6.6761740e+00
   6.6813480e+00
   6.6865830e+00
   6.6917590e+00
   6.6969230e+00
   6.7021360e+00
   6.7073300e+00
   6.7128420e+00
   6.7180530e+00
   6.7235770e+00
   6.7288050e+00
   6.7340390e+00
   6.7392890e+00
   6.7444610e+00
   6.7496290e+00
   6.7547970e+00
   6.7599520e+00
   6.7654390e+00
   6.7706660e+00
   6.7759220e+00
   6.7812080e+00
   6.7864580e+00
   6.7917180e+00
   6.7969530e+00
   6.8022450e+00
   6.8074760e+00
   6.8127150e+00
   6.8179450e+00
   6.8231570e+00
   6.8284660e+00
   6.8336510e+00
   6.8388640e+00
   6.8440810e+00
   6.8492870e+00
   6.8544610e+00
   6.8600020e+00
   6.8652000e+00
   6.8704710e+00
   6.8756730e+00
   6.8809200e+00
   6.8861850e+00
   6.8914400e+00
   6.8965850e+00
   6.9018680e+00
   6.9071050e+00
   6.9123600e+00
   6.9176250e+00
   6.9239220e+00
   6.9291880e+00
   6.9344040e+00
   6.9396740e+00
   6.9448210e+00
   6.9500040e+00
   6.9552070e+00
   6.9604020e+00
   6.9656370e+00
   6.9708620e+00
   6.9766580e+00
   6.9819070e+00
   6.9871770e+00
   6.9925650e+00
   6.9977350e+00
   7.0032470e+00
   7.0084670e+00
   7.0137320e+00
   7.0189800e+00
   7.0242330e+00
   7.0297010e+00
   7.0350070e+00
   7.0401620e+00
   7.0453290e+00
   7.0505590e+00
   7.0557910e+00
   7.0610220e+00
   7.0668280e+00
   7.0719880e+00
   7.0772280e+00
   7.0824220e+00
   7.0876350e+00
   7.0927960e+00
   7.0980170e+00
   7.1031820e+00
   7.1083530e+00
   7.1135570e+00
   7.1187200e+00
   7.1239810e+00
   7.1297810e+00
   7.1350460e+00
   7.1402690e+00
   7.1454620e+00
   7.1506200e+00
   7.1558820e+00
   7.1610920e+00
   7.1662960e+00
   7.1720450e+00
   7.1773270e+00
   7.1825070e+00
   7.1876930e+00
   7.1929080e+00
   7.1980850e+00
   7.2032730e+00
   7.2084530e+00
   7.2157100e+00
   7.2215020e+00
   7.2267060e+00
   7.2318930e+00
   7.2371040e+00
   7.2427390e+00
   7.2479990e+00
   7.2532330e+00
   7.2584720e+00
   7.2637690e+00
   7.2689690e+00
   7.2742160e+00
   7.2796300e+00
   7.2851460e+00
   7.2904120e+00
   7.2962460e+00
   7.3014900e+00
   7.3067450e+00
   7.3119730e+00
   7.3172040e+00
   7.3224630e+00
   7.3276520e+00
   7.3329500e+00
   7.3387320e+00
   7.3442670e+00
   7.3494860e+00
   7.3546850e+00
   7.3598870e+00
   7.3651010e+00
   7.3703520e+00
   7.3755670e+00
   7.3808190e+00
   7.3860430e+00
   7.3920670e+00
   7.3972950e+00
   7.4025840e+00
   7.4078100e+00
   7.4130730e+00
   7.4182890e+00
   7.4235170e+00
   7.4287760e+00
   7.4340530e+00
   7.4392630e+00
   7.4447590e+00
   7.4503390e+00
   7.4555410e+00
   7.4607140e+00
   7.4659060e+00
   7.4711000e+00
   7.4762960e+00
   7.4815060e+00
   7.4867120e+00
   7.4921070e+00
   7.4973090e+00
   7.5025560e+00
   7.5077970e+00
   7.5130640e+00
   7.5183300e+00
   7.5235280e+00
   7.5288180e+00
   7.5343550e+00
   7.5396340e+00
   7.5448700e+00
   7.5501070e+00
   7.5553230e+00
   7.5605630e+00
   7.5657890e+00
   7.5710560e+00
   7.5762880e+00
   7.5815530e+00
   7.5867310e+00
   7.5919180e+00
   7.5971120e+00
   7.6022910e+00
   7.6074930e+00
   7.6132660e+00
   7.6184850e+00
   7.6237260e+00
   7.6289670e+00
   7.6344830e+00
   7.6397120e+00
   7.6449790e+00
   7.6502170e+00
   7.6554870e+00
   7.6607540e+00
   7.6660750e+00
   7.6718110e+00
   7.6773540e+00
   7.6825800e+00
   7.6878590e+00
   7.6930930e+00
   7.6983180e+00
   7.7035820e+00
   7.7088140e+00
   7.7140330e+00
   7.7192770e+00
   7.7244910e+00
   7.7296840e+00
   7.7348800e+00
   7.7402110e+00
   7.7456310e+00
   7.7508720e+00
   7.7561000e+00
   7.7613460e+00
   7.7666070e+00
   7.7718570e+00
   7.7774000e+00
   7.7826430e+00
   7.7879040e+00
   7.7934380e+00
   7.7986860e+00
   7.8038930e+00
   7.8090940e+00
   7.8143160e+00
   7.8195190e+00
   7.8247200e+00
   7.8299410e+00
   7.8351860e+00
   7.8410010e+00
   7.8462460e+00
   7.8520780e+00
   7.8579950e+00
   7.8632390e+00
   7.8684170e+00
   7.8736070e+00
   7.8788090e+00
   7.8840270e+00
   7.8891960e+00
   7.8944360e+00
   7.8999460e+00
   7.9052130e+00
   7.9107080e+00
   7.9158910e+00
   7.9210570e+00
   7.9268700e+00
   7.9321200e+00
   7.9373330e+00
   7.9429000e+00
   7.9481060e+00
   7.9533150e+00
   7.9588290e+00
   7.9640700e+00
   7.9693000e+00
   7.9745460e+00
   7.9797950e+00
   7.9849840e+00
   7.9902510e+00
   7.9954930e+00
   8.0006520e+00
   8.0058280e+00
   8.0113240e+00
   8.0165830e+00
   8.0218380e+00
   8.0271670e+00
   8.0323810e+00
   8.0376400e+00
   8.0428640e+00
   8.0480870e+00
   8.0536430e+00
   8.0588800e+00
   8.0641310e+00
   8.0693650e+00
   8.0746180e+00
   8.0798460e+00
   8.0850750e+00
   8.0908940e+00
   8.0961250e+00
   8.1013670e+00
   8.1066070e+00
   8.1118420e+00
   8.1170450e+00
   8.1222280e+00
   8.1274820e+00
   8.1329990e+00
   8.1382410e+00
   8.1434970e+00
   8.1487350e+00
   8.1539960e+00
   8.1593050e+00
   8.1645770e+00
   8.1706200e+00
   8.1759210e+00
   8.1811470e+00
   8.1863380e+00
   8.1915240e+00
   8.1967230e+00
   8.2019160e+00
   8.2071290e+00
   8.2123710e+00
   8.2175920e+00
   8.2228320e+00
   8.2280480e+00
   8.2332360e+00
   8.2384470e+00
   8.2437950e+00
   8.2490210e+00
   8.2542550e+00
   8.2597760e+00
   8.2649810e+00
   8.2701820e+00
   8.2754540e+00
   8.2806690e+00
   8.2858670e+00
   8.2911120e+00
   8.2963370e+00
   8.3015630e+00
   8.3074040e+00
   8.3126090e+00
   8.3178340e+00
   8.3230860e+00
   8.3283240e+00
   8.3334770e+00
   8.3387630e+00
   8.3439900e+00
   8.3492380e+00
   8.3544760e+00
   8.3597100e+00
   8.3649870e+00
   8.3702040e+00
   8.3754550e+00
   8.3806740e+00
   8.3859270e+00
   8.3911550e+00
   8.3963610e+00
   8.4016990e+00
   8.4069230e+00
   8.4121830e+00
   8.4174350e+00
   8.4226840e+00
   8.4279310e+00
   8.4331620e+00
   8.4384130e+00
   8.4435680e+00
   8.4488340e+00
   8.4540430e+00
   8.4592380e+00
   8.4650110e+00
   8.4702480e+00
   8.4754550e+00
   8.4814790e+00
   8.4867470e+00
   8.4919590e+00
   8.4972080e+00
   8.5024450e+00
   8.5077020e+00
   8.5129110e+00
   8.5182280e+00
   8.5234640e+00
   8.5287570e+00
   8.5340140e+00
   8.5392560e+00
   8.5447610e+00
   8.5500820e+00
   8.5553300e+00
   8.5605820e+00
   8.5658160e+00
   8.5710260e+00
   8.5762750e+00
   8.5815160e+00
   8.5867840e+00
   8.5920210e+00
   8.5972630e+00
   8.6025070e+00
   8.6077280e+00
   8.6129590e+00
   8.6182090e+00
   8.6234220e+00
   8.6286560e+00
   8.6338420e+00
   8.6390800e+00
   8.6442920e+00
   8.6495620e+00
   8.6547830e+00
   8.6599660e+00
   8.6652630e+00
   8.6704680e+00
   8.6756910e+00
   8.6809350e+00
   8.6861380e+00
   8.6913370e+00
   8.6965830e+00
   8.7018170e+00
   8.7071120e+00
   8.7123770e+00
   8.7176450e+00
   8.7229170e+00
   8.7282140e+00
   8.7334720e+00
   8.7386700e+00
   8.7438610e+00
   8.7490850e+00
   8.7543170e+00
   8.7595900e+00
   8.7648090e+00
   8.7700700e+00
   8.7753380e+00
   8.7806520e+00
   8.7859390e+00
   8.7919820e+00
   8.7973090e+00
   8.8025570e+00
   8.8077790e+00
   8.8130270e+00
   8.8182160e+00
   8.8234700e+00
   8.8286790e+00
   8.8338860e+00
   8.8393950e+00
   8.8448250e+00
   8.8500670e+00
   8.8553180e+00
   8.8606600e+00
   8.8659150e+00
   8.8714210e+00
   8.8766380e+00
   8.8818780e+00
   8.8874340e+00
   8.8926390e+00
   8.8978760e+00
   8.9031340e+00
   8.9083930e+00
   8.9136550e+00
   8.9189510e+00
   8.9242330e+00
   8.9294940e+00
   8.9347210e+00
   8.9399440e+00
   8.9452150e+00
   8.9504560e+00
   8.9556940e+00
   8.9609330e+00
   8.9661310e+00
   8.9713410e+00
   8.9765190e+00
   8.9817080e+00
   8.9872110e+00
   8.9924640e+00
   8.9977140e+00
   9.0029720e+00
   9.0082100e+00
   9.0134640e+00
   9.0187680e+00
   9.0241170e+00
   9.0293330e+00
   9.0345200e+00
   9.0396810e+00
   9.0448810e+00
   9.0501440e+00
   9.0553840e+00
   9.0606650e+00
   9.0659200e+00
   9.0711510e+00
   9.0764320e+00
   9.0816750e+00
   9.0869210e+00
   9.0921940e+00
   9.0974620e+00
   9.1026630e+00
   9.1079280e+00
   9.1131850e+00
   9.1183720e+00
   9.1235370e+00
   9.1287230e+00
   9.1339220e+00
   9.1391270e+00
   9.1443930e+00
   9.1495850e+00
   9.1547990e+00
   9.1600260e+00
   9.1652390e+00
   9.1704860e+00
   9.1757030e+00
   9.1808580e+00
   9.1861290e+00
   9.1916100e+00
   9.1969210e+00
   9.2021330e+00
   9.2073850e+00
   9.2126280e+00
   9.2178580e+00
   9.2231170e+00
   9.2283360e+00
   9.2336500e+00
   9.2392820e+00
   9.2445010e+00
   9.2497230e+00
   9.2549360e+00
   9.2601600e+00
   9.2654070e+00
   9.2707020e+00
   9.2759580e+00
   9.2812160e+00
   9.2864840e+00
   9.2917290e+00
   9.2969560e+00
   9.3021340e+00
   9.3076290e+00
   9.3128690e+00
   9.3181470e+00
   9.3233860e+00
   9.3286490e+00
   9.3339480e+00
   9.3392070e+00
   9.3443980e+00
   9.3495800e+00
   9.3547730e+00
   9.3600140e+00
   9.3652830e+00
   9.3705010e+00
   9.3757580e+00
   9.3812800e+00
   9.3864840e+00
   9.3916910e+00
   9.3970330e+00
   9.4023040e+00
   9.4075330e+00
   9.4135660e+00
   9.4188010e+00
   9.4240070e+00
   9.4292770e+00
   9.4354570e+00
   9.4415780e+00
   9.4477460e+00
   9.4538470e+00
   9.4599620e+00
   9.4660480e+00
   9.4721750e+00
   9.4781450e+00
   9.4842240e+00
   9.4902430e+00
   9.4962640e+00
   9.5022890e+00
   9.5081320e+00
   9.5139680e+00
   9.5198050e+00
   9.5253480e+00
   9.5308120e+00
   9.5363120e+00
   9.5418190e+00
   9.5472860e+00
   9.5527600e+00
   9.5582850e+00
   9.5638100e+00
   9.5690300e+00
   9.5745320e+00
   9.5797720e+00
   9.5850000e+00
   9.5902420e+00
   9.5954930e+00
   9.6007680e+00
   9.6060650e+00
   9.6113250e+00
   9.6165060e+00
   9.6217010e+00
   9.6269040e+00
   9.6321310e+00
   9.6374090e+00
   9.6427340e+00
   9.6480010e+00
   9.6532680e+00
   9.6585390e+00
   9.6638140e+00
   9.6689970e+00
   9.6741630e+00
   9.6793750e+00
   9.6845570e+00
   9.6897790e+00
   9.6949900e+00
   9.7001920e+00
   9.7054050e+00
   9.7106210e+00
   9.7157980e+00
   9.7217960e+00
   9.7270660e+00
   9.7323910e+00
   9.7375840e+00
   9.7431300e+00
   9.7483880e+00
   9.7536080e+00
   9.7588070e+00
   9.7639720e+00
   9.7692440e+00
   9.7744310e+00
   9.7796270e+00
   9.7848430e+00
   9.7900580e+00
   9.7953350e+00
   9.8005670e+00
   9.8057910e+00
   9.8110260e+00
   9.8165430e+00
   9.8217110e+00
   9.8272360e+00
   9.8324560e+00
   9.8376860e+00
   9.8428780e+00
   9.8481280e+00
   9.8533800e+00
   9.8586340e+00
   9.8638730e+00
   9.8691180e+00
   9.8743890e+00
   9.8796890e+00
   9.8849130e+00
   9.8901410e+00
   9.8959740e+00
   9.9012260e+00
   9.9064810e+00
   9.9117170e+00
   9.9173360e+00
   9.9225760e+00
   9.9277500e+00
   9.9329220e+00
   9.9381310e+00
   9.9433420e+00
   9.9485550e+00
   9.9537620e+00
   9.9589590e+00
   9.9641190e+00
   9.9693060e+00
   9.9745190e+00
   9.9798750e+00
   9.9851890e+00
   9.9904200e+00
   9.9956560e+00
   1.0000911e+01
   1.0006154e+01
   1.0011404e+01
   1.0016650e+01
   1.0021915e+01
   1.0027137e+01
   1.0033196e+01
   1.0038449e+01
   1.0043680e+01
   1.0049167e+01
   1.0054407e+01
   1.0059589e+01
   1.0064835e+01
   1.0070027e+01
   1.0075204e+01
   1.0080426e+01
   1.0085629e+01
   1.0090827e+01
   1.0096090e+01
   1.0101258e+01
   1.0106498e+01
   1.0111768e+01
   1.0117005e+01
   1.0122216e+01
   1.0127485e+01
   1.0132709e+01
   1.0137927e+01
   1.0143143e+01
   1.0148328e+01
   1.0153549e+01
   1.0158746e+01
   1.0163912e+01
   1.0169095e+01
   1.0174283e+01
   1.0179494e+01
   1.0184661e+01
   1.0189860e+01
   1.0195088e+01
   1.0200301e+01
   1.0205499e+01
   1.0210768e+01
   1.0216004e+01
   1.0221522e+01
   1.0226774e+01
   1.0232130e+01
   1.0237409e+01
   1.0242629e+01
   1.0247891e+01
   1.0253050e+01
   1.0258339e+01
   1.0263527e+01
   1.0268736e+01
   1.0273955e+01
   1.0279158e+01
   1.0284333e+01
   1.0289728e+01
   1.0294945e+01
   1.0300160e+01
   1.0305437e+01
   1.0310677e+01
   1.0315883e+01
   1.0321082e+01
   1.0326334e+01
   1.0331596e+01
   1.0336840e+01
   1.0342022e+01
   1.0347508e+01
   1.0352827e+01
   1.0358155e+01
   1.0363419e+01
   1.0368638e+01
   1.0374063e+01
   1.0379236e+01
   1.0384460e+01
   1.0389705e+01
   1.0394973e+01
   1.0400208e+01
   1.0405420e+01
   1.0410687e+01
   1.0415922e+01
   1.0421173e+01
   1.0426442e+01
   1.0431690e+01
   1.0436964e+01
   1.0442141e+01
   1.0447297e+01
   1.0452514e+01
   1.0457700e+01
   1.0462901e+01
   1.0468095e+01
   1.0473315e+01
   1.0478554e+01
   1.0483792e+01
   1.0489059e+01
   1.0494347e+01
   1.0499611e+01
   1.0504844e+01
   1.0510030e+01
   1.0515276e+01
   1.0521461e+01
   1.0527667e+01
   1.0533885e+01
   1.0540093e+01
   1.0546282e+01
   1.0552470e+01
   1.0558630e+01
   1.0564810e+01
   1.0571036e+01
   1.0577258e+01
   1.0583426e+01
   1.0589617e+01
   1.0595818e+01
   1.0601996e+01
   1.0607963e+01
   1.0613951e+01
   1.0619898e+01
   1.0625931e+01
   1.0631937e+01
   1.0638040e+01
   1.0643941e+01
   1.0649747e+01
   1.0655247e+01
   1.0660800e+01
   1.0666302e+01
   1.0671926e+01
   1.0677199e+01
   1.0682465e+01
   1.0687775e+01
   1.0692999e+01
   1.0698220e+01
   1.0703511e+01
   1.0708774e+01
   1.0714024e+01
   1.0719322e+01
   1.0724535e+01
   1.0729794e+01
   1.0735060e+01
   1.0740336e+01
   1.0745563e+01
   1.0750777e+01
   1.0756017e+01
   1.0761322e+01
   1.0766556e+01
   1.0771736e+01
   1.0776946e+01
   1.0782612e+01
   1.0787935e+01
   1.0793210e+01
   1.0798475e+01
   1.0803759e+01
   1.0809032e+01
   1.0814316e+01
   1.0819539e+01
   1.0824782e+01
   1.0830010e+01
   1.0835281e+01
   1.0840496e+01
   1.0845821e+01
   1.0851144e+01
   1.0856347e+01
   1.0861762e+01
   1.0867032e+01
   1.0872304e+01
   1.0877549e+01
   1.0882838e+01
   1.0888142e+01
   1.0893371e+01
   1.0898731e+01
   1.0903993e+01
   1.0909260e+01
   1.0914563e+01
   1.0919844e+01
   1.0925149e+01
   1.0930386e+01
   1.0935662e+01
   1.0940909e+01
   1.0946135e+01
   1.0951449e+01
   1.0956684e+01
   1.0961947e+01
   1.0967215e+01
   1.0972443e+01
   1.0977678e+01
   1.0982857e+01
   1.0988055e+01
   1.0993624e+01
   1.0999316e+01
   1.1004606e+01
   1.1009891e+01
   1.1015140e+01
   1.1020405e+01
   1.1025609e+01
   1.1030910e+01
   1.1036097e+01
   1.1041321e+01
   1.1046525e+01
   1.1051723e+01
   1.1056937e+01
   1.1062206e+01
   1.1067471e+01
   1.1072762e+01
   1.1078022e+01
   1.1083255e+01
   1.1088470e+01
   1.1093845e+01
   1.1099189e+01
   1.1104412e+01
   1.1109598e+01
   1.1115610e+01
   1.1120820e+01
   1.1126061e+01
   1.1131286e+01
   1.1136490e+01
   1.1141705e+01
   1.1147220e+01
   1.1152465e+01
   1.1157704e+01
   1.1162942e+01
   1.1168176e+01
   1.1173408e+01
   1.1178674e+01
   1.1183904e+01
   1.1189086e+01
   1.1194252e+01
   1.1199478e+01
   1.1204694e+01
   1.1209878e+01
   1.1215089e+01
   1.1220327e+01
   1.1225557e+01
   1.1230793e+01
   1.1236017e+01
   1.1241265e+01
   1.1246489e+01
   1.1251740e+01
   1.1257277e+01
   1.1262507e+01
   1.1267712e+01
   1.1273001e+01
   1.1278882e+01
   1.1284069e+01
   1.1289254e+01
   1.1294446e+01
   1.1299601e+01
   1.1304787e+01
   1.1310304e+01
   1.1315520e+01
   1.1320781e+01
   1.1326045e+01
   1.1331278e+01
   1.1336504e+01
   1.1341763e+01
   1.1347053e+01
   1.1352301e+01
   1.1357542e+01
   1.1362738e+01
   1.1367914e+01
   1.1373122e+01
   1.1378396e+01
   1.1383640e+01
   1.1388891e+01
   1.1394103e+01
   1.1399364e+01
   1.1404666e+01
   1.1409920e+01
   1.1415131e+01
   1.1420362e+01
   1.1425588e+01
   1.1430830e+01
   1.1436106e+01
   1.1441375e+01
   1.1446640e+01
   1.1451874e+01
   1.1457105e+01
   1.1462354e+01
   1.1467603e+01
   1.1473105e+01
   1.1478332e+01
   1.1483579e+01
   1.1488831e+01
   1.1494174e+01
   1.1499412e+01
   1.1504681e+01
   1.1509913e+01
   1.1515134e+01
   1.1520368e+01
   1.1525690e+01
   1.1530891e+01
   1.1536078e+01
   1.1541230e+01
   1.1546422e+01
   1.1551632e+01
   1.1556785e+01
   1.1561971e+01
   1.1567152e+01
   1.1572654e+01
   1.1578662e+01
   1.1583878e+01
   1.1589030e+01
   1.1594402e+01
   1.1599645e+01
   1.1605183e+01
   1.1610391e+01
   1.1615611e+01
   1.1620817e+01
   1.1626079e+01
   1.1631322e+01
   1.1636565e+01
   1.1641863e+01
   1.1647114e+01
   1.1652489e+01
   1.1657717e+01
   1.1662905e+01
   1.1668100e+01
   1.1673352e+01
   1.1678596e+01
   1.1683802e+01
   1.1688985e+01
   1.1694185e+01
   1.1699478e+01
   1.1704983e+01
   1.1710238e+01
   1.1715491e+01
   1.1720727e+01
   1.1725921e+01
   1.1731077e+01
   1.1736344e+01
   1.1741536e+01
   1.1746753e+01
   1.1752034e+01
   1.1757234e+01
   1.1762459e+01
   1.1767653e+01
   1.1772891e+01
   1.1778148e+01
   1.1783351e+01
   1.1788556e+01
   1.1793760e+01
   1.1799006e+01
   1.1804232e+01
   1.1809476e+01
   1.1814724e+01
   1.1819939e+01
   1.1825185e+01
   1.1830373e+01
   1.1835607e+01
   1.1840873e+01
   1.1846121e+01
   1.1851375e+01
   1.1856625e+01
   1.1861895e+01
   1.1867143e+01
   1.1872405e+01
   1.1877676e+01
   1.1882863e+01
   1.1889076e+01
   1.1894271e+01
   1.1899572e+01
   1.1904788e+01
   1.1910062e+01
   1.1915297e+01
   1.1920526e+01
   1.1926336e+01
   1.1931483e+01
   1.1936700e+01
   1.1941945e+01
   1.1947150e+01
   1.1952330e+01
   1.1957520e+01
   1.1962962e+01
   1.1968195e+01
   1.1973397e+01
   1.1978619e+01
   1.1983877e+01
   1.1989112e+01
   1.1994355e+01
   1.1999615e+01
   1.2004868e+01
   1.2010139e+01
   1.2015364e+01
   1.2020675e+01
   1.2025890e+01
   1.2031149e+01
   1.2036397e+01
   1.2041675e+01
   1.2046974e+01
   1.2052196e+01
   1.2057482e+01
   1.2062700e+01
   1.2067954e+01
   1.2073216e+01
   1.2078472e+01
   1.2083683e+01
   1.2088980e+01
   1.2094239e+01
   1.2099457e+01
   1.2104718e+01
   1.2109968e+01
   1.2115267e+01
   1.2120495e+01
   1.2126431e+01
   1.2131680e+01
   1.2136881e+01
   1.2142186e+01
   1.2147460e+01
   1.2152640e+01
   1.2157825e+01
   1.2163093e+01
   1.2168264e+01
   1.2173503e+01
   1.2178696e+01
   1.2183875e+01
   1.2189109e+01
   1.2194339e+01
   1.2199570e+01
   1.2204829e+01
   1.2210050e+01
   1.2215243e+01
   1.2220486e+01
   1.2225667e+01
   1.2230821e+01
   1.2236005e+01
   1.2241171e+01
   1.2246373e+01
   1.2251636e+01
   1.2256902e+01
   1.2262114e+01
   1.2267316e+01
   1.2272548e+01
   1.2277767e+01
   1.2283023e+01
   1.2288269e+01
   1.2293480e+01
   1.2298714e+01
   1.2303975e+01
   1.2309217e+01
   1.2314472e+01
   1.2320246e+01
   1.2325498e+01
   1.2330764e+01
   1.2336007e+01
   1.2341311e+01
   1.2346539e+01
   1.2351760e+01
   1.2356986e+01
   1.2362198e+01
   1.2367463e+01
   1.2372766e+01
   1.2377961e+01
   1.2383181e+01
   1.2388369e+01
   1.2393592e+01
   1.2398805e+01
   1.2403997e+01
   1.2409186e+01
   1.2414387e+01
   1.2419591e+01
   1.2424879e+01
   1.2430121e+01
   1.2435368e+01
   1.2440560e+01
   1.2446113e+01
   1.2451653e+01
   1.2456875e+01
   1.2462250e+01
   1.2467497e+01
   1.2472769e+01
   1.2478039e+01
   1.2483322e+01
   1.2488577e+01
   1.2493856e+01
   1.2499261e+01
   1.2504538e+01
   1.2509823e+01
   1.2515078e+01
   1.2520315e+01
   1.2525493e+01
   1.2530738e+01
   1.2536002e+01
   1.2541243e+01
   1.2546448e+01
   1.2551730e+01
   1.2556971e+01
   1.2562200e+01
   1.2567451e+01
   1.2572696e+01
   1.2577962e+01
   1.2583181e+01
   1.2588390e+01
   1.2593754e+01
   1.2599031e+01
   1.2604283e+01
   1.2609519e+01
   1.2614772e+01
   1.2619943e+01
   1.2625121e+01
   1.2630315e+01
   1.2635790e+01
   1.2641018e+01
   1.2646331e+01
   1.2651576e+01
   1.2656828e+01
   1.2662333e+01
   1.2667523e+01
   1.2672711e+01
   1.2678200e+01
   1.2683442e+01
   1.2688664e+01
   1.2693950e+01
   1.2699170e+01
   1.2704454e+01
   1.2709814e+01
   1.2715077e+01
   1.2720266e+01
   1.2725486e+01
   1.2730693e+01
   1.2735912e+01
   1.2741168e+01
   1.2746478e+01
   1.2751748e+01
   1.2756926e+01
   1.2762156e+01
   1.2767374e+01
   1.2772581e+01
   1.2777771e+01
   1.2782970e+01
   1.2788251e+01
   1.2793540e+01
   1.2798777e+01
   1.2804040e+01
   1.2809295e+01
   1.2814512e+01
   1.2819738e+01
   1.2824945e+01
   1.2830189e+01
   1.2835452e+01
   1.2840668e+01
   1.2845880e+01
   1.2851072e+01
   1.2856265e+01
   1.2861456e+01
   1.2866667e+01
   1.2872043e+01
   1.2877263e+01
   1.2882516e+01
   1.2887769e+01
   1.2892986e+01
   1.2898230e+01
   1.2903487e+01
   1.2909002e+01
   1.2914196e+01
   1.2919393e+01
   1.2924553e+01
   1.2929758e+01
   1.2934933e+01
   1.2940137e+01
   1.2945345e+01
   1.2950567e+01
   1.2955840e+01
   1.2961069e+01
   1.2966309e+01
   1.2971562e+01
   1.2977846e+01
   1.2983022e+01
   1.2988228e+01
   1.2993410e+01
   1.2998618e+01
   1.3003831e+01
   1.3009016e+01
   1.3014199e+01
   1.3019429e+01
   1.3024633e+01
   1.3029807e+01
   1.3035019e+01
   1.3040185e+01
   1.3045390e+01
   1.3050572e+01
   1.3055762e+01
   1.3060940e+01
   1.3066158e+01
   1.3071296e+01
   1.3076477e+01
   1.3082158e+01
   1.3087357e+01
   1.3092602e+01
   1.3097809e+01
   1.3103093e+01
   1.3108355e+01
   1.3113563e+01
   1.3118923e+01
   1.3124144e+01
   1.3129399e+01
   1.3134709e+01
   1.3139934e+01
   1.3145214e+01
   1.3150462e+01
   1.3155721e+01
   1.3160966e+01
   1.3166191e+01
   1.3171397e+01
   1.3176952e+01
   1.3182142e+01
   1.3187389e+01
   1.3192693e+01
   1.3197955e+01
   1.3203193e+01
   1.3208427e+01
   1.3213681e+01
   1.3218938e+01
   1.3224195e+01
   1.3229442e+01
   1.3234659e+01
   1.3239842e+01
   1.3245048e+01
   1.3250217e+01
   1.3255401e+01
   1.3260624e+01
   1.3265865e+01
   1.3271135e+01
   1.3276361e+01
   1.3281600e+01
   1.3286779e+01
   1.3291955e+01
   1.3297179e+01
   1.3302407e+01
   1.3307658e+01
   1.3313490e+01
   1.3318668e+01
   1.3323843e+01
   1.3329049e+01
   1.3334274e+01
   1.3339444e+01
   1.3344628e+01
   1.3349891e+01
   1.3355103e+01
   1.3360323e+01
   1.3365621e+01
   1.3370860e+01
   1.3376124e+01
   1.3381352e+01
   1.3386527e+01
   1.3391856e+01
   1.3397025e+01
   1.3402226e+01
   1.3407445e+01
   1.3412633e+01
   1.3417839e+01
   1.3423349e+01
   1.3428585e+01
   1.3434424e+01
   1.3439665e+01
   1.3444917e+01
   1.3450154e+01
   1.3455373e+01
   1.3460613e+01
   1.3465855e+01
   1.3471082e+01
   1.3476316e+01
   1.3481571e+01
   1.3486802e+01
   1.3492088e+01
   1.3497298e+01
   1.3502512e+01
   1.3507712e+01
   1.3512947e+01
   1.3518160e+01
   1.3523367e+01
   1.3528619e+01
   1.3533830e+01
   1.3539072e+01
   1.3544302e+01
   1.3549551e+01
   1.3554852e+01
   1.3560339e+01
   1.3565510e+01
   1.3570719e+01
   1.3575861e+01
   1.3581101e+01
   1.3586309e+01
   1.3591509e+01
   1.3596739e+01
   1.3601969e+01
   1.3607239e+01
   1.3612469e+01
   1.3617729e+01
   1.3623005e+01
   1.3628247e+01
   1.3633471e+01
   1.3638631e+01
   1.3643838e+01
   1.3649337e+01
   1.3654500e+01
   1.3659672e+01
   1.3664868e+01
   1.3670091e+01
   1.3675271e+01
   1.3680485e+01
   1.3685760e+01
   1.3691047e+01
   1.3696267e+01
   1.3701653e+01
   1.3706860e+01
   1.3712082e+01
   1.3717299e+01
   1.3722479e+01
   1.3728288e+01
   1.3733537e+01
   1.3738854e+01
   1.3744056e+01
   1.3749238e+01
   1.3754477e+01
   1.3759676e+01
   1.3764861e+01
   1.3770015e+01
   1.3775247e+01
   1.3780471e+01
   1.3785689e+01
   1.3790879e+01
   1.3796100e+01
   1.3801356e+01
   1.3806638e+01
   1.3811882e+01
   1.3817084e+01
   1.3822321e+01
   1.3827541e+01
   1.3832790e+01
   1.3838043e+01
   1.3843207e+01
   1.3848382e+01
   1.3853646e+01
   1.3858817e+01
   1.3864073e+01
   1.3869555e+01
   1.3874805e+01
   1.3880880e+01
   1.3886179e+01
   1.3891427e+01
   1.3896657e+01
   1.3901877e+01
   1.3907126e+01
   1.3912319e+01
   1.3917505e+01
   1.3922682e+01
   1.3927863e+01
   1.3933084e+01
   1.3938313e+01
   1.3943566e+01
   1.3948878e+01
   1.3954111e+01
   1.3959329e+01
   1.3964562e+01
   1.3969808e+01
   1.3975012e+01
   1.3980199e+01
   1.3985402e+01
   1.3990593e+01
   1.3995765e+01
   1.4000956e+01
   1.4006108e+01
   1.4011365e+01
   1.4016630e+01
   1.4021857e+01
   1.4027079e+01
   1.4032314e+01
   1.4037528e+01
   1.4042771e+01
   1.4048001e+01
   1.4053233e+01
   1.4059249e+01
   1.4064468e+01
   1.4069719e+01
   1.4074933e+01
   1.4080203e+01
   1.4085408e+01
   1.4090628e+01
   1.4095870e+01
   1.4101110e+01
   1.4106311e+01
   1.4112130e+01
   1.4117360e+01
   1.4122661e+01
   1.4128229e+01
   1.4133411e+01
   1.4138620e+01
   1.4143820e+01
   1.4148994e+01
   1.4154211e+01
   1.4159383e+01
   1.4165186e+01
   1.4170445e+01
   1.4176223e+01
   1.4181970e+01
   1.4187151e+01
   1.4192373e+01
   1.4197535e+01
   1.4202715e+01
   1.4207941e+01
   1.4213185e+01
   1.4218669e+01
   1.4223916e+01
   1.4229166e+01
   1.4234398e+01
   1.4239646e+01
   1.4244863e+01
   1.4250089e+01
   1.4255405e+01
   1.4260627e+01
   1.4265865e+01
   1.4271064e+01
   1.4276255e+01
   1.4281498e+01
   1.4287333e+01
   1.4292504e+01
   1.4297711e+01
   1.4302884e+01
   1.4308125e+01
   1.4313307e+01
   1.4318493e+01
   1.4323645e+01
   1.4328940e+01
   1.4334177e+01
   1.4339409e+01
   1.4344635e+01
   1.4349862e+01
   1.4355092e+01
   1.4360369e+01
   1.4365620e+01
   1.4370800e+01
   1.4376025e+01
   1.4381246e+01
   1.4386461e+01
   1.4391630e+01
   1.4396828e+01
   1.4402008e+01
   1.4407214e+01
   1.4412378e+01
   1.4417567e+01
   1.4422754e+01
   1.4427931e+01
   1.4433141e+01
   1.4438325e+01
   1.4443878e+01
   1.4449210e+01
   1.4454469e+01
   1.4459713e+01
   1.4464959e+01
   1.4470177e+01
   1.4475383e+01
   1.4480631e+01
   1.4485850e+01
   1.4491060e+01
   1.4496272e+01
   1.4501444e+01
   1.4506604e+01
   1.4511812e+01
   1.4517077e+01
   1.4522355e+01
   1.4527609e+01
   1.4532814e+01
   1.4538050e+01
   1.4543332e+01
   1.4548574e+01
   1.4553794e+01
   1.4559040e+01
   1.4564341e+01
   1.4569579e+01
   1.4574866e+01
   1.4580089e+01
   1.4585257e+01
   1.4590444e+01
   1.4595612e+01
   1.4600804e+01
   1.4606005e+01
   1.4611262e+01
   1.4616474e+01
   1.4621687e+01
   1.4626932e+01
   1.4632164e+01
   1.4637357e+01
   1.4642586e+01
   1.4647776e+01
   1.4652995e+01
   1.4658248e+01
   1.4663467e+01
   1.4668708e+01
   1.4673957e+01
   1.4679192e+01
   1.4684442e+01
   1.4690259e+01
   1.4695483e+01
   1.4700775e+01
   1.4706001e+01
   1.4711192e+01
   1.4716445e+01
   1.4722018e+01
   1.4727300e+01
   1.4732493e+01
   1.4737742e+01
   1.4743016e+01
   1.4748242e+01
   1.4753510e+01
   1.4758798e+01
   1.4764035e+01
   1.4769575e+01
   1.4774781e+01
   1.4779994e+01
   1.4785207e+01
   1.4790399e+01
   1.4795592e+01
   1.4800810e+01
   1.4805963e+01
   1.4811443e+01
   1.4816677e+01
   1.4821978e+01
   1.4827254e+01
   1.4832471e+01
   1.4837679e+01
   1.4842872e+01
   1.4848070e+01
   1.4853359e+01
   1.4859914e+01
   1.4865092e+01
   1.4870312e+01
   1.4875524e+01
   1.4880744e+01
   1.4885987e+01
   1.4891242e+01
   1.4896475e+01
   1.4901996e+01
   1.4907235e+01
   1.4912422e+01
   1.4917586e+01
   1.4922759e+01
   1.4927942e+01
   1.4933162e+01
   1.4938367e+01
   1.4943540e+01
   1.4948764e+01
   1.4953983e+01
   1.4959239e+01
   1.4964466e+01
   1.4969714e+01
   1.4974957e+01
   1.4980191e+01
   1.4985460e+01
   1.4990713e+01
   1.4995963e+01
   1.5001218e+01
   1.5006393e+01
   1.5011570e+01
   1.5016727e+01
   1.5021910e+01
   1.5027117e+01
   1.5032300e+01
   1.5037470e+01
   1.5043009e+01
   1.5048824e+01
   1.5054095e+01
   1.5059300e+01
   1.5064484e+01
   1.5069674e+01
   1.5075024e+01
   1.5080280e+01
   1.5085509e+01
   1.5090746e+01
   1.5096007e+01
   1.5101217e+01
   1.5106464e+01
   1.5111658e+01
   1.5117180e+01
   1.5122441e+01
   1.5127678e+01
   1.5132892e+01
   1.5138116e+01
   1.5143324e+01
   1.5148550e+01
   1.5153749e+01
   1.5158973e+01
   1.5164196e+01
   1.5169420e+01
   1.5174679e+01
   1.5179904e+01
   1.5185130e+01
   1.5190338e+01
   1.5195557e+01
   1.5200837e+01
   1.5205999e+01
   1.5211213e+01
   1.5216453e+01
   1.5221681e+01
   1.5226918e+01
   1.5232204e+01
   1.5237420e+01
   1.5242622e+01
   1.5248460e+01
   1.5253704e+01
   1.5259001e+01
   1.5264216e+01
   1.5269488e+01
   1.5274727e+01
   1.5279907e+01
   1.5285125e+01
   1.5290359e+01
   1.5295581e+01
   1.5300791e+01
   1.5306783e+01
   1.5312021e+01
   1.5317254e+01
   1.5322462e+01
   1.5327624e+01
   1.5332802e+01
   1.5338002e+01
   1.5343149e+01
   1.5348331e+01
   1.5353596e+01
   1.5358903e+01
   1.5364122e+01
   1.5369341e+01
   1.5374578e+01
   1.5379774e+01
   1.5385540e+01
   1.5390779e+01
   1.5396015e+01
   1.5401226e+01
   1.5406487e+01
   1.5411729e+01
   1.5416962e+01
   1.5422187e+01
   1.5427390e+01
   1.5432621e+01
   1.5437941e+01
   1.5443134e+01
   1.5448337e+01
   1.5453529e+01
   1.5458691e+01
   1.5463864e+01
   1.5469112e+01
   1.5474320e+01
   1.5479501e+01
   1.5484790e+01
   1.5490006e+01
   1.5495237e+01
   1.5500484e+01
   1.5505806e+01
   1.5511064e+01
   1.5516263e+01
   1.5521494e+01
   1.5526741e+01
   1.5531959e+01
   1.5537194e+01
   1.5542462e+01
   1.5547682e+01
   1.5552866e+01
   1.5558090e+01
   1.5563372e+01
   1.5568729e+01
   1.5573910e+01
   1.5579106e+01
   1.5584258e+01
   1.5589436e+01
   1.5594939e+01
   1.5600164e+01
   1.5605479e+01
   1.5610739e+01
   1.5616804e+01
   1.5622032e+01
   1.5627281e+01
   1.5632516e+01
   1.5637687e+01
   1.5643485e+01
   1.5648753e+01
   1.5653957e+01
   1.5659218e+01
   1.5664461e+01
   1.5669720e+01
   1.5674929e+01
   1.5680130e+01
   1.5685332e+01
   1.5690557e+01
   1.5695810e+01
   1.5701011e+01
   1.5706186e+01
   1.5711423e+01
   1.5716622e+01
   1.5721809e+01
   1.5727020e+01
   1.5732312e+01
   1.5737514e+01
   1.5742725e+01
   1.5747965e+01
   1.5753265e+01
   1.5758459e+01
   1.5763668e+01
   1.5768845e+01
   1.5774053e+01
   1.5779211e+01
   1.5784426e+01
   1.5789588e+01
   1.5794831e+01
   1.5799979e+01
   1.5805197e+01
   1.5810462e+01
   1.5815670e+01
   1.5820878e+01
   1.5826069e+01
   1.5831296e+01
   1.5836551e+01
   1.5841805e+01
   1.5847037e+01
   1.5852269e+01
   1.5857638e+01
   1.5863133e+01
   1.5868304e+01
   1.5873498e+01
   1.5878719e+01
   1.5883905e+01
   1.5889074e+01
   1.5894230e+01
   1.5899718e+01
   1.5904981e+01
   1.5910183e+01
   1.5915390e+01
   1.5920615e+01
   1.5925860e+01
   1.5931635e+01
   1.5936810e+01
   1.5942000e+01
   1.5947216e+01
   1.5952452e+01
   1.5957736e+01
   1.5962943e+01
   1.5968175e+01
   1.5973450e+01
   1.5978690e+01
   1.5983928e+01
   1.5989200e+01
   1.5994436e+01
   1.5999680e+01
   1.6004950e+01
   1.6010185e+01
   1.6015393e+01
   1.6020580e+01
   1.6025789e+01
   1.6031015e+01
   1.6036232e+01
   1.6041408e+01
   1.6046611e+01
   1.6051820e+01
   1.6056995e+01
   1.6062141e+01
   1.6067377e+01
   1.6072605e+01
   1.6077798e+01
   1.6083763e+01
   1.6088986e+01
   1.6094186e+01
   1.6099380e+01
   1.6104616e+01
   1.6109794e+01
   1.6115016e+01
   1.6120180e+01
   1.6125337e+01
   1.6130512e+01
   1.6135810e+01
   1.6141333e+01
   1.6146575e+01
   1.6151760e+01
   1.6156962e+01
   1.6162778e+01
   1.6168009e+01
   1.6173218e+01
   1.6178449e+01
   1.6183683e+01
   1.6189007e+01
   1.6194291e+01
   1.6199493e+01
   1.6204703e+01
   1.6209925e+01
   1.6215155e+01
   1.6220345e+01
   1.6225565e+01
   1.6230833e+01
   1.6236060e+01
   1.6241263e+01
   1.6246491e+01
   1.6251987e+01
   1.6257237e+01
   1.6262455e+01
   1.6267688e+01
   1.6272925e+01
   1.6278172e+01
   1.6283425e+01
   1.6288665e+01
   1.6293893e+01
   1.6299116e+01
   1.6304383e+01
   1.6309602e+01
   1.6314851e+01
   1.6320110e+01
   1.6325283e+01
   1.6330478e+01
   1.6335612e+01
   1.6340850e+01
   1.6346058e+01
   1.6351291e+01
   1.6356457e+01
   1.6361640e+01
   1.6366833e+01
   1.6372021e+01
   1.6377346e+01
   1.6382522e+01
   1.6387701e+01
   1.6393683e+01
   1.6398875e+01
   1.6404091e+01
   1.6409343e+01
   1.6414523e+01
   1.6419712e+01
   1.6424886e+01
   1.6430095e+01
   1.6435237e+01
   1.6440407e+01
   1.6445773e+01
   1.6450988e+01
   1.6456213e+01
   1.6461445e+01
   1.6466658e+01
   1.6471908e+01
   1.6477266e+01
   1.6482420e+01
   1.6487599e+01
   1.6492848e+01
   1.6498087e+01
   1.6503285e+01
   1.6508465e+01
   1.6513668e+01
   1.6518861e+01
   1.6524051e+01
   1.6529224e+01
   1.6534389e+01
   1.6539528e+01
   1.6544698e+01
   1.6549945e+01
   1.6555167e+01
   1.6560423e+01
   1.6565713e+01
   1.6570939e+01
   1.6576118e+01
   1.6581597e+01
   1.6586858e+01
   1.6592370e+01
   1.6597577e+01
   1.6602908e+01
   1.6608138e+01
   1.6613306e+01
   1.6618502e+01
   1.6623693e+01
   1.6628897e+01
   1.6634066e+01
   1.6639250e+01
   1.6644716e+01
   1.6649958e+01
   1.6655210e+01
   1.6660449e+01
   1.6665683e+01
   1.6670848e+01
   1.6676094e+01
   1.6681283e+01
   1.6686520e+01
   1.6691728e+01
   1.6696992e+01
   1.6702999e+01
   1.6708241e+01
   1.6713468e+01
   1.6718691e+01
   1.6724248e+01
   1.6729427e+01
   1.6734678e+01
   1.6739922e+01
   1.6745155e+01
   1.6750481e+01
   1.6755674e+01
   1.6760940e+01
   1.6766192e+01
   1.6771413e+01
   1.6776634e+01
   1.6781868e+01
   1.6787148e+01
   1.6792411e+01
   1.6797594e+01
   1.6802788e+01
   1.6808541e+01
   1.6813868e+01
   1.6819192e+01
   1.6824349e+01
   1.6829618e+01
   1.6834773e+01
   1.6839983e+01
   1.6845198e+01
   1.6850468e+01
   1.6855635e+01
   1.6860801e+01
   1.6865983e+01
   1.6871165e+01
   1.6876350e+01
   1.6881553e+01
   1.6886723e+01
   1.6891975e+01
   1.6897250e+01
   1.6902537e+01
   1.6907812e+01
   1.6913062e+01
   1.6918260e+01
   1.6923473e+01
   1.6928685e+01
   1.6933881e+01
   1.6939119e+01
   1.6944358e+01
   1.6949613e+01
   1.6954926e+01
   1.6960105e+01
   1.6965327e+01
   1.6970554e+01
   1.6975760e+01
   1.6981004e+01
   1.6986220e+01
   1.6991481e+01
   1.6996829e+01
   1.7002055e+01
   1.7007304e+01
   1.7013671e+01
   1.7018893e+01
   1.7024105e+01
   1.7029348e+01
   1.7035092e+01
   1.7040564e+01
   1.7045863e+01
   1.7051155e+01
   1.7056393e+01
   1.7061720e+01
   1.7067281e+01
   1.7072507e+01
   1.7077734e+01
   1.7083017e+01
   1.7088248e+01
   1.7093522e+01
   1.7098770e+01
   1.7103995e+01
   1.7109188e+01
   1.7114406e+01
   1.7119603e+01
   1.7124756e+01
   1.7129940e+01
   1.7135118e+01
   1.7140297e+01
   1.7145492e+01
   1.7150708e+01
   1.7155912e+01
   1.7161121e+01
   1.7166300e+01
   1.7171556e+01
   1.7176726e+01
   1.7181924e+01
   1.7187222e+01
   1.7192461e+01
   1.7197738e+01
   1.7203003e+01
   1.7208210e+01
   1.7213439e+01
   1.7218696e+01
   1.7224063e+01
   1.7229511e+01
   1.7234744e+01
   1.7239960e+01
   1.7245192e+01
   1.7250394e+01
   1.7255625e+01
   1.7260865e+01
   1.7266093e+01
   1.7271337e+01
   1.7276883e+01
   1.7282083e+01
   1.7287282e+01
   1.7292510e+01
   1.7297694e+01
   1.7302859e+01
   1.7308069e+01
   1.7313260e+01
   1.7318447e+01
   1.7324465e+01
   1.7329675e+01
   1.7334862e+01
   1.7340050e+01
   1.7345373e+01
   1.7350692e+01
   1.7355929e+01
   1.7361213e+01
   1.7366457e+01
   1.7371695e+01
   1.7376930e+01
   1.7382407e+01
   1.7387570e+01
   1.7392754e+01
   1.7397929e+01
   1.7403196e+01
   1.7408470e+01
   1.7414262e+01
   1.7419438e+01
   1.7424652e+01
   1.7429888e+01
   1.7435154e+01
   1.7440354e+01
   1.7445529e+01
   1.7450724e+01
   1.7455971e+01
   1.7461205e+01
   1.7466396e+01
   1.7471641e+01
   1.7476902e+01
   1.7482151e+01
   1.7487371e+01
   1.7492601e+01
   1.7497819e+01
   1.7503043e+01
   1.7508215e+01
   1.7513407e+01
   1.7518573e+01
   1.7523778e+01
   1.7528953e+01
   1.7534113e+01
   1.7539325e+01
   1.7544585e+01
   1.7549776e+01
   1.7554968e+01
   1.7560434e+01
   1.7565684e+01
   1.7570900e+01
   1.7576118e+01
   1.7581349e+01
   1.7586564e+01
   1.7591817e+01
   1.7597161e+01
   1.7602377e+01
   1.7607589e+01
   1.7612784e+01
   1.7617998e+01
   1.7623469e+01
   1.7628729e+01
   1.7633948e+01
   1.7639114e+01
   1.7644335e+01
   1.7649601e+01
   1.7654828e+01
   1.7660343e+01
   1.7665573e+01
   1.7670765e+01
   1.7676017e+01
   1.7681238e+01
   1.7686386e+01
   1.7691612e+01
   1.7696787e+01
   1.7702081e+01
   1.7707255e+01
   1.7712436e+01
   1.7717691e+01
   1.7722847e+01
   1.7728033e+01
   1.7733193e+01
   1.7738380e+01
   1.7743731e+01
   1.7748871e+01
   1.7754043e+01
   1.7759244e+01
   1.7764413e+01
   1.7769581e+01
   1.7774772e+01
   1.7779974e+01
   1.7785204e+01
   1.7790474e+01
   1.7795694e+01
   1.7801229e+01
   1.7807108e+01
   1.7812320e+01
   1.7817497e+01
   1.7822736e+01
   1.7827895e+01
   1.7833098e+01
   1.7838291e+01
   1.7843575e+01
   1.7848859e+01
   1.7854111e+01
   1.7859341e+01
   1.7864555e+01
   1.7869778e+01
   1.7875005e+01
   1.7880229e+01
   1.7885762e+01
   1.7890953e+01
   1.7896160e+01
   1.7901366e+01
   1.7906528e+01
   1.7911775e+01
   1.7917012e+01
   1.7922151e+01
   1.7927549e+01
   1.7932852e+01
   1.7938033e+01
   1.7944043e+01
   1.7949240e+01
   1.7954493e+01
   1.7959710e+01
   1.7964944e+01
   1.7970186e+01
   1.7975433e+01
   1.7980553e+01
   1.7985735e+01
   1.7990942e+01
   1.7996139e+01
   1.8001355e+01
   1.8006621e+01
   1.8011820e+01
   1.8017056e+01
   1.8022225e+01
   1.8027493e+01
   1.8032715e+01
   1.8037960e+01
   1.8043222e+01
   1.8048482e+01
   1.8053756e+01
   1.8058955e+01
   1.8064135e+01
   1.8069340e+01
   1.8074526e+01
   1.8079709e+01
   1.8084914e+01
   1.8090150e+01
   1.8095363e+01
   1.8100554e+01
   1.8105712e+01
   1.8110870e+01
   1.8116000e+01
   1.8121168e+01
   1.8126320e+01
   1.8131508e+01
   1.8136748e+01
   1.8141901e+01
   1.8147144e+01
   1.8152393e+01
   1.8157587e+01
   1.8162753e+01
   1.8167940e+01
   1.8173170e+01
   1.8178549e+01
   1.8183847e+01
   1.8189116e+01
   1.8194414e+01
   1.8199616e+01
   1.8204827e+01
   1.8210034e+01
   1.8215263e+01
   1.8220426e+01
   1.8225649e+01
   1.8230802e+01
   1.8235965e+01
   1.8241138e+01
   1.8246309e+01
   1.8251488e+01
   1.8256725e+01
   1.8261926e+01
   1.8267096e+01
   1.8272319e+01
   1.8277618e+01
   1.8282820e+01
   1.8287991e+01
   1.8293163e+01
   1.8298355e+01
   1.8304111e+01
   1.8309341e+01
   1.8314619e+01
   1.8319823e+01
   1.8325560e+01
   1.8330754e+01
   1.8335938e+01
   1.8341221e+01
   1.8346422e+01
   1.8351653e+01
   1.8356896e+01
   1.8362096e+01
   1.8367323e+01
   1.8372566e+01
   1.8377737e+01
   1.8382977e+01
   1.8388185e+01
   1.8393402e+01
   1.8398631e+01
   1.8403852e+01
   1.8409065e+01
   1.8414417e+01
   1.8419688e+01
   1.8424910e+01
   1.8430145e+01
   1.8435317e+01
   1.8440544e+01
   1.8445768e+01
   1.8451007e+01
   1.8456235e+01
   1.8461505e+01
   1.8466743e+01
   1.8471934e+01
   1.8477185e+01
   1.8482411e+01
   1.8488188e+01
   1.8493402e+01
   1.8498640e+01
   1.8503876e+01
   1.8509084e+01
   1.8514336e+01
   1.8519846e+01
   1.8524989e+01
   1.8530196e+01
   1.8535367e+01
   1.8540585e+01
   1.8545772e+01
   1.8551281e+01
   1.8556492e+01
   1.8561673e+01
   1.8566931e+01
   1.8572148e+01
   1.8577399e+01
   1.8582574e+01
   1.8588338e+01
   1.8593542e+01
   1.8598729e+01
   1.8603928e+01
   1.8609106e+01
   1.8614225e+01
   1.8619674e+01
   1.8624852e+01
   1.8630014e+01
   1.8635206e+01
   1.8640368e+01
   1.8645864e+01
   1.8651431e+01
   1.8656594e+01
   1.8661776e+01
   1.8666977e+01
   1.8672169e+01
   1.8677363e+01
   1.8682944e+01
   1.8688144e+01
   1.8693392e+01
   1.8698633e+01
   1.8703835e+01
   1.8709021e+01
   1.8714231e+01
   1.8719446e+01
   1.8724641e+01
   1.8730167e+01
   1.8735378e+01
   1.8740607e+01
   1.8745859e+01
   1.8751090e+01
   1.8756491e+01
   1.8761691e+01
   1.8766874e+01
   1.8772133e+01
   1.8777397e+01
   1.8782637e+01
   1.8787909e+01
   1.8793339e+01
   1.8798625e+01
   1.8803849e+01
   1.8809081e+01
   1.8814477e+01
   1.8819699e+01
   1.8824907e+01
   1.8830119e+01
   1.8835354e+01
   1.8840523e+01
   1.8845712e+01
   1.8850920e+01
   1.8856085e+01
   1.8861271e+01
   1.8866448e+01
   1.8872404e+01
   1.8877647e+01
   1.8882797e+01
   1.8888070e+01
   1.8893277e+01
   1.8898457e+01
   1.8903652e+01
   1.8908879e+01
   1.8914097e+01
   1.8919911e+01
   1.8925159e+01
   1.8930394e+01
   1.8935952e+01
   1.8941138e+01
   1.8946261e+01
   1.8951430e+01
   1.8956562e+01
   1.8961833e+01
   1.8967009e+01
   1.8972176e+01
   1.8977389e+01
   1.8982571e+01
   1.8987748e+01
   1.8992957e+01
   1.8998159e+01
   1.9003287e+01
   1.9008447e+01
   1.9013606e+01
   1.9019388e+01
   1.9024640e+01
   1.9029875e+01
   1.9035124e+01
   1.9040636e+01
   1.9046322e+01
   1.9051561e+01
   1.9056823e+01
   1.9062056e+01
   1.9067348e+01
   1.9072572e+01
   1.9077770e+01
   1.9083048e+01
   1.9088238e+01
   1.9093385e+01
   1.9098588e+01
   1.9104354e+01
   1.9109560e+01
   1.9114788e+01
   1.9120010e+01
   1.9125229e+01
   1.9130507e+01
   1.9135764e+01
   1.9140999e+01
   1.9146202e+01
   1.9151405e+01
   1.9156556e+01
   1.9161739e+01
   1.9166873e+01
   1.9172059e+01
   1.9177307e+01
   1.9182491e+01
   1.9187681e+01
   1.9193427e+01
   1.9198694e+01
   1.9203951e+01
   1.9209200e+01
   1.9214398e+01
   1.9219602e+01
   1.9224814e+01
   1.9230681e+01
   1.9236254e+01
   1.9241420e+01
   1.9246590e+01
   1.9251807e+01
   1.9256990e+01
   1.9262202e+01
   1.9267403e+01
   1.9272593e+01
   1.9277757e+01
   1.9282973e+01
   1.9288214e+01
   1.9293432e+01
   1.9298667e+01
   1.9303904e+01
   1.9309121e+01
   1.9314637e+01
   1.9320143e+01
   1.9325422e+01
   1.9330780e+01
   1.9335956e+01
   1.9341229e+01
   1.9346471e+01
   1.9351738e+01
   1.9356969e+01
   1.9362136e+01
   1.9367360e+01
   1.9372530e+01
   1.9377705e+01
   1.9382878e+01
   1.9388069e+01
   1.9393283e+01
   1.9398452e+01
   1.9403630e+01
   1.9408857e+01
   1.9414015e+01
   1.9419186e+01
   1.9424389e+01
   1.9429640e+01
   1.9434870e+01
   1.9440080e+01
   1.9445331e+01
   1.9450502e+01
   1.9455842e+01
   1.9461025e+01
   1.9466214e+01
   1.9471399e+01
   1.9476625e+01
   1.9481797e+01
   1.9486978e+01
   1.9492178e+01
   1.9497326e+01
   1.9502518e+01
   1.9508035e+01
   1.9513169e+01
   1.9518343e+01
   1.9523570e+01
   1.9528715e+01
   1.9533896e+01
   1.9539070e+01
   1.9544326e+01
   1.9549595e+01
   1.9554820e+01
   1.9560064e+01
   1.9565322e+01
   1.9570539e+01
   1.9575793e+01
   1.9581006e+01
   1.9586161e+01
   1.9591334e+01
   1.9596492e+01
   1.9601758e+01
   1.9606924e+01
   1.9612090e+01
   1.9617286e+01
   1.9622492e+01
   1.9627663e+01
   1.9632832e+01
   1.9637988e+01
   1.9643198e+01
   1.9648409e+01
   1.9653594e+01
   1.9658756e+01
   1.9663998e+01
   1.9669213e+01
   1.9674358e+01
   1.9679516e+01
   1.9684756e+01
   1.9689988e+01
   1.9695259e+01
   1.9700590e+01
   1.9705817e+01
   1.9711082e+01
   1.9716296e+01
   1.9721490e+01
   1.9726686e+01
   1.9731943e+01
   1.9737132e+01
   1.9742404e+01
   1.9747864e+01
   1.9753141e+01
   1.9758369e+01
   1.9763601e+01
   1.9768819e+01
   1.9774081e+01
   1.9779338e+01
   1.9784599e+01
   1.9789925e+01
   1.9795114e+01
   1.9801105e+01
   1.9806369e+01
   1.9811526e+01
   1.9816777e+01
   1.9821961e+01
   1.9827142e+01
   1.9832325e+01
   1.9837502e+01
   1.9843018e+01
   1.9848247e+01
   1.9853527e+01
   1.9858784e+01
   1.9864019e+01
   1.9869263e+01
   1.9874494e+01
   1.9879706e+01
   1.9884891e+01
   1.9890033e+01
   1.9895194e+01
   1.9900421e+01
   1.9905643e+01
   1.9911172e+01
   1.9916395e+01
   1.9921595e+01
   1.9926868e+01
   1.9932082e+01
   1.9937294e+01
   1.9942520e+01
   1.9947768e+01
   1.9953057e+01
   1.9958245e+01
   1.9963474e+01
   1.9968653e+01
   1.9973844e+01
   1.9979052e+01
   1.9984316e+01
   1.9989517e+01
   1.9994792e+01
   2.0000017e+01
   2.0005275e+01
   2.0010573e+01
   2.0015848e+01
   2.0021053e+01
   2.0026253e+01
   2.0031462e+01
   2.0036690e+01
   2.0042021e+01
   2.0047184e+01
   2.0052410e+01
   2.0057899e+01
   2.0063185e+01
   2.0068363e+01
   2.0073689e+01
   2.0078918e+01
   2.0084089e+01
   2.0089254e+01
   2.0094577e+01
   2.0099825e+01
   2.0105131e+01
   2.0111218e+01
   2.0116490e+01
   2.0121757e+01
   2.0126958e+01
   2.0132224e+01
   2.0137388e+01
   2.0142606e+01
   2.0148387e+01
   2.0153656e+01
   2.0158852e+01
   2.0164252e+01
   2.0169539e+01
   2.0174715e+01
   2.0179939e+01
   2.0185195e+01
   2.0190368e+01
   2.0195566e+01
   2.0200902e+01
   2.0206053e+01
   2.0211548e+01
   2.0216791e+01
   2.0221974e+01
   2.0227222e+01
   2.0232450e+01
   2.0237635e+01
   2.0242871e+01
   2.0248115e+01
   2.0253322e+01
   2.0258524e+01
   2.0263706e+01
   2.0268937e+01
   2.0274135e+01
   2.0279412e+01
   2.0284623e+01
   2.0289774e+01
   2.0294960e+01
   2.0300161e+01
   2.0305386e+01
   2.0310657e+01
   2.0315899e+01
   2.0321142e+01
   2.0326439e+01
   2.0331687e+01
   2.0336863e+01
   2.0342097e+01
   2.0347871e+01
   2.0353369e+01
   2.0358842e+01
   2.0364030e+01
   2.0369227e+01
   2.0374391e+01
   2.0379587e+01
   2.0384845e+01
   2.0390136e+01
   2.0395337e+01
   2.0400556e+01
   2.0405798e+01
   2.0411029e+01
   2.0416260e+01
   2.0421490e+01
   2.0426730e+01
   2.0431981e+01
   2.0437154e+01
   2.0442413e+01
   2.0447686e+01
   2.0452852e+01
   2.0458037e+01
   2.0463224e+01
   2.0468395e+01
   2.0473714e+01
   2.0479009e+01
   2.0484227e+01
   2.0489461e+01
   2.0494660e+01
   2.0500009e+01
   2.0505236e+01
   2.0510430e+01
   2.0515702e+01
   2.0520864e+01
   2.0526159e+01
   2.0531370e+01
   2.0536809e+01
   2.0542042e+01
   2.0547293e+01
   2.0552579e+01
   2.0558424e+01
   2.0563576e+01
   2.0568730e+01
   2.0574083e+01
   2.0579331e+01
   2.0584600e+01
   2.0589843e+01
   2.0595108e+01
   2.0600336e+01
   2.0605930e+01
   2.0611196e+01
   2.0616551e+01
   2.0622332e+01
   2.0627790e+01
   2.0633102e+01
   2.0638322e+01
   2.0643570e+01
   2.0648833e+01
   2.0654046e+01
   2.0659567e+01
   2.0664966e+01
   2.0670235e+01
   2.0675478e+01
   2.0681383e+01
   2.0686641e+01
   2.0691879e+01
   2.0697124e+01
   2.0702370e+01
   2.0707608e+01
   2.0712862e+01
   2.0718072e+01
   2.0723329e+01
   2.0728541e+01
   2.0734515e+01
   2.0739710e+01
   2.0744913e+01
   2.0750083e+01
   2.0755268e+01
   2.0760474e+01
   2.0765619e+01
   2.0770812e+01
   2.0775970e+01
   2.0781171e+01
   2.0786377e+01
   2.0791923e+01
   2.0797155e+01
   2.0802395e+01
   2.0807637e+01
   2.0812848e+01
   2.0818113e+01
   2.0823723e+01
   2.0828986e+01
   2.0834179e+01
   2.0839406e+01
   2.0844648e+01
   2.0849906e+01
   2.0855127e+01
   2.0860346e+01
   2.0865623e+01
   2.0870841e+01
   2.0876100e+01
   2.0881293e+01
   2.0886494e+01
   2.0891745e+01
   2.0896992e+01
   2.0902186e+01
   2.0907387e+01
   2.0912771e+01
   2.0917967e+01
   2.0923212e+01
   2.0928389e+01
   2.0933628e+01
   2.0938844e+01
   2.0944054e+01
   2.0949430e+01
   2.0954670e+01
   2.0959936e+01
   2.0965184e+01
   2.0970445e+01
   2.0975676e+01
   2.0980887e+01
   2.0986045e+01
   2.0991251e+01
   2.0996426e+01
   2.1001623e+01
