   2.5455809e-09
   4.9131169e-09
   7.6959629e-09
   8.8939101e-09
   1.0367488e-08
   1.2718349e-08
   1.4910647e-08
   1.5729332e-08
   1.7572475e-08
   2.1544345e-08
   2.6521659e-08
   2.7133688e-08
   2.7949360e-08
   3.0489019e-08
   3.5041962e-08
   3.6888108e-08
   3.8019784e-08
   3.9637130e-08
   4.0876332e-08
   4.3424540e-08
   4.5611144e-08
   4.7411621e-08
   4.8094260e-08
   4.8321970e-08
   4.8706064e-08
   4.9379592e-08
   5.2921424e-08
   5.4995886e-08
   5.6858341e-08
   5.8420233e-08
   6.1803636e-08
   6.4273765e-08
   6.5115439e-08
   6.6170343e-08
   6.9291192e-08
   6.9773023e-08
   7.0676139e-08
   7.2188609e-08
   7.4800529e-08
   7.5830885e-08
   7.8063588e-08
   8.0059537e-08
   8.2647034e-08
   8.5525051e-08
   8.7422519e-08
   9.0077156e-08
   9.1278621e-08
   9.3252077e-08
   9.3562988e-08
   9.4994794e-08
   9.7301838e-08
   9.8570270e-08
   9.9209577e-08
   1.0042586e-07
   1.0202607e-07
   1.0471148e-07
   1.0642888e-07
   1.0768882e-07
   1.1075318e-07
   1.1418096e-07
   1.1568998e-07
   1.1741905e-07
   1.1845232e-07
   1.2116379e-07
   1.2370835e-07
   1.2461921e-07
   1.2613075e-07
   1.2794789e-07
   1.2867357e-07
   1.3087742e-07
   1.3204845e-07
   1.3540146e-07
   1.3763498e-07
   1.4044287e-07
   1.4271532e-07
   1.4509413e-07
   1.4703731e-07
   1.4891887e-07
   1.4909904e-07
   1.5108762e-07
   1.5256338e-07
   1.5416610e-07
   1.5724252e-07
   1.5973098e-07
   1.6125276e-07
   1.6304417e-07
   1.6336100e-07
   1.6432680e-07
   1.6605728e-07
   1.6894730e-07
   1.6987836e-07
   1.7308484e-07
   1.7503635e-07
   1.7762679e-07
   1.8047622e-07
   1.8278354e-07
   1.8487097e-07
   1.8655993e-07
   1.8903738e-07
   1.9246063e-07
   1.9482935e-07
   1.9607157e-07
   1.9645626e-07
   1.9705741e-07
   1.9775781e-07
   1.9893073e-07
   1.9964437e-07
   2.0425528e-07
   2.0980203e-07
   2.1088436e-07
   2.1291494e-07
   2.1379426e-07
   2.1570693e-07
   2.1806575e-07
   2.2054757e-07
   2.2113938e-07
   2.2350160e-07
   2.2950705e-07
   2.3351045e-07
   2.3418179e-07
   2.3684815e-07
   2.3953307e-07
   2.4271945e-07
   2.4402208e-07
   2.4577048e-07
   2.4831139e-07
   2.5204147e-07
   2.5599584e-07
   2.5659430e-07
   2.5738553e-07
   2.5778041e-07
   2.5845566e-07
   2.5936338e-07
   2.6097369e-07
   2.6157604e-07
   2.6463448e-07
   2.6600663e-07
   2.6933835e-07
   2.7079013e-07
   2.7204858e-07
   2.7325957e-07
   2.7776265e-07
   2.8053539e-07
   2.8380069e-07
   2.8630979e-07
   2.8969182e-07
   2.9042926e-07
   2.9294017e-07
   2.9401614e-07
   2.9452356e-07
   2.9747480e-07
   2.9809082e-07
   3.0015418e-07
   3.0317221e-07
   3.0574242e-07
   3.0698310e-07
   3.1004817e-07
   3.1167790e-07
   3.1342512e-07
   3.1474598e-07
   3.1651221e-07
   3.1727557e-07
   3.1964017e-07
   3.2105138e-07
   3.2246460e-07
   3.2328348e-07
   3.2436171e-07
   3.2516424e-07
   3.2663875e-07
   3.2941712e-07
   3.3385220e-07
   3.3468992e-07
   3.3755472e-07
   3.3953925e-07
   3.4034553e-07
   3.4345237e-07
   3.4911891e-07
   3.5462729e-07
   3.5607156e-07
   3.5737609e-07
   3.5894397e-07
   3.6185893e-07
   3.6191638e-07
   3.6246330e-07
   3.6340177e-07
   3.6500947e-07
   3.6662087e-07
   3.6723523e-07
   3.6819042e-07
   3.7110029e-07
   3.7163497e-07
   3.7537910e-07
   3.7817554e-07
   3.8072585e-07
   3.8216521e-07
   3.8421165e-07
   3.8513946e-07
   3.8770546e-07
   3.9254752e-07
   3.9404461e-07
   3.9541445e-07
   3.9663424e-07
   3.9833188e-07
   3.9930984e-07
   4.0085787e-07
   4.0553663e-07
   4.0945021e-07
   4.1306989e-07
   4.1629344e-07
   4.1970609e-07
   4.2046589e-07
   4.2271271e-07
   4.2476507e-07
   4.2663841e-07
   4.2939727e-07
   4.3154879e-07
   4.3534075e-07
   4.3671952e-07
   4.3925527e-07
   4.4019416e-07
   4.4278145e-07
   4.4327790e-07
   4.4436242e-07
   4.4650063e-07
   4.4883275e-07
   4.5068860e-07
   4.5470845e-07
   4.5809301e-07
   4.6056528e-07
   4.6371242e-07
   4.6825850e-07
   4.7029332e-07
   4.7205088e-07
   4.7267779e-07
   4.7469742e-07
   4.7544675e-07
   4.7625117e-07
   4.7658754e-07
   4.7962539e-07
   4.8210529e-07
   4.8511487e-07
   4.8632434e-07
   4.8793684e-07
   4.8868377e-07
   4.9095751e-07
   4.9340895e-07
   4.9638142e-07
   4.9910829e-07
   5.0111840e-07
   5.3374649e-07
   5.4377980e-07
   5.4831096e-07
   5.5436961e-07
   5.6349156e-07
   5.7210175e-07
   5.7503313e-07
   5.8056238e-07
   5.9114769e-07
   6.0236322e-07
   6.0562512e-07
   6.1155272e-07
   6.2583838e-07
   6.3550182e-07
   6.4046947e-07
   6.4604364e-07
   6.5313454e-07
   6.5772705e-07
   6.6225985e-07
   6.6655286e-07
   6.7268301e-07
   6.8360143e-07
   6.8719724e-07
   6.9912588e-07
   7.0292977e-07
   7.1341611e-07
   7.1902775e-07
   7.2402166e-07
   7.2614882e-07
   7.3070958e-07
   7.3476280e-07
   7.4539145e-07
   7.5152655e-07
   7.5640927e-07
   7.7407419e-07
   7.7975709e-07
   7.8574346e-07
   7.8971550e-07
   7.9583971e-07
   8.0555111e-07
   8.1124633e-07
   8.1633145e-07
   8.2600616e-07
   8.3363097e-07
   8.4117534e-07
   8.4724412e-07
   8.4891556e-07
   8.5630907e-07
   8.6567392e-07
   8.7932759e-07
   8.8204129e-07
   8.8461998e-07
   8.8907933e-07
   8.9697613e-07
   9.0107224e-07
   9.0609155e-07
   9.1215078e-07
   9.2356289e-07
   9.2907363e-07
   9.4261975e-07
   9.4839476e-07
   9.5391322e-07
   9.7056402e-07
   9.8098021e-07
   9.8875064e-07
   9.9429994e-07
   9.9799388e-07
   1.0019055e-06
   1.0093576e-06
   1.0202473e-06
   1.0301084e-06
   1.0312069e-06
   1.0407736e-06
   1.0437926e-06
   1.0512231e-06
   1.0622849e-06
   1.0662990e-06
   1.0698029e-06
   1.0846927e-06
   1.0888017e-06
   1.0914284e-06
   1.1039157e-06
   1.1194705e-06
   1.1399304e-06
   1.1424723e-06
   1.1518324e-06
   1.1540218e-06
   1.1602366e-06
   1.1674280e-06
   1.1700893e-06
   1.1731792e-06
   1.1794566e-06
   1.1852435e-06
   1.1883789e-06
   1.1939499e-06
   1.1991940e-06
   1.2072000e-06
   1.2151667e-06
   1.2204004e-06
   1.2319464e-06
   1.2379289e-06
   1.2482230e-06
   1.2588630e-06
   1.2639740e-06
   1.2674378e-06
   1.2737348e-06
   1.2757400e-06
   1.2845159e-06
   1.2878519e-06
   1.2942073e-06
   1.3039110e-06
   1.3113819e-06
   1.3145689e-06
   1.3212568e-06
   1.3349036e-06
   1.3417845e-06
   1.3497093e-06
   1.3593103e-06
   1.3663717e-06
   1.3705742e-06
   1.3794022e-06
   1.3828821e-06
   1.3883073e-06
   1.3964503e-06
   1.3993869e-06
   1.4125543e-06
   1.4246051e-06
   1.4361285e-06
   1.4487057e-06
   1.4557763e-06
   1.4658159e-06
   1.4722818e-06
   1.4806317e-06
   1.4901341e-06
   1.4965446e-06
   1.5003080e-06
   1.5142210e-06
   1.5361280e-06
   1.5458709e-06
   1.5545315e-06
   1.5688628e-06
   1.5790271e-06
   1.5874187e-06
   1.5972042e-06
   1.6091906e-06
   1.6162191e-06
   1.6351326e-06
   1.6394152e-06
   1.6480467e-06
   1.6541498e-06
   1.6619972e-06
   1.6832161e-06
   1.6926639e-06
   1.7016229e-06
   1.7122034e-06
   1.7277350e-06
   1.7389361e-06
   1.7458670e-06
   1.7499734e-06
   1.7573179e-06
   1.7763277e-06
   1.7798215e-06
   1.7828083e-06
   1.7889077e-06
   1.7945187e-06
   1.8060527e-06
   1.8146092e-06
   1.8262126e-06
   1.8331742e-06
   1.8395085e-06
   1.8483018e-06
   1.8633454e-06
   1.8765547e-06
   1.8835998e-06
   1.8916144e-06
   1.9046287e-06
   1.9135710e-06
   1.9201504e-06
   1.9339254e-06
   1.9433083e-06
   1.9476956e-06
   1.9543146e-06
   1.9600219e-06
   1.9751530e-06
   1.9861715e-06
   1.9868035e-06
   1.9959048e-06
   1.9987848e-06
   2.0111715e-06
   2.0244252e-06
   2.0386849e-06
   2.0502010e-06
   2.0602819e-06
   2.0700875e-06
   2.0784308e-06
   2.0898393e-06
   2.1048767e-06
   2.1069867e-06
   2.1110008e-06
   2.1152074e-06
   2.1328401e-06
   2.1460140e-06
   2.1522018e-06
   2.1556033e-06
   2.1678405e-06
   2.1765567e-06
   2.1865739e-06
   2.1973913e-06
   2.2029414e-06
   2.2100691e-06
   2.2128390e-06
   2.2208445e-06
   2.2267057e-06
   2.2310656e-06
   2.2388454e-06
   2.2506310e-06
   2.2579532e-06
   2.2692453e-06
   2.2807647e-06
   2.2877472e-06
   2.2966830e-06
   2.3040954e-06
   2.3095066e-06
   2.3190899e-06
   2.3293622e-06
   2.3416035e-06
   2.3467781e-06
   2.3531310e-06
   2.3616179e-06
   2.3668284e-06
   2.3758663e-06
   2.3770046e-06
   2.3839912e-06
   2.3882664e-06
   2.3976875e-06
   2.4098308e-06
   2.4146615e-06
   2.4198758e-06
   2.4211172e-06
   2.4275036e-06
   2.4342180e-06
   2.4372770e-06
   2.4480685e-06
   2.4523134e-06
   2.4628532e-06
   2.4727741e-06
   2.4772898e-06
   2.4892231e-06
   2.4974396e-06
   2.5104609e-06
   2.5563823e-06
   2.5672878e-06
   2.5836717e-06
   2.6024846e-06
   2.6091241e-06
   2.6435818e-06
   2.6657849e-06
   2.7049556e-06
   2.7271045e-06
   2.7347213e-06
   2.7773146e-06
   2.7934892e-06
   2.8212257e-06
   2.8225425e-06
   2.8382887e-06
   2.8583424e-06
   2.8716115e-06
   2.8790080e-06
   2.8814184e-06
   2.8953918e-06
   2.9204835e-06
   2.9425013e-06
   2.9510719e-06
   2.9669550e-06
   2.9829443e-06
   2.9942461e-06
   3.0091408e-06
   3.0336241e-06
   3.0624973e-06
   3.0680944e-06
   3.0770113e-06
   3.1007666e-06
   3.1149329e-06
   3.1416048e-06
   3.1620884e-06
   3.1784019e-06
   3.1845240e-06
   3.1914526e-06
   3.2112275e-06
   3.2209879e-06
   3.2300222e-06
   3.2501539e-06
   3.2716449e-06
   3.2927681e-06
   3.3171654e-06
   3.3274166e-06
   3.3336607e-06
   3.3473785e-06
   3.3622912e-06
   3.3831667e-06
   3.4021234e-06
   3.4156002e-06
   3.4357716e-06
   3.4569525e-06
   3.4596599e-06
   3.4751722e-06
   3.4995565e-06
   3.5251234e-06
   3.5436861e-06
   3.5686794e-06
   3.5869557e-06
   3.5941468e-06
   3.6084538e-06
   3.6284072e-06
   3.6334057e-06
   3.6405060e-06
   3.6519805e-06
   3.6787342e-06
   3.6994645e-06
   3.7203497e-06
   3.7314775e-06
   3.7433999e-06
   3.7640126e-06
   3.8027936e-06
   3.8302223e-06
   3.8546087e-06
   3.8637008e-06
   3.8909733e-06
   3.9236309e-06
   3.9395243e-06
   3.9870824e-06
   4.0142385e-06
   4.0305444e-06
   4.0704571e-06
   4.0953162e-06
   4.1183149e-06
   4.1220135e-06
   4.1397852e-06
   4.1420571e-06
   4.1492366e-06
   4.1656359e-06
   4.1920376e-06
   4.2221346e-06
   4.2488212e-06
   4.2737371e-06
   4.3148599e-06
   4.3392590e-06
   4.3838087e-06
   4.4007645e-06
   4.4220616e-06
   4.4628891e-06
   4.4904841e-06
   4.5086533e-06
   4.5212934e-06
   4.5339609e-06
   4.5605456e-06
   4.5927102e-06
   4.5988031e-06
   4.6166614e-06
   4.6317289e-06
   4.6617493e-06
   4.6906766e-06
   4.7130058e-06
   4.7230839e-06
   4.7309120e-06
   4.7618292e-06
   4.7854533e-06
   4.8100947e-06
   4.8397039e-06
   4.8468189e-06
   4.8620684e-06
   4.8997429e-06
   4.9303061e-06
   4.9641700e-06
   4.9777061e-06
   4.9877244e-06
   5.0212890e-06
   5.0277542e-06
   5.0488730e-06
   5.0634814e-06
   5.0798404e-06
   5.0935811e-06
   5.1271123e-06
   5.1409856e-06
   5.1620542e-06
   5.1844918e-06
   5.1964629e-06
   5.2384065e-06
   5.2617393e-06
   5.2663831e-06
   5.2811006e-06
   5.3139854e-06
   5.3377435e-06
   5.3714960e-06
   5.4054204e-06
   5.4161855e-06
   5.4581787e-06
   5.4879046e-06
   5.5023747e-06
   5.5037382e-06
   5.5105811e-06
   5.5331137e-06
   5.5554034e-06
   5.5674620e-06
   5.5989719e-06
   5.6218018e-06
   5.6472824e-06
   5.6654818e-06
   5.6721796e-06
   5.6831094e-06
   5.7209294e-06
   5.7310157e-06
   5.7384101e-06
   5.7577098e-06
   5.7662516e-06
   5.7763330e-06
   5.7856459e-06
   5.8115710e-06
   5.8314717e-06
   5.8454910e-06
   5.8516863e-06
   5.8815174e-06
   5.9164192e-06
   5.9609867e-06
   5.9926110e-06
   6.0012385e-06
   6.0062641e-06
   6.0317756e-06
   6.0601771e-06
   6.0612703e-06
   6.0832479e-06
   6.1011843e-06
   6.1177946e-06
   6.1286246e-06
   6.1388114e-06
   6.1476506e-06
   6.1585259e-06
   6.1749293e-06
   6.1969897e-06
   6.2088843e-06
   6.2201158e-06
   6.2311712e-06
   6.2498598e-06
   6.2547507e-06
   6.2819529e-06
   6.2963492e-06
   6.3128104e-06
   6.3415631e-06
   6.3593515e-06
   6.3810657e-06
   6.4052459e-06
   6.4177372e-06
   6.4201010e-06
   6.4564640e-06
   6.4836540e-06
   6.5037816e-06
   6.5198849e-06
   6.5414024e-06
   6.5551655e-06
   6.5603120e-06
   6.5691324e-06
   6.5792739e-06
   6.5994472e-06
   6.6064413e-06
   6.6236520e-06
   6.6529586e-06
   6.6582591e-06
   6.6642656e-06
   6.6776466e-06
   6.7112029e-06
   6.7382755e-06
   6.7403864e-06
   6.7643227e-06
   6.8002831e-06
   6.8087937e-06
   6.8204909e-06
   6.8371592e-06
   6.8408949e-06
   6.8476889e-06
   6.8569660e-06
   6.8857210e-06
   6.9032492e-06
   6.9161342e-06
   6.9237362e-06
   6.9322923e-06
   6.9409845e-06
   6.9670776e-06
   6.9802164e-06
   6.9858317e-06
   7.0031107e-06
   7.0068200e-06
   7.0299019e-06
   7.0353497e-06
   7.0654603e-06
   7.0907015e-06
   7.1137846e-06
   7.1176782e-06
   7.1239603e-06
   7.1472554e-06
   7.1620833e-06
   7.1770075e-06
   7.2179724e-06
   7.2586906e-06
   7.2837974e-06
   7.2938741e-06
   7.3292916e-06
   7.3558449e-06
   7.3979713e-06
   7.4311972e-06
   7.5356826e-06
   7.5855506e-06
   7.5973479e-06
   7.6061917e-06
   7.6507195e-06
   7.7127294e-06
   7.7294776e-06
   7.7509087e-06
   7.7820490e-06
   7.8278891e-06
   7.8669195e-06
   7.9226952e-06
   7.9903445e-06
   8.0399070e-06
   8.0959063e-06
   8.1387242e-06
   8.1741604e-06
   8.2148153e-06
   8.2628518e-06
   8.2923205e-06
   8.3274393e-06
   8.3573788e-06
   8.4576798e-06
   8.4754733e-06
   8.4989623e-06
   8.5418424e-06
   8.5886149e-06
   8.6312817e-06
   8.6734250e-06
   8.7095219e-06
   8.7729725e-06
   8.8083622e-06
   8.8322104e-06
   8.8901848e-06
   8.9083139e-06
   8.9146777e-06
   8.9358533e-06
   8.9719761e-06
   8.9877963e-06
   9.0517587e-06
   9.1247572e-06
   9.1416986e-06
   9.1781677e-06
   9.2061382e-06
   9.2394698e-06
   9.2653208e-06
   9.3206155e-06
   9.3849315e-06
   9.4091704e-06
   9.4431834e-06
   9.4589831e-06
   9.4664698e-06
   9.5236659e-06
   9.5591139e-06
   9.5802649e-06
   9.5835993e-06
   9.6086114e-06
   9.6337256e-06
   9.6404620e-06
   9.6478508e-06
   9.6885842e-06
   9.7457800e-06
   9.7644257e-06
   9.8219995e-06
   9.8718265e-06
   9.9058805e-06
   9.9633829e-06
   9.9760650e-06
   9.9974242e-06
   1.0027103e-05
   1.0064560e-05
   1.0105623e-05
   1.0115948e-05
   1.0154270e-05
   1.0181946e-05
   1.0208800e-05
   1.0230360e-05
   1.0254371e-05
   1.0284583e-05
   1.0331161e-05
   1.0353181e-05
   1.0387639e-05
   1.0440146e-05
   1.0483733e-05
   1.0522119e-05
   1.0532195e-05
   1.0559859e-05
   1.0593828e-05
   1.0620547e-05
   1.0655861e-05
   1.0666965e-05
   1.0739303e-05
   1.0797083e-05
   1.0836117e-05
   1.0866139e-05
   1.0878336e-05
   1.0915553e-05
   1.0966233e-05
   1.1038376e-05
   1.1073540e-05
   1.1179904e-05
   1.1212224e-05
   1.1254918e-05
   1.1289560e-05
   1.1306676e-05
   1.1321423e-05
   1.1370339e-05
   1.1380541e-05
   1.1400042e-05
   1.1412991e-05
   1.1480174e-05
   1.1486338e-05
   1.1524989e-05
   1.1551039e-05
   1.1574048e-05
   1.1616792e-05
   1.1625097e-05
   1.1663389e-05
   1.1692159e-05
   1.1718737e-05
   1.1774457e-05
   1.1827312e-05
   1.1838357e-05
   1.1871999e-05
   1.1880348e-05
   1.1935682e-05
   1.2020349e-05
   1.2063361e-05
   1.2083476e-05
   1.2092648e-05
   1.2112954e-05
   1.2143835e-05
   1.2164058e-05
   1.2191936e-05
   1.2234498e-05
   1.2268416e-05
   1.2298092e-05
   1.2326335e-05
   1.2350145e-05
   1.2355311e-05
   1.2366636e-05
   1.2376770e-05
   1.2386650e-05
   1.2434699e-05
   1.2494845e-05
   1.2562803e-05
   1.2622860e-05
   1.2665218e-05
   1.2686096e-05
   1.2723345e-05
   1.2755076e-05
   1.2778411e-05
   1.2834579e-05
   1.2869688e-05
   1.2888012e-05
   1.2900955e-05
   1.2953579e-05
   1.2980573e-05
   1.3042819e-05
   1.3074376e-05
   1.3103446e-05
   1.3133418e-05
   1.3173158e-05
   1.3199188e-05
   1.3249909e-05
   1.3307624e-05
   1.3318011e-05
   1.3349737e-05
   1.3430456e-05
   1.3458142e-05
   1.3522855e-05
   1.3551167e-05
   1.3560336e-05
   1.3589131e-05
   1.3616816e-05
   1.3642179e-05
   1.3672280e-05
   1.3679305e-05
   1.3707980e-05
   1.3734954e-05
   1.3762769e-05
   1.3781682e-05
   1.3802485e-05
   1.3849275e-05
   1.3856374e-05
   1.3883499e-05
   1.3892695e-05
   1.3942895e-05
   1.3970307e-05
   1.4009809e-05
   1.4026362e-05
   1.4065418e-05
   1.4119028e-05
   1.4139351e-05
   1.4175008e-05
   1.4235478e-05
   1.4260968e-05
   1.4293274e-05
   1.4321029e-05
   1.4333288e-05
   1.4405440e-05
   1.4468648e-05
   1.4490785e-05
   1.4496109e-05
   1.4546354e-05
   1.4578507e-05
   1.4620239e-05
   1.4662409e-05
   1.4708034e-05
   1.4764960e-05
   1.4799841e-05
   1.4880138e-05
   1.4925342e-05
   1.4927001e-05
   1.4972310e-05
   1.4998271e-05
   1.5037500e-05
   1.5071711e-05
   1.5103313e-05
   1.5153789e-05
   1.5176338e-05
   1.5214913e-05
   1.5256099e-05
   1.5282595e-05
   1.5328957e-05
   1.5385123e-05
   1.5398360e-05
   1.5416561e-05
   1.5447403e-05
   1.5478786e-05
   1.5526230e-05
   1.5574138e-05
   1.5582351e-05
   1.5649772e-05
   1.5722127e-05
   1.5754455e-05
   1.5785310e-05
   1.5819495e-05
   1.5869346e-05
   1.5946058e-05
   1.5992163e-05
