   5.0453750e-05
   9.9111083e-05
   1.5186377e-04
   1.8647514e-04
   2.2486235e-04
   2.7334803e-04
   3.2017002e-04
   3.4878268e-04
   3.9171453e-04
   4.5473730e-04
   5.2528738e-04
   5.5002660e-04
   5.7858657e-04
   6.2898160e-04
   6.9645710e-04
   7.3942390e-04
   7.7306430e-04
   8.1328054e-04
   8.4848284e-04
   8.9896261e-04
   9.4572376e-04
   9.8815578e-04
   1.0142832e-03
   1.0293732e-03
   1.0489715e-03
   1.0749239e-03
   1.1344372e-03
   1.1799835e-03
   1.2231397e-03
   1.2626605e-03
   1.3208275e-03
   1.3705279e-03
   1.3995395e-03
   1.4320188e-03
   1.4878833e-03
   1.5098340e-03
   1.5398859e-03
   1.5787764e-03
   1.6298833e-03
   1.6619825e-03
   1.7092340e-03
   1.7539100e-03
   1.8047774e-03
   1.8584246e-03
   1.9019845e-03
   1.9535077e-03
   1.9881699e-03
   2.0325935e-03
   2.0502261e-03
   2.0880653e-03
   2.1360970e-03
   2.1717121e-03
   2.1969966e-03
   2.2318719e-03
   2.2718745e-03
   2.3236954e-03
   2.3651369e-03
   2.4006325e-03
   2.4559892e-03
   2.5145365e-03
   2.5533825e-03
   2.5949646e-03
   2.6271091e-03
   2.6791810e-03
   2.7296246e-03
   2.7598049e-03
   2.7986835e-03
   2.8413114e-03
   2.8682499e-03
   2.9151950e-03
   2.9494154e-03
   3.0073206e-03
   3.0545807e-03
   3.1075702e-03
   3.1552404e-03
   3.2040135e-03
   3.2480950e-03
   3.2914720e-03
   3.3048946e-03
   3.3494881e-03
   3.3879038e-03
   3.4279378e-03
   3.4834033e-03
   3.5332877e-03
   3.5722977e-03
   3.6146228e-03
   3.6324223e-03
   3.6634997e-03
   3.7050988e-03
   3.7588576e-03
   3.7893710e-03
   3.8459967e-03
   3.8901727e-03
   3.9410690e-03
   3.9944491e-03
   4.0424836e-03
   4.0881720e-03
   4.1292689e-03
   4.1790430e-03
   4.2375516e-03
   4.2862211e-03
   4.3214662e-03
   4.3410795e-03
   4.3655979e-03
   4.3920630e-03
   4.4263110e-03
   4.4530249e-03
   4.5209286e-03
   4.5954051e-03
   4.6283040e-03
   4.6733659e-03
   4.7030193e-03
   4.7467533e-03
   4.7953210e-03
   4.8451389e-03
   4.8694659e-03
   4.9180686e-03
   4.9955635e-03
   5.0588359e-03
   5.0847461e-03
   5.1363830e-03
   5.1881991e-03
   5.2446472e-03
   5.2807392e-03
   5.3225531e-03
   5.3729605e-03
   5.4340349e-03
   5.4969187e-03
   5.5213821e-03
   5.5495109e-03
   5.5693826e-03
   5.5953681e-03
   5.6254965e-03
   5.6656251e-03
   5.6901681e-03
   5.7454712e-03
   5.7825137e-03
   5.8402347e-03
   5.8783371e-03
   5.9138117e-03
   5.9486110e-03
   6.0157159e-03
   6.0683727e-03
   6.1255156e-03
   6.1756065e-03
   6.2337617e-03
   6.2609175e-03
   6.3110266e-03
   6.3438285e-03
   6.3663545e-03
   6.4206799e-03
   6.4454994e-03
   6.4909238e-03
   6.5458603e-03
   6.5965576e-03
   6.6317809e-03
   6.6871439e-03
   6.7275139e-03
   6.7693136e-03
   6.8056572e-03
   6.8476838e-03
   6.8753128e-03
   6.9239400e-03
   6.9615061e-03
   6.9990989e-03
   7.0277149e-03
   7.0605513e-03
   7.0888803e-03
   7.1272796e-03
   7.1799899e-03
   7.2465863e-03
   7.2755297e-03
   7.3290535e-03
   7.3736016e-03
   7.4019966e-03
   7.4577357e-03
   7.5330121e-03
   7.6072305e-03
   7.6452341e-03
   7.6813525e-03
   7.7209488e-03
   7.7749392e-03
   7.7825191e-03
   7.8059053e-03
   7.8365397e-03
   7.8766359e-03
   7.9167781e-03
   7.9415645e-03
   7.9724705e-03
   8.0264138e-03
   8.0495368e-03
   8.1107261e-03
   8.1636075e-03
   8.2141081e-03
   8.2520470e-03
   8.2972846e-03
   8.3277446e-03
   8.3784003e-03
   8.4479852e-03
   8.4866774e-03
   8.5236887e-03
   8.5586143e-03
   8.5998167e-03
   8.6310890e-03
   8.6704341e-03
   8.7388356e-03
   8.8013942e-03
   8.8615579e-03
   8.9183342e-03
   8.9767522e-03
   9.0043165e-03
   9.0517172e-03
   9.0970202e-03
   9.1403022e-03
   9.1928271e-03
   9.2392116e-03
   9.3007905e-03
   9.3379223e-03
   9.3882785e-03
   9.4189198e-03
   9.4697852e-03
   9.4920665e-03
   9.5249984e-03
   9.5712393e-03
   9.6195313e-03
   9.6626109e-03
   9.7260131e-03
   9.7841901e-03
   9.8339121e-03
   9.8900115e-03
   9.9574361e-03
   1.0002545e-02
   1.0044468e-02
   1.0069506e-02
   1.0114447e-02
   1.0141821e-02
   1.0170183e-02
   1.0188523e-02
   1.0243640e-02
   1.0293439e-02
   1.0348298e-02
   1.0383076e-02
   1.0423232e-02
   1.0450562e-02
   1.0498245e-02
   1.0547757e-02
   1.0602278e-02
   1.0654497e-02
   1.0699331e-02
   1.0879964e-02
   1.0980130e-02
   1.1047444e-02
   1.1125282e-02
   1.1220791e-02
   1.1313582e-02
   1.1367724e-02
   1.1442083e-02
   1.1544968e-02
   1.1650871e-02
   1.1707984e-02
   1.1784975e-02
   1.1904498e-02
   1.2002800e-02
   1.2073282e-02
   1.2147942e-02
   1.2232150e-02
   1.2299918e-02
   1.2367244e-02
   1.2432765e-02
   1.2511060e-02
   1.2615552e-02
   1.2675517e-02
   1.2784735e-02
   1.2846411e-02
   1.2948813e-02
   1.3023724e-02
   1.3094392e-02
   1.3140513e-02
   1.3208047e-02
   1.3271711e-02
   1.3374807e-02
   1.3453134e-02
   1.3523010e-02
   1.3655920e-02
   1.3731305e-02
   1.3808676e-02
   1.3871700e-02
   1.3949958e-02
   1.4048504e-02
   1.4123971e-02
   1.4195281e-02
   1.4293641e-02
   1.4380961e-02
   1.4467819e-02
   1.4545722e-02
   1.4586605e-02
   1.4672590e-02
   1.4769363e-02
   1.4886212e-02
   1.4938305e-02
   1.4989086e-02
   1.5055864e-02
   1.5144728e-02
   1.5208729e-02
   1.5279576e-02
   1.5357417e-02
   1.5464244e-02
   1.5538479e-02
   1.5654866e-02
   1.5730860e-02
   1.5805146e-02
   1.5934184e-02
   1.6036244e-02
   1.6124394e-02
   1.6198888e-02
   1.6259666e-02
   1.6322208e-02
   1.6408534e-02
   1.6512888e-02
   1.6612191e-02
   1.6645334e-02
   1.6743144e-02
   1.6798089e-02
   1.6884289e-02
   1.6989464e-02
   1.7052821e-02
   1.7112015e-02
   1.7234039e-02
   1.7298140e-02
   1.7349391e-02
   1.7461138e-02
   1.7585857e-02
   1.7728895e-02
   1.7779312e-02
   1.7876060e-02
   1.7922851e-02
   1.8001685e-02
   1.8086487e-02
   1.8138075e-02
   1.8193662e-02
   1.8272892e-02
   1.8348964e-02
   1.8404958e-02
   1.8479597e-02
   1.8552014e-02
   1.8641490e-02
   1.8730746e-02
   1.8803091e-02
   1.8910543e-02
   1.8987890e-02
   1.9089350e-02
   1.9192500e-02
   1.9263991e-02
   1.9322846e-02
   1.9402199e-02
   1.9446979e-02
   1.9540658e-02
   1.9598417e-02
   1.9678137e-02
   1.9776645e-02
   1.9863079e-02
   1.9919533e-02
   2.0001312e-02
   2.0118132e-02
   2.0201083e-02
   2.0290105e-02
   2.0388089e-02
   2.0472121e-02
   2.0536948e-02
   2.0630906e-02
   2.0689896e-02
   2.0763552e-02
   2.0853791e-02
   2.0907981e-02
   2.1022731e-02
   2.1132506e-02
   2.1239854e-02
   2.1352002e-02
   2.1436088e-02
   2.1536286e-02
   2.1616697e-02
   2.1708075e-02
   2.1805555e-02
   2.1885621e-02
   2.1946967e-02
   2.2064921e-02
   2.2212931e-02
   2.2311637e-02
   2.2404699e-02
   2.2524413e-02
   2.2625231e-02
   2.2716836e-02
   2.2815758e-02
   2.2925241e-02
   2.3009077e-02
   2.3146603e-02
   2.3212044e-02
   2.3304951e-02
   2.3383073e-02
   2.3471658e-02
   2.3617325e-02
   2.3714525e-02
   2.3809177e-02
   2.3912039e-02
   2.4036665e-02
   2.4142500e-02
   2.4225752e-02
   2.4289833e-02
   2.4375533e-02
   2.4513409e-02
   2.4572518e-02
   2.4627169e-02
   2.4705268e-02
   2.4780174e-02
   2.4887571e-02
   2.4980072e-02
   2.5087791e-02
   2.5171227e-02
   2.5250815e-02
   2.5344588e-02
   2.5467241e-02
   2.5582172e-02
   2.5666107e-02
   2.5755632e-02
   2.5869712e-02
   2.5964276e-02
   2.6045389e-02
   2.6162756e-02
   2.6259622e-02
   2.6325858e-02
   2.6407215e-02
   2.6482762e-02
   2.6605771e-02
   2.6710740e-02
   2.6735879e-02
   2.6831280e-02
   2.6884945e-02
   2.6996240e-02
   2.7111365e-02
   2.7230779e-02
   2.7338092e-02
   2.7438496e-02
   2.7537519e-02
   2.7628861e-02
   2.7735672e-02
   2.7858299e-02
   2.7904234e-02
   2.7967590e-02
   2.8032449e-02
   2.8165237e-02
   2.8280014e-02
   2.8358677e-02
   2.8417000e-02
   2.8527621e-02
   2.8620982e-02
   2.8721068e-02
   2.8825075e-02
   2.8899574e-02
   2.8983999e-02
   2.9036629e-02
   2.9126103e-02
   2.9202661e-02
   2.9268691e-02
   2.9356894e-02
   2.9465456e-02
   2.9551025e-02
   2.9657289e-02
   2.9764618e-02
   2.9848179e-02
   2.9942709e-02
   3.0028804e-02
   3.0102365e-02
   3.0200259e-02
   3.0301611e-02
   3.0412252e-02
   3.0484187e-02
   3.0563891e-02
   3.0656016e-02
   3.0728200e-02
   3.0823268e-02
   3.0857006e-02
   3.0940592e-02
   3.1005977e-02
   3.1103040e-02
   3.1213236e-02
   3.1282739e-02
   3.1354949e-02
   3.1390183e-02
   3.1470098e-02
   3.1552039e-02
   3.1607348e-02
   3.1711230e-02
   3.1776383e-02
   3.1879047e-02
   3.1978650e-02
   3.2045850e-02
   3.2155089e-02
   3.2245734e-02
   3.2359845e-02
   3.2574138e-02
   3.2678567e-02
   3.2806567e-02
   3.2943727e-02
   3.3025210e-02
   3.3210838e-02
   3.3359845e-02
   3.3557761e-02
   3.3706586e-02
   3.3793860e-02
   3.4000242e-02
   3.4127421e-02
   3.4293964e-02
   3.4330251e-02
   3.4455735e-02
   3.4597346e-02
   3.4712538e-02
   3.4798541e-02
   3.4847636e-02
   3.4965845e-02
   3.5124249e-02
   3.5272633e-02
   3.5365210e-02
   3.5491239e-02
   3.5617687e-02
   3.5723997e-02
   3.5846042e-02
   3.6002513e-02
   3.6172434e-02
   3.6247248e-02
   3.6341677e-02
   3.6495804e-02
   3.6614827e-02
   3.6778142e-02
   3.6921263e-02
   3.7048988e-02
   3.7127231e-02
   3.7210469e-02
   3.7351093e-02
   3.7449888e-02
   3.7544936e-02
   3.7686822e-02
   3.7833421e-02
   3.7978759e-02
   3.8134955e-02
   3.8236203e-02
   3.8315223e-02
   3.8432346e-02
   3.8554464e-02
   3.8698947e-02
   3.8836630e-02
   3.8952720e-02
   3.9094746e-02
   3.9240283e-02
   3.9292315e-02
   3.9416864e-02
   3.9573018e-02
   3.9732915e-02
   3.9869160e-02
   4.0027253e-02
   4.0162442e-02
   4.0247243e-02
   4.0366855e-02
   4.0508111e-02
   4.0578811e-02
   4.0663075e-02
   4.0770194e-02
   4.0933759e-02
   4.1077740e-02
   4.1222257e-02
   4.1327745e-02
   4.1436935e-02
   4.1580506e-02
   4.1777435e-02
   4.1943051e-02
   4.2099213e-02
   4.2194565e-02
   4.2359709e-02
   4.2540423e-02
   4.2666492e-02
   4.2884570e-02
   4.3049361e-02
   4.3177056e-02
   4.3376837e-02
   4.3534505e-02
   4.3686158e-02
   4.3746975e-02
   4.3880285e-02
   4.3927950e-02
   4.4012682e-02
   4.4140741e-02
   4.4303228e-02
   4.4476712e-02
   4.4640073e-02
   4.4797920e-02
   4.5000708e-02
   4.5156910e-02
   4.5367978e-02
   4.5498193e-02
   4.5644128e-02
   4.5846186e-02
   4.6012303e-02
   4.6147097e-02
   4.6259525e-02
   4.6372075e-02
   4.6535123e-02
   4.6714468e-02
   4.6792525e-02
   4.6926160e-02
   4.7048910e-02
   4.7222174e-02
   4.7392254e-02
   4.7541684e-02
   4.7642073e-02
   4.7730550e-02
   4.7906382e-02
   4.8060084e-02
   4.8217060e-02
   4.8389133e-02
   4.8473483e-02
   4.8596972e-02
   4.8791071e-02
   4.8965895e-02
   4.9149916e-02
   4.9266261e-02
   4.9366352e-02
   4.9549559e-02
   4.9629965e-02
   4.9775289e-02
   4.9896154e-02
   5.0024056e-02
   5.0141277e-02
   5.0324392e-02
   5.0442177e-02
   5.0587327e-02
   5.0737119e-02
   5.0846531e-02
   5.1051333e-02
   5.1204084e-02
   5.1272229e-02
   5.1393544e-02
   5.1574886e-02
   5.1729023e-02
   5.1912741e-02
   5.2096927e-02
   5.2200682e-02
   5.2405605e-02
   5.2578017e-02
   5.2698308e-02
   5.2735234e-02
   5.2817956e-02
   5.2968064e-02
   5.3117362e-02
   5.3227174e-02
   5.3404684e-02
   5.3555779e-02
   5.3715406e-02
   5.3850311e-02
   5.3932151e-02
   5.4036697e-02
   5.4231171e-02
   5.4331601e-02
   5.4417592e-02
   5.4556515e-02
   5.4648937e-02
   5.4749343e-02
   5.4845846e-02
   5.5006859e-02
   5.5147929e-02
   5.5266332e-02
   5.5345042e-02
   5.5517759e-02
   5.5704579e-02
   5.5915689e-02
   5.6093522e-02
   5.6186406e-02
   5.6257298e-02
   5.6417021e-02
   5.6585548e-02
   5.6618612e-02
   5.6766861e-02
   5.6900788e-02
   5.7029669e-02
   5.7133736e-02
   5.7234665e-02
   5.7328683e-02
   5.7432967e-02
   5.7561043e-02
   5.7709570e-02
   5.7818633e-02
   5.7924612e-02
   5.8029757e-02
   5.8166463e-02
   5.8236398e-02
   5.8401328e-02
   5.8521313e-02
   5.8649614e-02
   5.8819181e-02
   5.8952554e-02
   5.9099911e-02
   5.9255411e-02
   5.9367176e-02
   5.9415794e-02
   5.9606485e-02
   5.9771379e-02
   5.9913251e-02
   6.0040149e-02
   6.0186838e-02
   6.0304154e-02
   6.0375893e-02
   6.0469810e-02
   6.0570515e-02
   6.0712548e-02
   6.0796178e-02
   6.0927368e-02
   6.1098560e-02
   6.1171364e-02
   6.1248866e-02
   6.1364542e-02
   6.1547726e-02
   6.1712264e-02
   6.1758208e-02
   6.1912922e-02
   6.2102554e-02
   6.2194807e-02
   6.2302961e-02
   6.2432066e-02
   6.2493187e-02
   6.2575612e-02
   6.2671930e-02
   6.2841504e-02
   6.2973897e-02
   6.3087410e-02
   6.3174599e-02
   6.3267098e-02
   6.3360330e-02
   6.3521864e-02
   6.3636489e-02
   6.3711424e-02
   6.3842873e-02
   6.3903777e-02
   6.4055704e-02
   6.4129513e-02
   6.4303037e-02
   6.4461912e-02
   6.4613844e-02
   6.4676242e-02
   6.4755502e-02
   6.4908129e-02
   6.5029899e-02
   6.5152063e-02
   6.5354461e-02
   6.5556249e-02
   6.5714700e-02
   6.5815083e-02
   6.6003278e-02
   6.6166230e-02
   6.6371477e-02
   6.6553757e-02
   6.6876999e-02
   6.7100310e-02
   6.7208926e-02
   6.7302967e-02
   6.7513983e-02
   6.7763001e-02
   6.7892416e-02
   6.8038810e-02
   6.8215276e-02
   6.8429379e-02
   6.8626940e-02
   6.8863109e-02
   6.9123204e-02
   6.9345830e-02
   6.9582472e-02
   6.9789397e-02
   6.9977642e-02
   7.0179272e-02
   7.0398444e-02
   7.0570109e-02
   7.0757509e-02
   7.0930539e-02
   7.1247243e-02
   7.1380635e-02
   7.1533896e-02
   7.1740972e-02
   7.1957241e-02
   7.2163800e-02
   7.2369089e-02
   7.2559080e-02
   7.2810975e-02
   7.2999096e-02
   7.3153525e-02
   7.3394303e-02
   7.3528948e-02
   7.3608721e-02
   7.3754240e-02
   7.3944300e-02
   7.4070078e-02
   7.4322986e-02
   7.4593168e-02
   7.4723327e-02
   7.4914296e-02
   7.5081540e-02
   7.5264109e-02
   7.5424892e-02
   7.5660040e-02
   7.5913646e-02
   7.6069335e-02
   7.6253761e-02
   7.6379457e-02
   7.6465983e-02
   7.6705140e-02
   7.6893417e-02
   7.7038851e-02
   7.7096595e-02
   7.7254747e-02
   7.7413221e-02
   7.7495297e-02
   7.7581255e-02
   7.7783080e-02
   7.8022237e-02
   7.8158786e-02
   7.8398731e-02
   7.8621951e-02
   7.8806488e-02
   7.9046285e-02
   7.9158900e-02
   7.9305047e-02
   7.9477323e-02
   7.9670860e-02
   7.9873501e-02
   7.9975115e-02
   8.0170875e-02
   8.0337234e-02
   8.0501106e-02
   8.0647941e-02
   8.0802896e-02
   8.0976710e-02
   8.1192530e-02
   8.1340923e-02
   8.1526550e-02
   8.1755695e-02
   8.1964471e-02
   8.2160393e-02
   8.2260775e-02
   8.2427099e-02
   8.2611405e-02
   8.2774865e-02
   8.2962784e-02
   8.3068160e-02
   8.3337118e-02
   8.3577492e-02
   8.3775062e-02
   8.3948330e-02
   8.4058772e-02
   8.4251689e-02
   8.4476812e-02
   8.4745405e-02
   8.4932926e-02
   8.5259062e-02
   8.5438838e-02
   8.5645463e-02
   8.5831587e-02
   8.5962418e-02
   8.6083855e-02
   8.6305024e-02
   8.6406029e-02
   8.6545673e-02
   8.6659467e-02
   8.6918665e-02
   8.6997174e-02
   8.7193773e-02
   8.7355174e-02
   8.7506859e-02
   8.7713607e-02
   8.7804739e-02
   8.8000421e-02
   8.8170038e-02
   8.8333067e-02
   8.8569116e-02
   8.8799020e-02
   8.8904115e-02
   8.9087531e-02
   8.9178907e-02
   8.9414139e-02
   8.9705115e-02
   8.9912508e-02
   9.0054333e-02
   9.0150106e-02
   9.0292606e-02
   9.0468334e-02
   9.0610543e-02
   9.0777511e-02
   9.0983816e-02
   9.1167983e-02
   9.1340251e-02
   9.1508308e-02
   9.1662614e-02
   9.1734485e-02
   9.1840907e-02
   9.1941572e-02
   9.2040970e-02
   9.2260171e-02
   9.2505418e-02
   9.2766105e-02
   9.3011171e-02
   9.3216980e-02
   9.3361472e-02
   9.3554473e-02
   9.3732606e-02
   9.3885364e-02
   9.4122363e-02
   9.4309735e-02
   9.4445102e-02
   9.4558867e-02
   9.4788268e-02
   9.4952565e-02
   9.5202057e-02
   9.5379699e-02
   9.5550200e-02
   9.5723324e-02
   9.5922672e-02
   9.6084009e-02
   9.6309223e-02
   9.6549462e-02
   9.6651380e-02
   9.6829498e-02
   9.7113609e-02
   9.7279999e-02
   9.7534388e-02
   9.7702649e-02
   9.7798404e-02
   9.7968096e-02
   9.8134482e-02
   9.8293740e-02
   9.8467237e-02
   9.8551054e-02
   9.8720390e-02
   9.8884627e-02
   9.9051406e-02
   9.9188929e-02
   9.9333164e-02
   9.9549474e-02
   9.9633731e-02
   9.9798427e-02
   9.9894320e-02
   1.0011837e-01
   1.0028394e-01
   1.0048269e-01
   1.0061135e-01
   1.0080898e-01
   1.0104052e-01
   1.0118307e-01
   1.0137190e-01
   1.0161781e-01
   1.0177746e-01
   1.0195720e-01
   1.0212380e-01
   1.0223452e-01
   1.0250313e-01
   1.0275455e-01
   1.0290333e-01
   1.0297630e-01
   1.0320045e-01
   1.0337977e-01
   1.0358405e-01
   1.0378940e-01
   1.0400300e-01
   1.0424160e-01
   1.0442836e-01
   1.0471173e-01
   1.0492434e-01
   1.0496507e-01
   1.0517793e-01
   1.0533906e-01
   1.0553712e-01
   1.0572208e-01
   1.0589985e-01
   1.0612452e-01
   1.0627468e-01
   1.0647109e-01
   1.0667403e-01
   1.0683680e-01
   1.0705212e-01
   1.0728912e-01
   1.0740417e-01
   1.0753908e-01
   1.0771470e-01
   1.0789185e-01
   1.0810967e-01
   1.0832855e-01
   1.0841917e-01
   1.0867883e-01
   1.0894782e-01
   1.0912762e-01
   1.0930327e-01
   1.0948817e-01
   1.0971144e-01
   1.0998841e-01
   1.1020313e-01
