   1.7993836e-07
   3.3113329e-07
   4.6283599e-07
   5.9124197e-07
   7.4563861e-07
   8.5436306e-07
   1.0232874e-06
   1.1612922e-06
   1.2996269e-06
   1.4885274e-06
   1.6135247e-06
   1.8210484e-06
   1.9977890e-06
   2.1636282e-06
   2.2795056e-06
   2.4531902e-06
   2.5958281e-06
   2.7557719e-06
   2.8754070e-06
   3.0302573e-06
   3.1314854e-06
   3.2492921e-06
   3.3798854e-06
   3.5386743e-06
   3.6796043e-06
   3.8522912e-06
   4.0095275e-06
   4.1808922e-06
   4.3423404e-06
   4.4565373e-06
   4.6050190e-06
   4.7263257e-06
   4.8614110e-06
   4.9685455e-06
   5.1083827e-06
   5.2775835e-06
   5.4276376e-06
   5.5703177e-06
   5.7611284e-06
   5.8852450e-06
   6.0145752e-06
   6.1493852e-06
   6.3325385e-06
   6.4510228e-06
   6.5553044e-06
   6.6957941e-06
   6.8369287e-06
   6.9882824e-06
   7.1200351e-06
   7.2374960e-06
   7.3457963e-06
   7.4989795e-06
   7.6472024e-06
   7.7736765e-06
   7.9128811e-06
   8.0261631e-06
   8.2038952e-06
   8.3626816e-06
   8.5150459e-06
   8.6214159e-06
   8.7862539e-06
   8.9027623e-06
   9.0900352e-06
   9.2576684e-06
   9.4088144e-06
   9.5716386e-06
   9.7240802e-06
   9.8806270e-06
   1.0001862e-05
   1.0103080e-05
   1.0261358e-05
   1.0413924e-05
   1.0557960e-05
   1.0723755e-05
   1.0872157e-05
   1.1038562e-05
   1.1158809e-05
   1.1285969e-05
   1.1448350e-05
   1.1604971e-05
   1.1760875e-05
   1.1935789e-05
   1.2078882e-05
   1.2232034e-05
   1.2355461e-05
   1.2449486e-05
   1.2605226e-05
   1.2754643e-05
   1.2879192e-05
   1.3016322e-05
   1.3155190e-05
   1.3264100e-05
   1.3375070e-05
   1.3503913e-05
   1.3674518e-05
   1.3782726e-05
   1.3943147e-05
   1.4085438e-05
   1.4175631e-05
   1.4318255e-05
   1.4475908e-05
   1.4640628e-05
   1.4785489e-05
   1.4922287e-05
   1.5061998e-05
   1.5232078e-05
   1.5365451e-05
   1.5526995e-05
   1.5705278e-05
   1.5837765e-05
   1.5958855e-05
   1.6090309e-05
   1.6216732e-05
   1.6378520e-05
   1.6504734e-05
   1.6626667e-05
   1.6761844e-05
   1.6981015e-05
   1.7076246e-05
   1.7264569e-05
   1.7410160e-05
   1.7579338e-05
   1.7698781e-05
   1.7833462e-05
   1.7972173e-05
   1.8134976e-05
   1.8234735e-05
   1.8414239e-05
   1.8542212e-05
   1.8697639e-05
   1.8815949e-05
   1.8922425e-05
   1.9034725e-05
   1.9139997e-05
   1.9263263e-05
   1.9392836e-05
   1.9535731e-05
   1.9632509e-05
   1.9820900e-05
   1.9967947e-05
   2.0112277e-05
   2.0217510e-05
   2.0383913e-05
   2.0510214e-05
   2.0669260e-05
   2.0816570e-05
   2.0923184e-05
   2.1011531e-05
   2.1154529e-05
   2.1296484e-05
   2.1437183e-05
   2.1574602e-05
   2.1685454e-05
   2.1858934e-05
   2.1950472e-05
   2.2116568e-05
   2.2249571e-05
   2.2433223e-05
   2.2561631e-05
   2.2731074e-05
   2.2864266e-05
   2.2989201e-05
   2.3144377e-05
   2.3316549e-05
   2.3450663e-05
   2.3559612e-05
   2.3700364e-05
   2.3843820e-05
   2.3990695e-05
   2.4148558e-05
   2.4313161e-05
   2.4409233e-05
   2.4533558e-05
   2.4648614e-05
   2.4815051e-05
   2.4987626e-05
   2.5121603e-05
   2.5265355e-05
   2.5383677e-05
   2.5526526e-05
   2.5668417e-05
   2.5761467e-05
   2.5934439e-05
   2.6112770e-05
   2.6285754e-05
   2.6458916e-05
   2.6591366e-05
   2.6718802e-05
   2.6838464e-05
   2.6974182e-05
   2.7107372e-05
   2.7265693e-05
   2.7411489e-05
   2.7539989e-05
   2.7687469e-05
   2.7859197e-05
   2.7973632e-05
   2.8115655e-05
   2.8241684e-05
   2.8397214e-05
   2.8519626e-05
   2.8662111e-05
   2.8818139e-05
   2.8944012e-05
   2.9077067e-05
   2.9205561e-05
   2.9343782e-05
   2.9515074e-05
   2.9653146e-05
   2.9762209e-05
   2.9927356e-05
   3.0081169e-05
   3.0180385e-05
   3.0346601e-05
   3.0488698e-05
   3.0589259e-05
   3.0736735e-05
   3.0885914e-05
   3.1048033e-05
   3.1170173e-05
   3.1269922e-05
   3.1402793e-05
   3.1519242e-05
   3.1654869e-05
   3.1781097e-05
   3.1909596e-05
   3.2066008e-05
   3.2182205e-05
   3.2342447e-05
   3.2483613e-05
   3.2672686e-05
   3.2777727e-05
   3.2885436e-05
   3.3033720e-05
   3.3180143e-05
   3.3321075e-05
   3.3454884e-05
   3.3590678e-05
   3.3728057e-05
   3.3841881e-05
   3.3963454e-05
   3.4082417e-05
   3.4229673e-05
   3.4370729e-05
   3.4517044e-05
   3.4630842e-05
   3.4777130e-05
   3.4869497e-05
   3.4999315e-05
   3.5151559e-05
   3.5709299e-05
   3.6200675e-05
   3.6798396e-05
   3.7543291e-05
   3.8150927e-05
   3.8664318e-05
   3.9171558e-05
   3.9793345e-05
   4.0210515e-05
   4.0863766e-05
   4.1371319e-05
   4.1925881e-05
   4.2396365e-05
   4.2776972e-05
   4.3241693e-05
   4.3816911e-05
   4.4408659e-05
   4.4993898e-05
   4.5609793e-05
   4.6173191e-05
   4.6726851e-05
   4.7182062e-05
   4.7655841e-05
   4.8338510e-05
   4.9085557e-05
   4.9594397e-05
   5.0205707e-05
   5.0991009e-05
   5.1717071e-05
   5.2315314e-05
   5.2952765e-05
   5.3404295e-05
   5.4003716e-05
   5.4455754e-05
   5.5137948e-05
   5.5720766e-05
   5.6425570e-05
   5.6978887e-05
   5.7389460e-05
   5.7962278e-05
   5.8692766e-05
   5.9354640e-05
   5.9955891e-05
   6.0518729e-05
   6.1163257e-05
   6.1700475e-05
   6.2275220e-05
   6.2838001e-05
   6.3546571e-05
   6.3974957e-05
   6.4402710e-05
   6.4977705e-05
   6.5656571e-05
   6.6460697e-05
   6.7049129e-05
   6.7547914e-05
   6.8130546e-05
   6.8895332e-05
   6.9613803e-05
   7.0131198e-05
   7.0634245e-05
   7.1278712e-05
   7.1695293e-05
   7.2313684e-05
   7.2785843e-05
   7.3450279e-05
   7.4131029e-05
   7.4677359e-05
   7.5076331e-05
   7.5627042e-05
   7.6278739e-05
   7.6859012e-05
   7.7378017e-05
   7.7862058e-05
   7.8520601e-05
   7.9105127e-05
   7.9730736e-05
   8.0433646e-05
   8.0789889e-05
   8.1268492e-05
   8.1713669e-05
   8.2221127e-05
   8.2671015e-05
   8.3316135e-05
   8.3934295e-05
   8.4408208e-05
   8.4913990e-05
   8.5314324e-05
   8.5916252e-05
   8.6473129e-05
   8.7098434e-05
   8.7751167e-05
   8.8257286e-05
   8.8817334e-05
   8.9305106e-05
   8.9935737e-05
   9.0355611e-05
   9.0794957e-05
   9.1116499e-05
   9.1691087e-05
   9.2164680e-05
   9.2736831e-05
   9.3456319e-05
   9.3997237e-05
   9.4444509e-05
   9.5036420e-05
   9.5596249e-05
   9.6189335e-05
   9.6896100e-05
   9.7464407e-05
   9.7891257e-05
   9.8537532e-05
   9.9240438e-05
   9.9783848e-05
   1.0026157e-04
   1.0095412e-04
   1.0151423e-04
   1.0199472e-04
   1.0253135e-04
   1.0293454e-04
   1.0356860e-04
   1.0417768e-04
   1.0461444e-04
   1.0517272e-04
   1.0566437e-04
   1.0633098e-04
   1.0688335e-04
   1.0739196e-04
   1.0782659e-04
   1.0831853e-04
   1.0890172e-04
   1.0932397e-04
   1.0998859e-04
   1.1050250e-04
   1.1097095e-04
   1.1135718e-04
   1.1212105e-04
   1.1257290e-04
   1.1303169e-04
   1.1368055e-04
   1.1423544e-04
   1.1459128e-04
   1.1515376e-04
   1.1581341e-04
   1.1623744e-04
   1.1661403e-04
   1.1737296e-04
   1.1809245e-04
   1.1868148e-04
   1.1932379e-04
   1.1994406e-04
   1.2037496e-04
   1.2081944e-04
   1.2139093e-04
   1.2192888e-04
   1.2251474e-04
   1.2321742e-04
   1.2374700e-04
   1.2435503e-04
   1.2495177e-04
   1.2546757e-04
   1.2595517e-04
   1.2641538e-04
   1.2697679e-04
   1.2771083e-04
   1.2812478e-04
   1.2879484e-04
   1.2934302e-04
   1.2992155e-04
   1.3048441e-04
   1.3102084e-04
   1.3176643e-04
   1.3221801e-04
   1.3273941e-04
   1.3315314e-04
   1.3370700e-04
   1.3427678e-04
   1.3486612e-04
   1.3539242e-04
   1.3589679e-04
   1.3642964e-04
   1.3688446e-04
   1.3743979e-04
   1.3790934e-04
   1.3842572e-04
   1.3891019e-04
   1.3952990e-04
   1.4018914e-04
   1.4060291e-04
   1.4116809e-04
   1.4168599e-04
   1.4214981e-04
   1.4264124e-04
   1.4315500e-04
   1.4382034e-04
   1.4432928e-04
   1.4493239e-04
   1.4560262e-04
   1.4621598e-04
   1.4671666e-04
   1.4739362e-04
   1.4796207e-04
   1.4851837e-04
   1.4923897e-04
   1.4962374e-04
   1.5017643e-04
   1.5079134e-04
   1.5126085e-04
   1.5178688e-04
   1.5224624e-04
   1.5264012e-04
   1.5324081e-04
   1.5393197e-04
   1.5462313e-04
   1.5517534e-04
   1.5574169e-04
   1.5610406e-04
   1.5678981e-04
   1.5719745e-04
   1.5785668e-04
   1.5858315e-04
   1.5938960e-04
   1.6002680e-04
   1.6037000e-04
   1.6095206e-04
   1.6160128e-04
   1.6215499e-04
   1.6277749e-04
   1.6316264e-04
   1.6358586e-04
   1.6423272e-04
   1.6489954e-04
   1.6534506e-04
   1.6583312e-04
   1.6645564e-04
   1.6697473e-04
   1.6764971e-04
   1.6818274e-04
   1.6872435e-04
   1.6925873e-04
   1.6977062e-04
   1.7033973e-04
   1.7088250e-04
   1.7132952e-04
   1.7202155e-04
   1.7252551e-04
   1.7318761e-04
   1.7364184e-04
   1.7417959e-04
   1.7468510e-04
   1.7597123e-04
   1.7711186e-04
   1.7862846e-04
   1.7989469e-04
   1.8121900e-04
   1.8239199e-04
   1.8411427e-04
   1.8542192e-04
   1.8652002e-04
   1.8779967e-04
   1.8933595e-04
   1.9068254e-04
   1.9178346e-04
   1.9275820e-04
   1.9354010e-04
   1.9473186e-04
   1.9578652e-04
   1.9680479e-04
   1.9765555e-04
   1.9875280e-04
   1.9999965e-04
   2.0102002e-04
   2.0235780e-04
   2.0369823e-04
   2.0462452e-04
   2.0582416e-04
   2.0707617e-04
   2.0875673e-04
   2.0968810e-04
   2.1067966e-04
   2.1172406e-04
   2.1275474e-04
   2.1383953e-04
   2.1543186e-04
   2.1671292e-04
   2.1783427e-04
   2.1910888e-04
   2.2035572e-04
   2.2203619e-04
   2.2345918e-04
   2.2456403e-04
   2.2607483e-04
   2.2711688e-04
   2.2830120e-04
   2.2950507e-04
   2.3099181e-04
   2.3219180e-04
   2.3351592e-04
   2.3449375e-04
   2.3561946e-04
   2.3696548e-04
   2.3811993e-04
   2.3941796e-04
   2.4070527e-04
   2.4193393e-04
   2.4357993e-04
   2.4508715e-04
   2.4634600e-04
   2.4795251e-04
   2.4901839e-04
   2.5074137e-04
   2.5216389e-04
   2.5323412e-04
   2.5462926e-04
   2.5581161e-04
   2.5709047e-04
   2.5854195e-04
   2.5986535e-04
   2.6099204e-04
   2.6237629e-04
   2.6341492e-04
   2.6456291e-04
   2.6574831e-04
   2.6678452e-04
   2.6839535e-04
   2.6958379e-04
   2.7089038e-04
   2.7208113e-04
   2.7296708e-04
   2.7412830e-04
   2.7533243e-04
   2.7643090e-04
   2.7779580e-04
   2.7894426e-04
   2.8039729e-04
   2.8181190e-04
   2.8298925e-04
   2.8431764e-04
   2.8571123e-04
   2.8706924e-04
   2.8800915e-04
   2.8909524e-04
   2.9045626e-04
   2.9174895e-04
   2.9302070e-04
   2.9401959e-04
   2.9548428e-04
   2.9670485e-04
   2.9821289e-04
   2.9931730e-04
   3.0090111e-04
   3.0195113e-04
   3.0326756e-04
   3.0438472e-04
   3.0578760e-04
   3.0703632e-04
   3.0866572e-04
   3.0996755e-04
   3.1104035e-04
   3.1209969e-04
   3.1318534e-04
   3.1427267e-04
   3.1557663e-04
   3.1660469e-04
   3.1782028e-04
   3.1905475e-04
   3.2045751e-04
   3.2190132e-04
   3.2274505e-04
   3.2396300e-04
   3.2514197e-04
   3.2625658e-04
   3.2717460e-04
   3.2842732e-04
   3.2988515e-04
   3.3117965e-04
   3.3216494e-04
   3.3309012e-04
   3.3414253e-04
   3.3511923e-04
   3.3637114e-04
   3.3792823e-04
   3.3891436e-04
   3.3990664e-04
   3.4118333e-04
   3.4275684e-04
   3.4389527e-04
   3.4506292e-04
   3.4610445e-04
   3.4711948e-04
   3.4840255e-04
   3.4969396e-04
   3.5046854e-04
   3.5186010e-04
   3.5286451e-04
   3.5368660e-04
   3.5521430e-04
   3.5644403e-04
   3.5786623e-04
   3.5938572e-04
   3.6089315e-04
   3.6191074e-04
   3.6338454e-04
   3.6468128e-04
   3.6584478e-04
   3.6694148e-04
   3.6822695e-04
   3.6942874e-04
   3.7066651e-04
   3.7231797e-04
   3.7319786e-04
   3.7423751e-04
   3.7525935e-04
   3.7635668e-04
   3.7788318e-04
   3.7920210e-04
   3.8060178e-04
   3.8200096e-04
   3.8341421e-04
   3.8459198e-04
   3.8568936e-04
   3.8725803e-04
   3.8847636e-04
   3.8957280e-04
   3.9040925e-04
   3.9134728e-04
   3.9234645e-04
   3.9367170e-04
   3.9495704e-04
   3.9621251e-04
   3.9729356e-04
   3.9840164e-04
   3.9982346e-04
   4.0125508e-04
   4.0279467e-04
   4.0432472e-04
   4.0569178e-04
   4.0699729e-04
   4.0791040e-04
   4.0925875e-04
   4.1044355e-04
   4.1194573e-04
   4.1307490e-04
   4.1427252e-04
   4.1525920e-04
   4.1654958e-04
   4.1798666e-04
   4.1894879e-04
   4.2050209e-04
   4.2188699e-04
   4.2300245e-04
   4.2429733e-04
   4.2580341e-04
   4.2671915e-04
   4.2814643e-04
   4.2921296e-04
   4.3037463e-04
   4.3178534e-04
   4.3319245e-04
   4.3462588e-04
   4.3576872e-04
   4.3693191e-04
   4.3836980e-04
   4.3969077e-04
   4.4104478e-04
   4.4209721e-04
   4.4328929e-04
   4.4461599e-04
   4.4612996e-04
   4.4694501e-04
   4.4831355e-04
   4.4963208e-04
   4.5065923e-04
   4.5177888e-04
   4.5305399e-04
   4.5436747e-04
   4.5568353e-04
   4.5691843e-04
   4.5807184e-04
   4.5944426e-04
   4.6021249e-04
   4.6119714e-04
   4.6212051e-04
   4.6317255e-04
   4.6415095e-04
   4.6548250e-04
   4.6617350e-04
   4.6731638e-04
   4.6864719e-04
   4.6988301e-04
   4.7108813e-04
   4.7217460e-04
   4.7339488e-04
   4.7467917e-04
   4.7592239e-04
   4.7732518e-04
   4.7864751e-04
   4.7984895e-04
   4.8113321e-04
   4.8236126e-04
   4.8384663e-04
   4.8641070e-04
   4.8854850e-04
   4.9031573e-04
   4.9260971e-04
   4.9491304e-04
   4.9702608e-04
   4.9890899e-04
   5.0146985e-04
   5.0303151e-04
   5.0506379e-04
   5.0732161e-04
   5.0947704e-04
   5.1088909e-04
   5.1300050e-04
   5.1516797e-04
   5.1736946e-04
   5.1886976e-04
   5.2147038e-04
   5.2339408e-04
   5.2544546e-04
   5.2723637e-04
   5.2973119e-04
   5.3203375e-04
   5.3347166e-04
   5.3602022e-04
   5.3863174e-04
   5.4120645e-04
   5.4359098e-04
   5.4674918e-04
   5.4930387e-04
   5.5149789e-04
   5.5360915e-04
   5.5625209e-04
   5.5767693e-04
   5.5985221e-04
   5.6140891e-04
   5.6401290e-04
   5.6606552e-04
   5.6718472e-04
   5.6924814e-04
   5.7133126e-04
   5.7363735e-04
   5.7603114e-04
   5.7859852e-04
   5.8083282e-04
   5.8307112e-04
   5.8580801e-04
   5.8725348e-04
   5.9026400e-04
   5.9273721e-04
   5.9474834e-04
   5.9698721e-04
   5.9961233e-04
   6.0187908e-04
   6.0364237e-04
   6.0557073e-04
   6.0819946e-04
   6.1028375e-04
   6.1249302e-04
   6.1521955e-04
   6.1677474e-04
   6.1838314e-04
   6.2036952e-04
   6.2245731e-04
   6.2521339e-04
   6.2707906e-04
   6.2888444e-04
   6.3088131e-04
   6.3291144e-04
   6.3507927e-04
   6.3668764e-04
   6.3920980e-04
   6.4102812e-04
   6.4311406e-04
   6.4479911e-04
   6.4688779e-04
   6.4918879e-04
   6.5132065e-04
   6.5299561e-04
   6.5512977e-04
   6.5704362e-04
   6.5991695e-04
   6.6205481e-04
   6.6433394e-04
   6.6721198e-04
   6.6948845e-04
   6.7165730e-04
   6.7357466e-04
   6.7570144e-04
   6.7786613e-04
   6.8047819e-04
   6.8233135e-04
   6.8414847e-04
   6.8613888e-04
   6.8830791e-04
   6.9061789e-04
   6.9219065e-04
   6.9479618e-04
   6.9687059e-04
   6.9916795e-04
   7.0124384e-04
   7.0297682e-04
   7.0458567e-04
   7.0636459e-04
   7.0889823e-04
   7.1065100e-04
   7.1293980e-04
   7.1552200e-04
   7.1724733e-04
   7.1937716e-04
   7.2106725e-04
   7.2306453e-04
   7.2489613e-04
   7.2625078e-04
   7.2863457e-04
   7.3087583e-04
   7.3278640e-04
   7.3486300e-04
   7.3736166e-04
   7.3993883e-04
   7.4190140e-04
   7.4427191e-04
   7.4622664e-04
   7.4901323e-04
   7.5181862e-04
   7.5407266e-04
   7.5655015e-04
   7.5866311e-04
   7.6124756e-04
   7.6349348e-04
   7.6523562e-04
   7.6742116e-04
   7.6984757e-04
   7.7226564e-04
   7.7416682e-04
   7.7623804e-04
   7.7798479e-04
   7.7972803e-04
   7.8109545e-04
   7.8306850e-04
   7.8474801e-04
   7.8704858e-04
   7.8866882e-04
   7.9085197e-04
   7.9260947e-04
   7.9437515e-04
   7.9612460e-04
   7.9815415e-04
   8.0046365e-04
   8.0324749e-04
   8.0598421e-04
   8.0838582e-04
   8.1006068e-04
   8.1283240e-04
   8.1421749e-04
   8.1658985e-04
   8.1913172e-04
   8.2093672e-04
   8.2219464e-04
   8.2374928e-04
   8.2649461e-04
   8.2859950e-04
   8.3044568e-04
   8.3213656e-04
   8.3424960e-04
   8.3645173e-04
   8.3793267e-04
   8.3943573e-04
   8.4179501e-04
   8.4341323e-04
   8.4579709e-04
   8.4826836e-04
   8.4946710e-04
   8.5176644e-04
   8.5424772e-04
   8.5653530e-04
   8.5836276e-04
   8.6065021e-04
   8.6274150e-04
   8.6463271e-04
   8.6680360e-04
   8.6871868e-04
   8.7030136e-04
   8.7275142e-04
   8.7450304e-04
   8.7618209e-04
   8.7822874e-04
   8.8098063e-04
   8.8292628e-04
   8.8483117e-04
   8.8726180e-04
   8.8951663e-04
   8.9183642e-04
   8.9365680e-04
   8.9565056e-04
   8.9779249e-04
   8.9995833e-04
   9.0159993e-04
   9.0312524e-04
   9.0515799e-04
   9.0802891e-04
   9.1026560e-04
   9.1284772e-04
   9.1491929e-04
   9.1750358e-04
   9.1932181e-04
   9.2116688e-04
   9.2327979e-04
   9.2572345e-04
   9.2765625e-04
   9.2958108e-04
   9.3169270e-04
   9.3395490e-04
   9.3577038e-04
   9.3755906e-04
   9.3941079e-04
   9.4098689e-04
   9.4366727e-04
   9.4548959e-04
   9.4804138e-04
   9.5047269e-04
   9.5312898e-04
   9.5465396e-04
   9.5692017e-04
   9.5887468e-04
   9.6091559e-04
   9.6227071e-04
   9.6421182e-04
   9.6665831e-04
   9.6873444e-04
   9.7109828e-04
   9.7288355e-04
   9.7442547e-04
   9.7645677e-04
   9.7821875e-04
   9.7979807e-04
   9.8214636e-04
   9.8367827e-04
   9.8587605e-04
   9.8766768e-04
   9.8990642e-04
   9.9144113e-04
   9.9333003e-04
   9.9555625e-04
   9.9728130e-04
   9.9906718e-04
   1.0008667e-03
   1.0036019e-03
   1.0055341e-03
