   2.7885500e-03
   8.7879805e-01
   9.6002801e-01
   1.0752076e+00
   1.1210201e+00
   1.2045268e+00
   1.2290606e+00
   1.2540836e+00
   1.2744240e+00
   1.2991621e+00
   1.3224488e+00
   1.3433299e+00
   1.3633165e+00
   1.3844534e+00
   1.4064843e+00
   1.4254661e+00
   1.4437266e+00
   1.4620278e+00
   1.4812778e+00
   1.5003258e+00
   1.5209520e+00
   1.5398991e+00
   1.5582772e+00
   1.5780257e+00
   1.5975436e+00
   1.6177979e+00
   1.6369265e+00
   1.6557480e+00
   1.6754056e+00
   1.6933781e+00
   1.7114505e+00
   1.7324058e+00
   1.7550378e+00
   1.7783043e+00
   1.7979762e+00
   1.8163692e+00
   1.8440971e+00
   1.8704580e+00
   1.8994913e+00
   1.9251916e+00
   1.9442768e+00
   1.9711437e+00
   1.9943767e+00
   2.0129469e+00
   2.0326314e+00
   2.0563020e+00
   2.0768725e+00
   2.0964024e+00
   2.1153781e+00
   2.1345299e+00
   2.1554751e+00
   2.1762351e+00
   2.1943026e+00
   2.2164406e+00
   2.2324471e+00
   2.2579001e+00
   2.2762166e+00
   2.2994317e+00
   2.3195916e+00
   2.3384232e+00
   2.3605107e+00
   2.3793504e+00
   2.3989381e+00
   2.4158121e+00
   2.4357650e+00
   2.4538747e+00
   2.4765817e+00
   2.4932504e+00
   2.5111436e+00
   2.5284289e+00
   2.5459069e+00
   2.5631230e+00
   2.5753007e+00
   2.5947852e+00
   2.6180630e+00
   2.6363498e+00
   2.6575028e+00
   2.6762156e+00
   2.6954639e+00
   2.7145659e+00
   2.7318005e+00
   2.7495710e+00
   2.7683453e+00
   2.7863563e+00
   2.8096108e+00
   2.8299763e+00
   2.8497267e+00
   2.8724471e+00
   2.8912282e+00
   2.9140288e+00
   2.9333454e+00
   2.9546416e+00
   2.9765039e+00
   2.9970785e+00
   3.0184101e+00
   3.0380746e+00
   3.0573789e+00
   3.0781040e+00
   3.0966390e+00
   3.1145231e+00
   3.1325311e+00
   3.1523729e+00
   3.1724325e+00
   3.1935901e+00
   3.2129506e+00
   3.2317167e+00
   3.2476607e+00
   3.2647614e+00
   3.2863557e+00
   3.3035759e+00
   3.3201441e+00
   3.3381309e+00
   3.3564012e+00
   3.3749835e+00
   3.3935453e+00
   3.4138856e+00
   3.4335649e+00
   3.4536015e+00
   3.4715492e+00
   3.4907481e+00
   3.5083241e+00
   3.5271009e+00
   3.5444662e+00
   3.5615551e+00
   3.5779818e+00
   3.5959916e+00
   3.6133893e+00
   3.6310597e+00
   3.6522057e+00
   3.6756365e+00
   3.6987137e+00
   3.7183586e+00
   3.7380494e+00
   3.7544106e+00
   3.7709890e+00
   3.7868830e+00
   3.8039417e+00
   3.8230286e+00
   3.8430486e+00
   3.8628051e+00
   3.8799415e+00
   3.8990487e+00
   3.9175887e+00
   3.9340672e+00
   3.9519134e+00
   3.9719176e+00
   3.9898723e+00
   4.0056768e+00
   4.0214674e+00
   4.0372789e+00
   4.0543202e+00
   4.0736321e+00
   4.0950525e+00
   4.1128703e+00
   4.1285487e+00
   4.1449467e+00
   4.1635158e+00
   4.1783232e+00
   4.1973109e+00
   4.2150592e+00
   4.2322781e+00
   4.2502759e+00
   4.2676792e+00
   4.2853926e+00
   4.3028159e+00
   4.3231469e+00
   4.3393820e+00
   4.3592935e+00
   4.3803623e+00
   4.3990867e+00
   4.4164702e+00
   4.4335233e+00
   4.4514693e+00
   4.4695292e+00
   4.4879562e+00
   4.5047712e+00
   4.5220368e+00
   4.5397323e+00
   4.5587281e+00
   4.5801121e+00
   4.5985843e+00
   4.6167293e+00
   4.6337582e+00
   4.6503315e+00
   4.6688903e+00
   4.6867653e+00
   4.7026547e+00
   4.7211108e+00
   4.7414692e+00
   4.7597615e+00
   4.7788193e+00
   4.7935002e+00
   4.8129735e+00
   4.8300593e+00
   4.8467952e+00
   4.8633925e+00
   4.8753384e+00
   4.8926874e+00
   4.9138639e+00
   4.9304603e+00
   4.9496534e+00
   4.9766935e+00
   5.0067589e+00
   5.0256870e+00
   5.0438701e+00
   5.0633763e+00
   5.0816592e+00
   5.0993322e+00
   5.1140224e+00
   5.1341240e+00
   5.1516614e+00
   5.1718475e+00
   5.1915795e+00
   5.2129447e+00
   5.2319652e+00
   5.2509111e+00
   5.2671974e+00
   5.2847348e+00
   5.3037299e+00
   5.3237171e+00
   5.3424759e+00
   5.3622172e+00
   5.3821804e+00
   5.4021597e+00
   5.4220388e+00
   5.4421291e+00
   5.4623944e+00
   5.4825675e+00
   5.5009032e+00
   5.5188839e+00
   5.5370401e+00
   5.5525848e+00
   5.5742121e+00
   5.5935719e+00
   5.6151881e+00
   5.6331096e+00
   5.6527678e+00
   5.6705192e+00
   5.6878636e+00
   5.7060523e+00
   5.7217560e+00
   5.7402401e+00
   5.7560563e+00
   5.7740924e+00
   5.7912532e+00
   5.8073322e+00
   5.8234449e+00
   5.8403564e+00
   5.8589566e+00
   5.8756291e+00
   5.8974804e+00
   5.9161379e+00
   5.9362180e+00
   5.9528768e+00
   5.9739289e+00
   5.9909241e+00
   6.0079398e+00
   6.0240138e+00
   6.0430150e+00
   6.0628129e+00
   6.0756638e+00
   6.0887770e+00
   6.0989738e+00
   6.1142466e+00
   6.1265791e+00
   6.1423567e+00
   6.1556017e+00
   6.1824088e+00
   6.2033453e+00
   6.2216239e+00
   6.2402980e+00
   6.2622237e+00
   6.2828267e+00
   6.2988144e+00
   6.3168971e+00
   6.3350237e+00
   6.3557432e+00
   6.3775558e+00
   6.3993704e+00
   6.4217818e+00
   6.4409795e+00
   6.4586025e+00
   6.4754850e+00
   6.4927173e+00
   6.5132288e+00
   6.5346196e+00
   6.5521382e+00
   6.5705530e+00
   6.5904199e+00
   6.6087279e+00
   6.6278937e+00
   6.6456602e+00
   6.6634745e+00
   6.6818789e+00
   6.7028810e+00
   6.7208018e+00
   6.7362367e+00
   6.7499287e+00
   6.7648285e+00
   6.7798001e+00
   6.7968131e+00
   6.8139099e+00
   6.8304093e+00
   6.8502187e+00
   6.8642405e+00
   6.8754075e+00
   6.8936142e+00
   6.9094730e+00
   6.9291984e+00
   6.9442984e+00
   6.9633373e+00
   6.9785138e+00
   6.9976767e+00
   7.0136108e+00
   7.0344783e+00
   7.0541974e+00
   7.0699459e+00
   7.0884583e+00
   7.1029153e+00
   7.1221973e+00
   7.1372181e+00
   7.1548968e+00
   7.1704472e+00
   7.1886848e+00
   7.2037757e+00
   7.2212763e+00
   7.2363147e+00
   7.2507808e+00
   7.2713109e+00
   7.2842526e+00
   7.3007883e+00
   7.3152120e+00
   7.3309897e+00
   7.3493511e+00
   7.3693900e+00
   7.3897163e+00
   7.4040639e+00
   7.4247223e+00
   7.4418179e+00
   7.4614009e+00
   7.4806277e+00
   7.4973358e+00
   7.5152526e+00
   7.5395650e+00
   7.5573652e+00
   7.5747379e+00
   7.5872362e+00
   7.6079247e+00
   7.6268079e+00
   7.6438612e+00
   7.6590206e+00
   7.6764493e+00
   7.6953571e+00
   7.7115906e+00
   7.7283371e+00
   7.7474807e+00
   7.7627557e+00
   7.7822481e+00
   7.7994641e+00
   7.8192992e+00
   7.8345875e+00
   7.8557815e+00
   7.8697117e+00
   7.8859428e+00
   7.9059302e+00
   7.9246010e+00
   7.9403493e+00
   7.9587987e+00
   7.9736780e+00
   7.9895965e+00
   8.0059515e+00
   8.0228577e+00
   8.0406464e+00
   8.0581385e+00
   8.0739585e+00
   8.0897409e+00
   8.1060235e+00
   8.1283628e+00
   8.1439410e+00
   8.1590346e+00
   8.1745426e+00
   8.1901918e+00
   8.2053710e+00
   8.2194802e+00
   8.2347703e+00
   8.2562737e+00
   8.2705539e+00
   8.2910355e+00
   8.3062115e+00
   8.3225555e+00
   8.3372141e+00
   8.3535907e+00
   8.3693083e+00
   8.3868119e+00
   8.4086387e+00
   8.4237886e+00
   8.4424594e+00
   8.4569547e+00
   8.4723870e+00
   8.4874376e+00
   8.5029521e+00
   8.5198348e+00
   8.5417480e+00
   8.5568155e+00
   8.5721154e+00
   8.5869614e+00
   8.6030589e+00
   8.6239658e+00
   8.6407564e+00
   8.6579794e+00
   8.6806931e+00
   8.6994092e+00
   8.7175225e+00
   8.7332214e+00
   8.7532088e+00
   8.7696764e+00
   8.7859529e+00
   8.8079239e+00
   8.8222034e+00
   8.8373665e+00
   8.8522915e+00
   8.8694761e+00
   8.8859703e+00
   8.9023938e+00
   8.9181672e+00
   8.9338368e+00
   8.9499836e+00
   8.9655207e+00
   8.9807859e+00
   8.9969477e+00
   9.0112231e+00
   9.0331549e+00
   9.0445293e+00
   9.0608525e+00
   9.0792723e+00
   9.0937661e+00
   9.1092584e+00
   9.1242284e+00
   9.1418056e+00
   9.1554154e+00
   9.1695695e+00
   9.1863739e+00
   9.2033275e+00
   9.2207670e+00
   9.2372599e+00
   9.2530471e+00
   9.2693807e+00
   9.2843993e+00
   9.3000921e+00
   9.3147981e+00
   9.3311804e+00
   9.3474152e+00
   9.3619766e+00
   9.3770512e+00
   9.3927546e+00
   9.4068688e+00
   9.4213184e+00
   9.4375820e+00
   9.4535464e+00
   9.4685403e+00
   9.4839168e+00
   9.5011918e+00
   9.5173067e+00
   9.5343456e+00
   9.5505495e+00
   9.5668610e+00
   9.5821794e+00
   9.5992161e+00
   9.6218059e+00
   9.6443875e+00
   9.6651681e+00
   9.6795911e+00
   9.6942114e+00
   9.7101032e+00
   9.7288264e+00
   9.7437862e+00
   9.7634489e+00
   9.7794014e+00
   9.7986285e+00
   9.8136541e+00
   9.8324573e+00
   9.8506107e+00
   9.8704334e+00
   9.8865204e+00
   9.9062903e+00
   9.9224134e+00
   9.9409959e+00
   9.9561905e+00
   9.9757430e+00
   9.9901868e+00
   1.0011176e+01
   1.0026493e+01
   1.0041716e+01
   1.0062761e+01
   1.0080876e+01
   1.0096321e+01
   1.0116198e+01
   1.0132020e+01
   1.0150621e+01
   1.0167944e+01
   1.0186298e+01
   1.0206238e+01
   1.0233360e+01
   1.0251614e+01
   1.0271118e+01
   1.0290923e+01
   1.0308390e+01
   1.0325648e+01
   1.0343097e+01
   1.0360192e+01
   1.0379139e+01
   1.0396182e+01
   1.0414105e+01
   1.0429639e+01
   1.0445887e+01
   1.0462248e+01
   1.0478790e+01
   1.0495803e+01
   1.0513766e+01
   1.0532260e+01
   1.0549367e+01
   1.0567259e+01
   1.0587471e+01
   1.0605969e+01
   1.0624556e+01
   1.0644947e+01
   1.0664394e+01
   1.0681105e+01
   1.0702296e+01
   1.0719624e+01
   1.0737423e+01
   1.0754602e+01
   1.0774670e+01
   1.0790332e+01
   1.0801812e+01
   1.0821594e+01
   1.0839772e+01
   1.0859360e+01
   1.0878877e+01
   1.0900320e+01
   1.0921876e+01
   1.0943152e+01
   1.0963782e+01
   1.0984571e+01
   1.1002645e+01
   1.1019899e+01
   1.1030952e+01
   1.1051491e+01
   1.1073243e+01
   1.1091819e+01
   1.1113807e+01
   1.1132332e+01
   1.1153923e+01
   1.1174425e+01
   1.1192241e+01
   1.1460449e+01
   1.1482525e+01
   1.1498834e+01
   1.1511055e+01
   1.1527573e+01
   1.1539535e+01
   1.1557083e+01
   1.1573789e+01
   1.1591054e+01
   1.1611308e+01
   1.1630815e+01
   1.1648667e+01
   1.1668661e+01
   1.1686718e+01
   1.1707878e+01
   1.1727147e+01
   1.1746549e+01
   1.1767546e+01
   1.1785703e+01
   1.1801756e+01
   1.1818482e+01
   1.1835562e+01
   1.1853561e+01
   1.1872561e+01
   1.1890605e+01
   1.1911653e+01
   1.1930019e+01
   1.1947609e+01
   1.1965414e+01
   1.1983934e+01
   1.2001571e+01
   1.2018689e+01
   1.2035324e+01
   1.2053298e+01
   1.2071067e+01
   1.2089189e+01
   1.2108006e+01
   1.2123795e+01
   1.2140461e+01
   1.2157026e+01
   1.2173701e+01
   1.2189059e+01
   1.2204519e+01
   1.2219679e+01
   1.2235061e+01
   1.2251108e+01
   1.2266351e+01
   1.2280898e+01
   1.2296202e+01
   1.2312361e+01
   1.2329081e+01
   1.2345766e+01
   1.2362060e+01
   1.2379288e+01
   1.2395870e+01
   1.2412330e+01
   1.2428410e+01
   1.2444717e+01
   1.2461552e+01
   1.2479007e+01
   1.2495453e+01
   1.2511975e+01
   1.2527525e+01
   1.2543071e+01
   1.2559806e+01
   1.2576427e+01
   1.2592662e+01
   1.2608214e+01
   1.2624170e+01
   1.2640374e+01
   1.2656878e+01
   1.2672709e+01
   1.2688512e+01
   1.2703670e+01
   1.2719385e+01
   1.2734992e+01
   1.2750170e+01
   1.2764717e+01
   1.2781566e+01
   1.2797124e+01
   1.2814096e+01
   1.2830939e+01
   1.2847758e+01
   1.2864271e+01
   1.2881429e+01
   1.2898715e+01
   1.2916014e+01
   1.2933104e+01
   1.2950064e+01
   1.2968701e+01
   1.2984677e+01
   1.3001016e+01
   1.3016538e+01
   1.3032345e+01
   1.3049503e+01
   1.3065728e+01
   1.3081986e+01
   1.3098962e+01
   1.3115150e+01
   1.3131564e+01
   1.3148613e+01
   1.3165951e+01
   1.3183724e+01
   1.3200062e+01
   1.3217223e+01
   1.3232581e+01
   1.3249071e+01
   1.3265984e+01
   1.3283625e+01
   1.3300008e+01
   1.3316473e+01
   1.3334123e+01
   1.3354886e+01
   1.3370653e+01
   1.3385854e+01
   1.3400733e+01
   1.3417008e+01
   1.3434210e+01
   1.3449874e+01
   1.3465607e+01
   1.3483017e+01
   1.3499652e+01
   1.3516250e+01
   1.3533129e+01
   1.3549063e+01
   1.3565862e+01
   1.3583093e+01
   1.3608024e+01
   1.3625577e+01
   1.3640961e+01
   1.3657101e+01
   1.3674349e+01
   1.3690499e+01
   1.3706687e+01
   1.3723766e+01
   1.3737770e+01
   1.3755457e+01
   1.3771655e+01
   1.3789912e+01
   1.3806099e+01
   1.3821541e+01
   1.3838555e+01
   1.3854857e+01
   1.3870599e+01
   1.3885844e+01
   1.3900810e+01
   1.3918154e+01
   1.3934977e+01
   1.3951383e+01
   1.3967719e+01
   1.3984062e+01
   1.4001853e+01
   1.4017091e+01
   1.4034615e+01
   1.4050785e+01
   1.4068088e+01
   1.4085683e+01
   1.4102265e+01
   1.4119653e+01
   1.4137006e+01
   1.4153677e+01
   1.4171379e+01
   1.4186654e+01
   1.4202963e+01
   1.4218284e+01
   1.4236185e+01
   1.4252370e+01
   1.4268185e+01
   1.4286358e+01
   1.4302885e+01
   1.4319817e+01
   1.4336418e+01
   1.4353338e+01
   1.4370850e+01
   1.4386960e+01
   1.4403324e+01
   1.4420255e+01
   1.4436265e+01
   1.4447090e+01
   1.4463813e+01
   1.4480085e+01
   1.4496868e+01
   1.4513459e+01
   1.4529994e+01
   1.4547362e+01
   1.4563788e+01
   1.4580181e+01
   1.4596757e+01
   1.4613423e+01
   1.4630019e+01
   1.4646385e+01
   1.4662914e+01
   1.4680168e+01
   1.4696516e+01
   1.4713236e+01
   1.4729622e+01
   1.4746544e+01
   1.4763179e+01
   1.4775599e+01
   1.4790166e+01
   1.4803936e+01
   1.4824049e+01
   1.4838983e+01
   1.4852678e+01
   1.4867289e+01
   1.4882669e+01
   1.4897657e+01
   1.4913452e+01
   1.4927669e+01
   1.4941817e+01
   1.4956197e+01
   1.4970126e+01
   1.4984710e+01
   1.5000320e+01
   1.5014975e+01
   1.5030288e+01
   1.5045210e+01
   1.5059745e+01
   1.5074240e+01
   1.5088354e+01
   1.5103092e+01
   1.5118177e+01
   1.5134147e+01
   1.5149761e+01
   1.5165213e+01
   1.5181563e+01
   1.5197445e+01
   1.5211551e+01
   1.5225871e+01
   1.5239864e+01
   1.5253269e+01
   1.5268273e+01
   1.5283929e+01
   1.5298875e+01
   1.5313369e+01
   1.5327709e+01
   1.5341988e+01
   1.5355633e+01
   1.5370332e+01
   1.5389163e+01
   1.5405030e+01
   1.5421544e+01
   1.5437778e+01
   1.5453409e+01
   1.5468141e+01
   1.5483979e+01
   1.5499809e+01
   1.5515662e+01
   1.5530270e+01
   1.5544858e+01
   1.5559830e+01
   1.5574502e+01
   1.5588950e+01
   1.5606029e+01
   1.5621846e+01
   1.5644673e+01
   1.5661354e+01
   1.5680834e+01
   1.5700150e+01
   1.5716533e+01
   1.5731202e+01
   1.5744078e+01
   1.5763367e+01
   1.5779271e+01
   1.5795923e+01
   1.5810005e+01
   1.5822993e+01
   1.5842639e+01
   1.5856361e+01
   1.5870938e+01
   1.5885806e+01
   1.5904498e+01
   1.5919759e+01
   1.5934881e+01
   1.5950638e+01
   1.5964136e+01
   1.5978046e+01
   1.5992451e+01
   1.6005499e+01
   1.6020052e+01
   1.6034888e+01
   1.6049310e+01
   1.6072178e+01
   1.6084710e+01
   1.6098557e+01
   1.6112341e+01
   1.6126713e+01
   1.6139680e+01
   1.6154309e+01
   1.6169273e+01
   1.6184982e+01
   1.6198752e+01
   1.6212872e+01
   1.6227178e+01
   1.6245710e+01
   1.6259060e+01
   1.6272526e+01
   1.6286943e+01
   1.6301876e+01
   1.6316230e+01
   1.6330308e+01
   1.6343951e+01
   1.6356899e+01
   1.6373131e+01
   1.6388221e+01
   1.6404266e+01
   1.6419234e+01
   1.6433321e+01
   1.6447693e+01
   1.6462106e+01
   1.6477326e+01
   1.6490556e+01
   1.6504485e+01
   1.6519645e+01
   1.6534065e+01
   1.6547771e+01
   1.6561791e+01
   1.6574636e+01
   1.6594098e+01
   1.6607126e+01
   1.6625522e+01
   1.6639455e+01
   1.6654581e+01
   1.6669987e+01
   1.6683508e+01
   1.6700685e+01
   1.6714439e+01
   1.6728304e+01
   1.6741505e+01
   1.6755938e+01
   1.6770921e+01
   1.6789848e+01
   1.6805058e+01
   1.6823852e+01
   1.6838508e+01
   1.6853754e+01
   1.6868338e+01
   1.6886010e+01
   1.6899521e+01
   1.6913239e+01
   1.6926295e+01
   1.6946372e+01
   1.6959416e+01
   1.6978741e+01
   1.6991292e+01
   1.7005758e+01
   1.7021224e+01
   1.7036251e+01
   1.7049677e+01
   1.7067191e+01
   1.7081644e+01
   1.7095539e+01
   1.7113652e+01
   1.7126617e+01
   1.7141739e+01
   1.7156018e+01
   1.7171478e+01
   1.7187247e+01
   1.7200410e+01
   1.7214937e+01
   1.7228999e+01
   1.7242221e+01
   1.7257112e+01
   1.7271654e+01
   1.7286082e+01
   1.7300101e+01
   1.7314510e+01
   1.7327448e+01
   1.7342175e+01
   1.7357084e+01
   1.7372008e+01
   1.7385806e+01
   1.7399517e+01
   1.7413880e+01
   1.7432629e+01
   1.7446874e+01
   1.7460479e+01
   1.7476356e+01
   1.7492453e+01
   1.7507470e+01
   1.7525219e+01
   1.7542953e+01
   1.7563901e+01
   1.7578771e+01
   1.7595273e+01
   1.7610331e+01
   1.7625069e+01
   1.7638750e+01
   1.7653154e+01
   1.7671208e+01
   1.7686318e+01
   1.7700510e+01
   1.7714661e+01
   1.7728320e+01
   1.7743234e+01
   1.7757654e+01
   1.7772913e+01
   1.7788591e+01
   1.7802250e+01
   1.7820383e+01
   1.7834432e+01
   1.7848302e+01
   1.7860950e+01
   1.7876465e+01
   1.7892065e+01
   1.7906336e+01
   1.7919812e+01
   1.7933834e+01
   1.7947799e+01
   1.7960558e+01
   1.7974487e+01
   1.7989671e+01
   1.8004391e+01
   1.8018241e+01
   1.8032592e+01
   1.8045579e+01
   1.8059968e+01
   1.8074864e+01
   1.8088100e+01
   1.8102127e+01
   1.8116381e+01
   1.8130662e+01
   1.8143708e+01
   1.8158934e+01
   1.8172763e+01
   1.8191175e+01
   1.8206831e+01
   1.8220702e+01
   1.8234816e+01
   1.8248785e+01
   1.8261922e+01
   1.8276140e+01
   1.8291085e+01
   1.8305720e+01
   1.8319610e+01
   1.8333534e+01
   1.8346560e+01
   1.8361407e+01
   1.8376423e+01
   1.8390886e+01
   1.8406745e+01
   1.8421487e+01
   1.8438449e+01
   1.8455443e+01
   1.8471873e+01
