   4.3196928e-04
   7.9536423e-02
   1.1127318e-01
   1.1325927e-01
   1.2231898e-01
   1.6711883e-01
   1.6875421e-01
   2.2695374e-01
   2.4368426e-01
   3.6989815e-01
   4.4915543e-01
   5.1442424e-01
   5.2479202e-01
   5.2728995e-01
   5.4104041e-01
   5.5114689e-01
   5.5486667e-01
   5.5521885e-01
   5.5972167e-01
   6.1202818e-01
   6.5068986e-01
   6.5071899e-01
   6.6239771e-01
   6.6645507e-01
   6.7103353e-01
   6.7967504e-01
   7.2469874e-01
   7.5934349e-01
   7.6588965e-01
   7.6651587e-01
   7.6977431e-01
   7.8807779e-01
   9.1223845e-01
   9.5406553e-01
   9.7046068e-01
   9.8784103e-01
   1.0045228e+00
   1.0487590e+00
   1.0583887e+00
   1.0584654e+00
   1.0617129e+00
   1.0621110e+00
   1.0755868e+00
   1.0846347e+00
   1.1007639e+00
   1.1052569e+00
   1.1134687e+00
   1.1621013e+00
   1.2221435e+00
   1.2227570e+00
   1.2585018e+00
   1.2754607e+00
   1.2836915e+00
   1.3090684e+00
   1.3670696e+00
   1.3733217e+00
   1.4059674e+00
   1.4286260e+00
   1.4310268e+00
   1.4338718e+00
   1.4468775e+00
   1.4628808e+00
   1.4902999e+00
   1.4908457e+00
   1.4943355e+00
   1.4966204e+00
   1.4983991e+00
   1.4985070e+00
   1.5152484e+00
   1.5158969e+00
   1.5303169e+00
   1.5358651e+00
   1.5481733e+00
   1.6351122e+00
   1.7104913e+00
   1.7106663e+00
   1.7107845e+00
   1.7158403e+00
   1.7167569e+00
   1.7195553e+00
   1.7312393e+00
   1.7312938e+00
   1.8561725e+00
   1.8692223e+00
   1.8860022e+00
   1.8860342e+00
   1.8884155e+00
   1.8896401e+00
   1.8945824e+00
   1.9066106e+00
   1.9242457e+00
   1.9794298e+00
   2.0699681e+00
   2.0924084e+00
   2.0938871e+00
   2.0940224e+00
   2.1482035e+00
   2.2342232e+00
   2.2389418e+00
   2.2643644e+00
   2.2885143e+00
   2.2931751e+00
   2.2985633e+00
   2.3229119e+00
   2.3232229e+00
   2.3233215e+00
   2.3448222e+00
   2.3685165e+00
   2.4136184e+00
   2.4516982e+00
   2.4517893e+00
   2.4715622e+00
   2.5935355e+00
   2.6951808e+00
   2.7194260e+00
   2.7249075e+00
   2.7555077e+00
   2.7558417e+00
   2.7565101e+00
   2.7823777e+00
   2.8798763e+00
   2.9057605e+00
   2.9057615e+00
   2.9333244e+00
   2.9454890e+00
   2.9801539e+00
   3.0115715e+00
   3.0408634e+00
   3.0469773e+00
   3.0483811e+00
   3.0562886e+00
   3.0564407e+00
   3.1133613e+00
   3.1899590e+00
   3.1901461e+00
   3.1905277e+00
   3.1985087e+00
   3.1985597e+00
   3.2110233e+00
   3.2315715e+00
   3.2317781e+00
   3.2469763e+00
   3.2689067e+00
   3.2702111e+00
   3.2716186e+00
   3.2866098e+00
   3.2899751e+00
   3.3189516e+00
   3.3276730e+00
   3.3768951e+00
   3.3934090e+00
   3.5327552e+00
   3.5569541e+00
   3.5692830e+00
   3.5709295e+00
   3.6104588e+00
   3.6260487e+00
   3.6329952e+00
   3.6471758e+00
   3.6626292e+00
   3.6774717e+00
   3.7170777e+00
   3.8252844e+00
   3.8420178e+00
   3.8452882e+00
   3.8592139e+00
   3.8799690e+00
   3.8800239e+00
   3.8853903e+00
   3.9071241e+00
   3.9071416e+00
   3.9071444e+00
   3.9562995e+00
   4.0141873e+00
   4.0159578e+00
   4.0182145e+00
   4.0352293e+00
   4.0370357e+00
   4.0370610e+00
   4.0558648e+00
   4.0598015e+00
   4.0612126e+00
   4.1545187e+00
   4.2023989e+00
   4.2125849e+00
   4.2142934e+00
   4.2143492e+00
   4.2360146e+00
   4.2452995e+00
   4.2985872e+00
   4.3025718e+00
   4.3065399e+00
   4.3072116e+00
   4.3075706e+00
   4.3136087e+00
   4.3364939e+00
   4.3416770e+00
   4.3492147e+00
   4.3583808e+00
   4.3621419e+00
   4.3674218e+00
   4.3751063e+00
   4.4031737e+00
   4.4031784e+00
   4.4087964e+00
   4.4793034e+00
   4.5743818e+00
   4.5828850e+00
   4.5840075e+00
   4.5840100e+00
   4.5994340e+00
   4.6306301e+00
   4.6407858e+00
   4.6615973e+00
   4.6616062e+00
   4.6779001e+00
   4.6794833e+00
   4.6862293e+00
   4.6927682e+00
   4.6928308e+00
   4.7320828e+00
   4.7507346e+00
   4.7530008e+00
   4.7781153e+00
   4.8436412e+00
   4.8686823e+00
   4.8857824e+00
   4.8878833e+00
   4.8901746e+00
   4.8935994e+00
   4.9018527e+00
   4.9122588e+00
   4.9149533e+00
   4.9391873e+00
   4.9466412e+00
   4.9624872e+00
   4.9691780e+00
   4.9753189e+00
   4.9821250e+00
   4.9915189e+00
   4.9932168e+00
   4.9964533e+00
   5.0156295e+00
   5.0413863e+00
   5.0422209e+00
   5.0423226e+00
   5.0466678e+00
   5.0466835e+00
   5.0466841e+00
   5.0473874e+00
   5.1086416e+00
   5.1263462e+00
   5.1476897e+00
   5.1585142e+00
   5.1787552e+00
   5.1950581e+00
   5.2123396e+00
   5.2555712e+00
   5.2562989e+00
   5.2587043e+00
   5.2877259e+00
   5.3173049e+00
   5.3234860e+00
   5.3488686e+00
   5.3545233e+00
   5.3629405e+00
   5.3933241e+00
   5.4075093e+00
   5.4132414e+00
   5.4206967e+00
   5.4262709e+00
   5.4310195e+00
   5.4588865e+00
   5.4606122e+00
   5.4702356e+00
   5.4736207e+00
   5.4920163e+00
   5.4955695e+00
   5.4962412e+00
   5.4967060e+00
   5.5004324e+00
   5.5056555e+00
   5.5199042e+00
   5.5235311e+00
   5.5250285e+00
   5.5252144e+00
   5.5306133e+00
   5.5450370e+00
   5.5535646e+00
   5.5675926e+00
   5.5683444e+00
   5.6163450e+00
   5.7227315e+00
   5.8371366e+00
   5.8823042e+00
   5.8830803e+00
   5.8949938e+00
   5.9184698e+00
   5.9188547e+00
   5.9281640e+00
   5.9390889e+00
   5.9439884e+00
   5.9481487e+00
   5.9530953e+00
   5.9534561e+00
   5.9551964e+00
   5.9552231e+00
   5.9814923e+00
   6.0450929e+00
   6.0673136e+00
   6.0976214e+00
   6.0976507e+00
   6.1225122e+00
   6.1229487e+00
   6.1255563e+00
   6.1467020e+00
   6.1587786e+00
   6.1680603e+00
   6.1708882e+00
   6.1835354e+00
   6.1836751e+00
   6.3352481e+00
   6.4005211e+00
   6.4043166e+00
   6.4072580e+00
   6.4072658e+00
   6.4359296e+00
   6.4481667e+00
   6.4484185e+00
   6.4513788e+00
   6.4556539e+00
   6.4584082e+00
   6.4709679e+00
   6.4741943e+00
   6.4760783e+00
   6.4874250e+00
   6.4878191e+00
   6.4878291e+00
   6.4914806e+00
   6.4957221e+00
   6.5647615e+00
   6.6499589e+00
   6.6503585e+00
   6.6632441e+00
   6.6633328e+00
   6.6723738e+00
   6.6963297e+00
   6.6980234e+00
   6.7444423e+00
   6.7566934e+00
   6.7729875e+00
   6.7876970e+00
   6.7877524e+00
   6.7894183e+00
   6.8000198e+00
   6.8135891e+00
   6.8162700e+00
   6.8419891e+00
   6.8583166e+00
   6.8635938e+00
   6.8636012e+00
   6.8636420e+00
   6.8829010e+00
   6.9174665e+00
   6.9192103e+00
   6.9338039e+00
   6.9413693e+00
   6.9421198e+00
   6.9427463e+00
   6.9626113e+00
   7.0274519e+00
   7.0365715e+00
   7.0540332e+00
   7.0560818e+00
   7.0594657e+00
   7.0618167e+00
   7.0922859e+00
   7.1224615e+00
   7.1482633e+00
   7.1720934e+00
   7.1726062e+00
   7.1773564e+00
   7.2082607e+00
   7.2098201e+00
   7.2098205e+00
   7.2101594e+00
   7.2266083e+00
   7.2461055e+00
   7.3159217e+00
   7.3688183e+00
   7.3696431e+00
   7.3703059e+00
   7.4361053e+00
   7.4585654e+00
   7.4586743e+00
   7.4589357e+00
   7.4705786e+00
   7.4713592e+00
   7.4744445e+00
   7.4744920e+00
   7.4857722e+00
   7.4960041e+00
   7.5004683e+00
   7.5026850e+00
   7.5124006e+00
   7.5124300e+00
   7.5309948e+00
   7.5543583e+00
   7.5624376e+00
   7.5695423e+00
   7.6195579e+00
   7.6196097e+00
   7.7335110e+00
   7.7564033e+00
   7.7988625e+00
   7.8079399e+00
   7.8225337e+00
   7.8225813e+00
   7.8241297e+00
   7.8339713e+00
   7.8404271e+00
   7.8425509e+00
   7.8493734e+00
   7.8546764e+00
   7.8746324e+00
   7.8793488e+00
   7.8944676e+00
   7.8978774e+00
   7.9122419e+00
   7.9257625e+00
   7.9277200e+00
   7.9303883e+00
   7.9423008e+00
   7.9455752e+00
   7.9468400e+00
   7.9588467e+00
   7.9702302e+00
   7.9774831e+00
   7.9774926e+00
   7.9821833e+00
   8.0362113e+00
   8.1198156e+00
   8.1221505e+00
   8.1300718e+00
   8.1309589e+00
   8.1311813e+00
   8.1858178e+00
   8.2234015e+00
   8.2275134e+00
   8.2442355e+00
   8.2442383e+00
   8.2488125e+00
   8.2847447e+00
   8.2860153e+00
   8.3243922e+00
   8.4810748e+00
   8.5152963e+00
   8.5165497e+00
   8.5415345e+00
   8.7449719e+00
   8.7866141e+00
   8.7903895e+00
   8.7906058e+00
   8.8114616e+00
   8.8233787e+00
   8.8662053e+00
   8.8986648e+00
   8.9020376e+00
   8.9048214e+00
   8.9055160e+00
   8.9096406e+00
   8.9196083e+00
   8.9228668e+00
   8.9525668e+00
   8.9800796e+00
   8.9873411e+00
   8.9883380e+00
   9.0045750e+00
   9.0048954e+00
   9.0156472e+00
   9.0178557e+00
   9.0452736e+00
   9.0465280e+00
   9.0694047e+00
   9.0694169e+00
   9.1094398e+00
   9.1109864e+00
   9.1127781e+00
   9.1240969e+00
   9.1259320e+00
   9.1280178e+00
   9.1388852e+00
   9.1466828e+00
   9.1532046e+00
   9.1745597e+00
   9.1870248e+00
   9.1897065e+00
   9.1922009e+00
   9.1942215e+00
   9.1959294e+00
   9.1970812e+00
   9.2092122e+00
   9.2270380e+00
   9.2619856e+00
   9.3075516e+00
   9.3439366e+00
   9.3776341e+00
   9.3831994e+00
   9.4126532e+00
   9.4252843e+00
   9.4700856e+00
   9.5143315e+00
   9.5143439e+00
   9.5205275e+00
   9.5384864e+00
   9.5588269e+00
   9.6154236e+00
   9.7546287e+00
   9.7777766e+00
   9.7985737e+00
   9.8049447e+00
   9.8223455e+00
   9.8223490e+00
   9.8342963e+00
   9.8369771e+00
   9.8401540e+00
   9.8508498e+00
   9.9222941e+00
   9.9222955e+00
   9.9610081e+00
   1.0017518e+01
   1.0017545e+01
   1.0020117e+01
   1.0027988e+01
   1.0039893e+01
   1.0065562e+01
   1.0104224e+01
   1.0207098e+01
   1.0217096e+01
   1.0218286e+01
   1.0257118e+01
   1.0260352e+01
   1.0269431e+01
   1.0269566e+01
   1.0287524e+01
   1.0300566e+01
   1.0300600e+01
   1.0300603e+01
   1.0316462e+01
   1.0323472e+01
   1.0324999e+01
   1.0325059e+01
   1.0327336e+01
   1.0330850e+01
   1.0346404e+01
   1.0390220e+01
   1.0415505e+01
   1.0434521e+01
   1.0472177e+01
   1.0490982e+01
   1.0495568e+01
   1.0495568e+01
   1.0499914e+01
   1.0513901e+01
   1.0541303e+01
   1.0664158e+01
   1.0711473e+01
   1.0723767e+01
   1.0734369e+01
   1.0780682e+01
   1.0824673e+01
   1.0828322e+01
   1.0830568e+01
   1.0830576e+01
   1.0837603e+01
   1.0843362e+01
   1.0843703e+01
   1.0877091e+01
   1.0908458e+01
   1.0913680e+01
   1.0920702e+01
   1.0934798e+01
   1.0944555e+01
   1.0971400e+01
   1.0988279e+01
   1.1018896e+01
   1.1070801e+01
   1.1113480e+01
   1.1131644e+01
   1.1133542e+01
   1.1134689e+01
   1.1139257e+01
   1.1142768e+01
   1.1145467e+01
   1.1147439e+01
   1.1161807e+01
   1.1162922e+01
   1.1162935e+01
   1.1212469e+01
   1.1228683e+01
   1.1229169e+01
   1.1249806e+01
   1.1251028e+01
   1.1255492e+01
   1.1266642e+01
   1.1344233e+01
   1.1349977e+01
   1.1380322e+01
   1.1396489e+01
   1.1407868e+01
   1.1420452e+01
   1.1420458e+01
   1.1432498e+01
   1.1450511e+01
   1.1461500e+01
   1.1503759e+01
   1.1504805e+01
   1.1508605e+01
   1.1547063e+01
   1.1578270e+01
   1.1584709e+01
   1.1596578e+01
   1.1642717e+01
   1.1653389e+01
   1.1654233e+01
   1.1687855e+01
   1.1690076e+01
   1.1690498e+01
   1.1691119e+01
   1.1692298e+01
   1.1696355e+01
   1.1730005e+01
   1.1731452e+01
   1.1751290e+01
   1.1768128e+01
   1.1769436e+01
   1.1769769e+01
   1.1771207e+01
   1.1784835e+01
   1.1786966e+01
   1.1798832e+01
   1.1826011e+01
   1.1923029e+01
   1.1945817e+01
   1.1977771e+01
   1.1991874e+01
   1.1992311e+01
   1.1992334e+01
   1.1994325e+01
   1.1997214e+01
   1.2007205e+01
   1.2008179e+01
   1.2015528e+01
   1.2057384e+01
   1.2060216e+01
   1.2060247e+01
   1.2078700e+01
   1.2134456e+01
   1.2140450e+01
   1.2143311e+01
   1.2155029e+01
   1.2191608e+01
   1.2196003e+01
   1.2196490e+01
   1.2196515e+01
   1.2200618e+01
   1.2218889e+01
   1.2237472e+01
   1.2238152e+01
   1.2259949e+01
   1.2265259e+01
   1.2277237e+01
   1.2295710e+01
   1.2296478e+01
   1.2332283e+01
   1.2338215e+01
   1.2357468e+01
   1.2384843e+01
   1.2386228e+01
   1.2386952e+01
   1.2386954e+01
   1.2413495e+01
   1.2433935e+01
   1.2434002e+01
   1.2434075e+01
   1.2436028e+01
   1.2437568e+01
   1.2470908e+01
   1.2575771e+01
   1.2582194e+01
   1.2582454e+01
   1.2582844e+01
   1.2582854e+01
   1.2583660e+01
   1.2627727e+01
   1.2632267e+01
   1.2654827e+01
   1.2660997e+01
   1.2661032e+01
   1.2694654e+01
   1.2719749e+01
   1.2725376e+01
   1.2791872e+01
   1.2820644e+01
   1.2827309e+01
   1.2827438e+01
   1.2856227e+01
   1.2857229e+01
   1.2868531e+01
   1.2868571e+01
   1.2926295e+01
   1.2951216e+01
   1.2951655e+01
   1.2956964e+01
   1.2968020e+01
   1.2984220e+01
   1.2992408e+01
   1.2996029e+01
   1.2996134e+01
   1.3011775e+01
   1.3023910e+01
   1.3099843e+01
   1.3124409e+01
   1.3127833e+01
   1.3128236e+01
   1.3190713e+01
   1.3240539e+01
   1.3243347e+01
   1.3252826e+01
   1.3257335e+01
   1.3353658e+01
   1.3360348e+01
   1.3370212e+01
   1.3370325e+01
   1.3370352e+01
   1.3371258e+01
   1.3374404e+01
   1.3374485e+01
   1.3398657e+01
   1.3418092e+01
   1.3449083e+01
   1.3480327e+01
   1.3485280e+01
   1.3498105e+01
   1.3515787e+01
   1.3535674e+01
   1.3542926e+01
   1.3543032e+01
   1.3543118e+01
   1.3548512e+01
   1.3556714e+01
   1.3566679e+01
   1.3567285e+01
   1.3584787e+01
   1.3596526e+01
   1.3603980e+01
   1.3605465e+01
   1.3626882e+01
   1.3637298e+01
   1.3654426e+01
   1.3695825e+01
   1.3714957e+01
   1.3715060e+01
   1.3750724e+01
   1.3752039e+01
   1.3777917e+01
   1.3818623e+01
   1.3826581e+01
   1.3832748e+01
   1.3833252e+01
   1.3840852e+01
   1.3854881e+01
   1.3858751e+01
   1.3858846e+01
   1.3859435e+01
   1.3860948e+01
   1.3868255e+01
   1.3916981e+01
   1.3920007e+01
   1.3935765e+01
   1.3941951e+01
   1.4007071e+01
   1.4032703e+01
   1.4055233e+01
   1.4067608e+01
   1.4068114e+01
   1.4082172e+01
   1.4112936e+01
   1.4119271e+01
   1.4133536e+01
   1.4153959e+01
   1.4153971e+01
   1.4154198e+01
   1.4173404e+01
   1.4173482e+01
   1.4189580e+01
   1.4230751e+01
   1.4269633e+01
   1.4335414e+01
   1.4450906e+01
   1.4466236e+01
   1.4479643e+01
   1.4479696e+01
   1.4479698e+01
   1.4489740e+01
   1.4550593e+01
   1.4602344e+01
   1.4619317e+01
   1.4622718e+01
   1.4671605e+01
   1.4727378e+01
   1.4742002e+01
   1.4785214e+01
   1.4794188e+01
   1.4799542e+01
   1.4803334e+01
   1.4803362e+01
   1.4804532e+01
   1.4857020e+01
   1.4859737e+01
   1.4931643e+01
   1.4934617e+01
   1.4935675e+01
   1.4958219e+01
   1.4958835e+01
   1.5028665e+01
   1.5031883e+01
   1.5035083e+01
   1.5035137e+01
   1.5035386e+01
   1.5035772e+01
   1.5037262e+01
   1.5137754e+01
   1.5212138e+01
   1.5219399e+01
   1.5219440e+01
   1.5220767e+01
   1.5221217e+01
   1.5227496e+01
   1.5228304e+01
   1.5238443e+01
   1.5239269e+01
   1.5246728e+01
   1.5248198e+01
   1.5255979e+01
   1.5256047e+01
   1.5277186e+01
   1.5278063e+01
   1.5287070e+01
   1.5301311e+01
   1.5314384e+01
   1.5323786e+01
   1.5372839e+01
   1.5374097e+01
   1.5375097e+01
   1.5377775e+01
   1.5383955e+01
   1.5384123e+01
   1.5384818e+01
   1.5392162e+01
   1.5393608e+01
   1.5396100e+01
   1.5398856e+01
   1.5455578e+01
   1.5473507e+01
   1.5474056e+01
   1.5474304e+01
   1.5476670e+01
   1.5478898e+01
   1.5478999e+01
   1.5487555e+01
   1.5515654e+01
   1.5519112e+01
   1.5519821e+01
   1.5547576e+01
   1.5549127e+01
   1.5551244e+01
   1.5572681e+01
   1.5585492e+01
   1.5635772e+01
   1.5693587e+01
   1.5705664e+01
   1.5707055e+01
   1.5713452e+01
   1.5718231e+01
   1.5718880e+01
   1.5727588e+01
   1.5729189e+01
   1.5752151e+01
   1.5754692e+01
   1.5772928e+01
   1.5779620e+01
   1.5895293e+01
   1.5938172e+01
   1.5942266e+01
   1.5942280e+01
   1.5983958e+01
   1.6011627e+01
   1.6099951e+01
   1.6146139e+01
   1.6148572e+01
   1.6156264e+01
   1.6173082e+01
   1.6173729e+01
   1.6177019e+01
   1.6190537e+01
   1.6201199e+01
   1.6208026e+01
   1.6243148e+01
   1.6250316e+01
   1.6281876e+01
   1.6314620e+01
   1.6322592e+01
   1.6332091e+01
   1.6338127e+01
   1.6351189e+01
   1.6367583e+01
   1.6373385e+01
   1.6374828e+01
   1.6377101e+01
   1.6377102e+01
   1.6377458e+01
   1.6377487e+01
   1.6399973e+01
   1.6416964e+01
   1.6426436e+01
   1.6442291e+01
   1.6452710e+01
   1.6526650e+01
   1.6545704e+01
   1.6547996e+01
   1.6606290e+01
   1.6613875e+01
   1.6622805e+01
   1.6659385e+01
   1.6660242e+01
   1.6671637e+01
   1.6671906e+01
   1.6690566e+01
   1.6732217e+01
   1.6738875e+01
   1.6741087e+01
   1.6742040e+01
   1.6746753e+01
   1.6759482e+01
   1.6850830e+01
   1.6872588e+01
   1.6872597e+01
   1.6892047e+01
   1.6933538e+01
   1.6942027e+01
   1.6958743e+01
   1.6993952e+01
   1.7019600e+01
   1.7022455e+01
   1.7022954e+01
   1.7025399e+01
   1.7034623e+01
   1.7040540e+01
   1.7077625e+01
   1.7080231e+01
   1.7081686e+01
   1.7082029e+01
   1.7093040e+01
   1.7105704e+01
   1.7105707e+01
   1.7106077e+01
   1.7119303e+01
   1.7140272e+01
   1.7147560e+01
   1.7152042e+01
   1.7155013e+01
   1.7173205e+01
   1.7176385e+01
   1.7194695e+01
   1.7199306e+01
   1.7224362e+01
   1.7234420e+01
   1.7286643e+01
   1.7321137e+01
   1.7321430e+01
   1.7335109e+01
   1.7349092e+01
   1.7349239e+01
   1.7381145e+01
   1.7403605e+01
   1.7423464e+01
   1.7440837e+01
   1.7447170e+01
   1.7447800e+01
   1.7474056e+01
   1.7479443e+01
   1.7500253e+01
   1.7513006e+01
   1.7559070e+01
   1.7562937e+01
   1.7617451e+01
   1.7693655e+01
   1.7734289e+01
