   2.0783871e-02
   3.0203901e-01
   4.8018713e-01
   5.2475280e-01
   6.1993525e-01
   8.3159502e-01
   8.7203481e-01
   1.1132806e+00
   1.2426271e+00
   1.5978931e+00
   1.8794197e+00
   2.1348974e+00
   2.2367197e+00
   2.2866989e+00
   2.4039613e+00
   2.5044923e+00
   2.5654823e+00
   2.5842487e+00
   2.6513518e+00
   2.8800579e+00
   3.0766837e+00
   3.0820807e+00
   3.1901488e+00
   3.2538462e+00
   3.3215105e+00
   3.4144702e+00
   3.6266581e+00
   3.8127891e+00
   3.8936975e+00
   3.9187219e+00
   3.9758046e+00
   4.1110950e+00
   4.4634594e+00
   4.6679761e+00
   4.7960196e+00
   4.9278542e+00
   5.0570121e+00
   5.2673361e+00
   5.3654673e+00
   5.3742236e+00
   5.4312110e+00
   5.4511625e+00
   5.5672477e+00
   5.6623683e+00
   5.7893690e+00
   5.8563993e+00
   5.9470178e+00
   6.1675459e+00
   6.4125810e+00
   6.4373509e+00
   6.6264138e+00
   6.7566400e+00
   6.8473638e+00
   7.0066651e+00
   7.2474995e+00
   7.3265695e+00
   7.5072507e+00
   7.6577786e+00
   7.7067762e+00
   7.7601149e+00
   7.8741573e+00
   8.0006615e+00
   8.1662488e+00
   8.1896092e+00
   8.2486840e+00
   8.2964849e+00
   8.3386599e+00
   8.3490446e+00
   8.4784334e+00
   8.5038992e+00
   8.6239822e+00
   8.6984689e+00
   8.8094112e+00
   9.1042652e+00
   9.3788177e+00
   9.3920461e+00
   9.4029156e+00
   9.4740202e+00
   9.5042957e+00
   9.5571956e+00
   9.6652882e+00
   9.6726705e+00
   1.0026052e+01
   1.0140288e+01
   1.0269825e+01
   1.0275482e+01
   1.0324281e+01
   1.0359276e+01
   1.0429577e+01
   1.0539250e+01
   1.0672047e+01
   1.0906960e+01
   1.1207856e+01
   1.1357657e+01
   1.1396111e+01
   1.1407742e+01
   1.1640510e+01
   1.1933802e+01
   1.2002494e+01
   1.2161938e+01
   1.2317341e+01
   1.2385611e+01
   1.2459015e+01
   1.2615055e+01
   1.2632692e+01
   1.2642620e+01
   1.2789251e+01
   1.2943181e+01
   1.3155553e+01
   1.3350693e+01
   1.3360238e+01
   1.3500854e+01
   1.3850101e+01
   1.4168919e+01
   1.4324628e+01
   1.4398665e+01
   1.4573594e+01
   1.4591868e+01
   1.4617723e+01
   1.4778557e+01
   1.5090804e+01
   1.5251690e+01
   1.5252684e+01
   1.5418705e+01
   1.5528998e+01
   1.5715183e+01
   1.5892434e+01
   1.6063582e+01
   1.6141774e+01
   1.6179241e+01
   1.6268165e+01
   1.6280498e+01
   1.6519079e+01
   1.6795842e+01
   1.6809517e+01
   1.6829052e+01
   1.6918389e+01
   1.6925527e+01
   1.7037168e+01
   1.7180514e+01
   1.7194887e+01
   1.7318168e+01
   1.7466257e+01
   1.7502373e+01
   1.7539889e+01
   1.7662328e+01
   1.7720340e+01
   1.7890564e+01
   1.7983953e+01
   1.8205813e+01
   1.8334320e+01
   1.8707611e+01
   1.8863171e+01
   1.8974206e+01
   1.9014784e+01
   1.9213603e+01
   1.9338463e+01
   1.9421808e+01
   1.9540891e+01
   1.9665202e+01
   1.9787032e+01
   1.9986045e+01
   2.0314993e+01
   2.0444351e+01
   2.0501538e+01
   2.0619545e+01
   2.0763611e+01
   2.0771022e+01
   2.0844278e+01
   2.0991702e+01
   2.0995888e+01
   2.0997575e+01
   2.1219284e+01
   2.1459883e+01
   2.1501961e+01
   2.1549466e+01
   2.1679907e+01
   2.1722408e+01
   2.1727430e+01
   2.1864557e+01
   2.1927300e+01
   2.1964865e+01
   2.2270325e+01
   2.2489141e+01
   2.2590066e+01
   2.2631400e+01
   2.2638869e+01
   2.2786061e+01
   2.2882419e+01
   2.3113260e+01
   2.3176383e+01
   2.3239376e+01
   2.3265294e+01
   2.3284241e+01
   2.3361947e+01
   2.3513225e+01
   2.3585219e+01
   2.3672039e+01
   2.3767778e+01
   2.3829106e+01
   2.3901769e+01
   2.3989431e+01
   2.4156964e+01
   2.4159132e+01
   2.4234085e+01
   2.4499616e+01
   2.4807964e+01
   2.4900177e+01
   2.4933681e+01
   2.4935251e+01
   2.5059445e+01
   2.5236069e+01
   2.5336844e+01
   2.5481106e+01
   2.5484083e+01
   2.5611731e+01
   2.5651521e+01
   2.5733655e+01
   2.5814518e+01
   2.5822428e+01
   2.6020550e+01
   2.6157121e+01
   2.6204726e+01
   2.6363201e+01
   2.6619182e+01
   2.6777426e+01
   2.6908193e+01
   2.6954029e+01
   2.7001896e+01
   2.7060418e+01
   2.7151265e+01
   2.7253276e+01
   2.7305184e+01
   2.7460857e+01
   2.7547193e+01
   2.7673074e+01
   2.7754871e+01
   2.7833235e+01
   2.7915734e+01
   2.8012656e+01
   2.8053862e+01
   2.8110752e+01
   2.8249230e+01
   2.8409720e+01
   2.8438609e+01
   2.8448693e+01
   2.8514611e+01
   2.8518565e+01
   2.8519390e+01
   2.8545909e+01
   2.8793405e+01
   2.8926464e+01
   2.9072558e+01
   2.9176599e+01
   2.9318869e+01
   2.9446552e+01
   2.9578011e+01
   2.9785933e+01
   2.9812909e+01
   2.9861954e+01
   3.0032312e+01
   3.0204297e+01
   3.0282917e+01
   3.0442236e+01
   3.0517434e+01
   3.0609179e+01
   3.0783488e+01
   3.0902590e+01
   3.0978300e+01
   3.1064645e+01
   3.1139305e+01
   3.1208215e+01
   3.1375149e+01
   3.1416691e+01
   3.1514789e+01
   3.1572971e+01
   3.1708601e+01
   3.1768210e+01
   3.1794128e+01
   3.1815687e+01
   3.1876731e+01
   3.1949002e+01
   3.2068370e+01
   3.2128593e+01
   3.2167290e+01
   3.2180925e+01
   3.2254403e+01
   3.2374501e+01
   3.2466846e+01
   3.2585286e+01
   3.2612706e+01
   3.2831796e+01
   3.3157966e+01
   3.3496204e+01
   3.3708730e+01
   3.3736589e+01
   3.3845738e+01
   3.3998957e+01
   3.4018576e+01
   3.4115060e+01
   3.4219583e+01
   3.4289579e+01
   3.4354079e+01
   3.4424411e+01
   3.4443406e+01
   3.4485124e+01
   3.4490288e+01
   3.4652366e+01
   3.4904557e+01
   3.5053623e+01
   3.5227714e+01
   3.5233133e+01
   3.5390808e+01
   3.5411701e+01
   3.5462766e+01
   3.5608181e+01
   3.5718075e+01
   3.5814417e+01
   3.5867594e+01
   3.5980054e+01
   3.5991874e+01
   3.6381198e+01
   3.6636684e+01
   3.6698291e+01
   3.6752526e+01
   3.6755325e+01
   3.6924628e+01
   3.7035250e+01
   3.7051118e+01
   3.7105526e+01
   3.7170911e+01
   3.7223392e+01
   3.7335462e+01
   3.7392264e+01
   3.7435669e+01
   3.7542190e+01
   3.7562041e+01
   3.7565207e+01
   3.7625635e+01
   3.7690762e+01
   3.7953515e+01
   3.8245401e+01
   3.8265392e+01
   3.8378906e+01
   3.8388322e+01
   3.8483406e+01
   3.8638183e+01
   3.8679337e+01
   3.8894787e+01
   3.9005472e+01
   3.9133120e+01
   3.9254403e+01
   3.9261846e+01
   3.9302661e+01
   3.9405625e+01
   3.9522112e+01
   3.9573890e+01
   3.9734262e+01
   3.9862040e+01
   3.9934685e+01
   3.9937394e+01
   3.9943785e+01
   4.0082562e+01
   4.0268479e+01
   4.0310239e+01
   4.0431043e+01
   4.0518022e+01
   4.0545417e+01
   4.0570447e+01
   4.0711390e+01
   4.0966028e+01
   4.1061525e+01
   4.1193668e+01
   4.1238929e+01
   4.1297100e+01
   4.1345587e+01
   4.1520141e+01
   4.1693852e+01
   4.1854482e+01
   4.2008852e+01
   4.2031497e+01
   4.2100418e+01
   4.2276214e+01
   4.2315704e+01
   4.2316342e+01
   4.2334752e+01
   4.2463005e+01
   4.2602637e+01
   4.2866865e+01
   4.3096857e+01
   4.3125576e+01
   4.3151322e+01
   4.3407836e+01
   4.3557702e+01
   4.3568141e+01
   4.3584307e+01
   4.3692210e+01
   4.3720149e+01
   4.3775695e+01
   4.3782584e+01
   4.3888792e+01
   4.3989945e+01
   4.4056760e+01
   4.4103841e+01
   4.4202409e+01
   4.4207832e+01
   4.4344085e+01
   4.4496936e+01
   4.4586821e+01
   4.4671110e+01
   4.4894752e+01
   4.4901944e+01
   4.5239437e+01
   4.5390739e+01
   4.5596796e+01
   4.5692071e+01
   4.5812875e+01
   4.5819775e+01
   4.5859125e+01
   4.5958330e+01
   4.6038678e+01
   4.6084763e+01
   4.6167362e+01
   4.6240183e+01
   4.6381449e+01
   4.6450125e+01
   4.6573083e+01
   4.6631477e+01
   4.6751329e+01
   4.6867607e+01
   4.6911851e+01
   4.6963507e+01
   4.7072651e+01
   4.7129874e+01
   4.7165437e+01
   4.7275012e+01
   4.7381706e+01
   4.7466870e+01
   4.7469947e+01
   4.7538436e+01
   4.7770875e+01
   4.8060019e+01
   4.8108340e+01
   4.8197341e+01
   4.8227125e+01
   4.8242040e+01
   4.8475784e+01
   4.8669649e+01
   4.8733774e+01
   4.8863088e+01
   4.8864757e+01
   4.8932390e+01
   4.9121948e+01
   4.9157594e+01
   4.9353494e+01
   4.9749326e+01
   4.9934316e+01
   4.9969719e+01
   5.0127785e+01
   5.0578825e+01
   5.0782889e+01
   5.0844334e+01
   5.0859040e+01
   5.1003455e+01
   5.1112621e+01
   5.1319567e+01
   5.1499732e+01
   5.1557807e+01
   5.1610569e+01
   5.1636926e+01
   5.1701149e+01
   5.1800987e+01
   5.1858070e+01
   5.2030407e+01
   5.2196277e+01
   5.2281491e+01
   5.2313065e+01
   5.2440489e+01
   5.2458389e+01
   5.2562080e+01
   5.2609075e+01
   5.2774658e+01
   5.2810076e+01
   5.2961326e+01
   5.2964821e+01
   5.3164879e+01
   5.3204207e+01
   5.3246534e+01
   5.3352924e+01
   5.3395762e+01
   5.3441432e+01
   5.3545679e+01
   5.3633984e+01
   5.3714741e+01
   5.3860875e+01
   5.3972522e+01
   5.4024307e+01
   5.4074252e+01
   5.4119202e+01
   5.4160529e+01
   5.4194468e+01
   5.4304608e+01
   5.4438122e+01
   5.4625065e+01
   5.4838526e+01
   5.5029275e+01
   5.5212844e+01
   5.5287445e+01
   5.5459066e+01
   5.5571454e+01
   5.5783117e+01
   5.5993464e+01
   5.5996983e+01
   5.6075619e+01
   5.6209630e+01
   5.6352251e+01
   5.6590151e+01
   5.6963253e+01
   5.7115397e+01
   5.7259610e+01
   5.7339428e+01
   5.7471340e+01
   5.7473211e+01
   5.7582514e+01
   5.7634291e+01
   5.7690655e+01
   5.7794075e+01
   5.8061366e+01
   5.8062553e+01
   5.8259308e+01
   5.8497027e+01
   5.8502230e+01
   5.8552940e+01
   5.8641659e+01
   5.8750771e+01
   5.8910987e+01
   5.9107611e+01
   5.9428352e+01
   5.9528342e+01
   5.9562828e+01
   5.9759887e+01
   5.9816754e+01
   5.9912039e+01
   5.9923635e+01
   6.0057643e+01
   6.0171847e+01
   6.0177693e+01
   6.0179169e+01
   6.0305104e+01
   6.0388827e+01
   6.0427908e+01
   6.0435673e+01
   6.0483391e+01
   6.0542670e+01
   6.0667384e+01
   6.0876707e+01
   6.1035719e+01
   6.1173617e+01
   6.1367668e+01
   6.1504801e+01
   6.1572523e+01
   6.1572576e+01
   6.1638501e+01
   6.1756764e+01
   6.1922302e+01
   6.2272809e+01
   6.2490328e+01
   6.2601205e+01
   6.2704174e+01
   6.2919378e+01
   6.3129120e+01
   6.3189524e+01
   6.3236916e+01
   6.3239662e+01
   6.3323490e+01
   6.3399381e+01
   6.3417838e+01
   6.3600561e+01
   6.3777670e+01
   6.3849928e+01
   6.3933731e+01
   6.4052454e+01
   6.4151233e+01
   6.4315079e+01
   6.4444995e+01
   6.4619972e+01
   6.4847800e+01
   6.5054388e+01
   6.5189161e+01
   6.5232735e+01
   6.5266598e+01
   6.5334182e+01
   6.5393440e+01
   6.5445392e+01
   6.5489801e+01
   6.5609665e+01
   6.5643057e+01
   6.5646684e+01
   6.5869246e+01
   6.5996582e+01
   6.6018628e+01
   6.6162282e+01
   6.6197241e+01
   6.6264050e+01
   6.6369647e+01
   6.6648198e+01
   6.6723984e+01
   6.6898183e+01
   6.7025334e+01
   6.7132005e+01
   6.7244182e+01
   6.7246614e+01
   6.7356341e+01
   6.7490553e+01
   6.7595385e+01
   6.7800953e+01
   6.7833300e+01
   6.7894948e+01
   6.8091053e+01
   6.8267710e+01
   6.8347949e+01
   6.8456897e+01
   6.8671696e+01
   6.8775004e+01
   6.8804054e+01
   6.8987416e+01
   6.9034544e+01
   6.9055096e+01
   6.9080025e+01
   6.9114356e+01
   6.9178049e+01
   6.9361490e+01
   6.9399521e+01
   6.9540369e+01
   6.9670130e+01
   6.9706298e+01
   6.9724548e+01
   6.9762464e+01
   6.9879203e+01
   6.9925373e+01
   7.0034303e+01
   7.0199163e+01
   7.0510640e+01
   7.0661598e+01
   7.0840354e+01
   7.0959112e+01
   7.0979996e+01
   7.0984832e+01
   7.1029452e+01
   7.1083204e+01
   7.1183157e+01
   7.1214366e+01
   7.1300095e+01
   7.1504682e+01
   7.1557901e+01
   7.1563481e+01
   7.1699320e+01
   7.1935449e+01
   7.2012868e+01
   7.2066353e+01
   7.2174606e+01
   7.2365861e+01
   7.2432156e+01
   7.2454228e+01
   7.2459157e+01
   7.2523211e+01
   7.2658383e+01
   7.2794702e+01
   7.2820785e+01
   7.2968422e+01
   7.3041290e+01
   7.3150735e+01
   7.3286650e+01
   7.3314371e+01
   7.3503593e+01
   7.3580615e+01
   7.3719369e+01
   7.3884822e+01
   7.3922044e+01
   7.3948955e+01
   7.3950167e+01
   7.4113083e+01
   7.4256051e+01
   7.4264189e+01
   7.4272757e+01
   7.4316956e+01
   7.4356199e+01
   7.4538789e+01
   7.4862616e+01
   7.4942759e+01
   7.4958884e+01
   7.4978620e+01
   7.4981815e+01
   7.5010209e+01
   7.5220130e+01
   7.5287512e+01
   7.5437712e+01
   7.5516261e+01
   7.5522170e+01
   7.5705533e+01
   7.5863946e+01
   7.5938960e+01
   7.6196827e+01
   7.6366450e+01
   7.6448095e+01
   7.6459434e+01
   7.6629107e+01
   7.6660762e+01
   7.6767074e+01
   7.6773393e+01
   7.7013650e+01
   7.7171515e+01
   7.7192474e+01
   7.7265335e+01
   7.7370482e+01
   7.7497760e+01
   7.7588252e+01
   7.7648422e+01
   7.7658654e+01
   7.7783721e+01
   7.7893880e+01
   7.8169438e+01
   7.8326176e+01
   7.8384685e+01
   7.8404775e+01
   7.8654729e+01
   7.8877946e+01
   7.8930933e+01
   7.9028297e+01
   7.9095446e+01
   7.9405806e+01
   7.9487598e+01
   7.9586913e+01
   7.9597554e+01
   7.9602718e+01
   7.9632827e+01
   7.9688911e+01
   7.9697947e+01
   7.9853421e+01
   7.9992829e+01
   8.0168870e+01
   8.0345630e+01
   8.0416007e+01
   8.0529255e+01
   8.0662229e+01
   8.0803251e+01
   8.0888408e+01
   8.0898700e+01
   8.0907979e+01
   8.0981427e+01
   8.1071993e+01
   8.1171817e+01
   8.1196428e+01
   8.1328724e+01
   8.1437068e+01
   8.1523407e+01
   8.1561943e+01
   8.1708288e+01
   8.1810349e+01
   8.1941220e+01
   8.2144687e+01
   8.2283006e+01
   8.2293165e+01
   8.2482015e+01
   8.2518278e+01
   8.2679142e+01
   8.2880901e+01
   8.2970105e+01
   8.3048636e+01
   8.3071085e+01
   8.3158266e+01
   8.3276710e+01
   8.3338918e+01
   8.3348649e+01
   8.3372936e+01
   8.3411828e+01
   8.3497312e+01
   8.3718050e+01
   8.3773057e+01
   8.3898590e+01
   8.3977242e+01
   8.4232427e+01
   8.4392528e+01
   8.4542626e+01
   8.4653872e+01
   8.4676365e+01
   8.4794932e+01
   8.4970328e+01
   8.5049921e+01
   8.5169357e+01
   8.5312266e+01
   8.5315629e+01
   8.5330703e+01
   8.5469290e+01
   8.5478095e+01
   8.5604973e+01
   8.5807880e+01
   8.6005064e+01
   8.6261543e+01
   8.6601384e+01
   8.6725198e+01
   8.6840987e+01
   8.6848266e+01
   8.6849730e+01
   8.6949937e+01
   8.7196623e+01
   8.7424111e+01
   8.7554389e+01
   8.7612707e+01
   8.7833813e+01
   8.8069975e+01
   8.8190906e+01
   8.8398779e+01
   8.8493511e+01
   8.8566684e+01
   8.8628264e+01
   8.8633505e+01
   8.8667714e+01
   8.8896816e+01
   8.8948942e+01
   8.9217095e+01
   8.9271633e+01
   8.9304161e+01
   8.9454307e+01
   8.9479137e+01
   8.9743389e+01
   8.9800118e+01
   8.9856683e+01
   8.9864088e+01
   8.9879847e+01
   8.9899493e+01
   8.9938103e+01
   9.0255106e+01
   9.0527842e+01
   9.0613052e+01
   9.0619424e+01
   9.0655853e+01
   9.0677067e+01
   9.0756308e+01
   9.0784734e+01
   9.0885427e+01
   9.0914161e+01
   9.1000529e+01
   9.1038867e+01
   9.1127077e+01
   9.1135318e+01
   9.1280709e+01
   9.1310339e+01
   9.1405244e+01
   9.1524576e+01
   9.1638916e+01
   9.1735881e+01
   9.1957359e+01
   9.1992827e+01
   9.2024454e+01
   9.2076202e+01
   9.2154817e+01
   9.2167773e+01
   9.2194142e+01
   9.2279835e+01
   9.2317872e+01
   9.2367791e+01
   9.2420282e+01
   9.2658447e+01
   9.2792347e+01
   9.2815782e+01
   9.2831506e+01
   9.2880146e+01
   9.2927357e+01
   9.2937385e+01
   9.3029886e+01
   9.3197511e+01
   9.3256318e+01
   9.3282941e+01
   9.3449538e+01
   9.3488931e+01
   9.3534934e+01
   9.3681348e+01
   9.3794536e+01
   9.4018767e+01
   9.4259214e+01
   9.4369109e+01
   9.4406413e+01
   9.4486395e+01
   9.4555522e+01
   9.4580994e+01
   9.4674310e+01
   9.4714329e+01
   9.4865862e+01
   9.4916265e+01
   9.5051307e+01
   9.5133108e+01
   9.5473216e+01
   9.5680289e+01
   9.5744273e+01
   9.5748055e+01
   9.5952205e+01
   9.6118545e+01
   9.6415739e+01
   9.6630653e+01
   9.6679976e+01
   9.6767682e+01
   9.6897364e+01
   9.6922806e+01
   9.6980160e+01
   9.7096431e+01
   9.7199685e+01
   9.7282310e+01
   9.7469719e+01
   9.7554384e+01
   9.7732035e+01
   9.7912990e+01
   9.8002274e+01
   9.8099737e+01
   9.8177425e+01
   9.8291714e+01
   9.8419753e+01
   9.8495925e+01
   9.8533921e+01
   9.8581587e+01
   9.8582846e+01
   9.8601723e+01
   9.8607051e+01
   9.8757006e+01
   9.8887352e+01
   9.8984680e+01
   9.9110594e+01
   9.9212672e+01
   9.9484589e+01
   9.9622627e+01
   9.9670500e+01
   9.9911942e+01
   9.9999031e+01
   1.0009353e+02
   1.0028479e+02
   1.0031406e+02
   1.0042081e+02
   1.0043721e+02
   1.0057381e+02
   1.0077790e+02
   1.0085949e+02
   1.0090652e+02
   1.0093738e+02
   1.0100604e+02
   1.0111886e+02
   1.0142110e+02
   1.0156861e+02
   1.0157152e+02
   1.0171098e+02
   1.0191468e+02
   1.0200681e+02
   1.0213610e+02
   1.0232374e+02
   1.0248389e+02
   1.0253733e+02
   1.0255965e+02
   1.0260910e+02
   1.0270515e+02
   1.0278207e+02
   1.0297464e+02
   1.0302569e+02
   1.0306384e+02
   1.0308235e+02
   1.0318729e+02
   1.0329982e+02
   1.0330162e+02
   1.0332084e+02
   1.0343584e+02
   1.0358065e+02
   1.0366602e+02
   1.0373296e+02
   1.0378748e+02
   1.0392236e+02
   1.0397875e+02
   1.0411406e+02
   1.0418196e+02
   1.0434025e+02
   1.0444054e+02
   1.0466907e+02
   1.0485479e+02
   1.0487192e+02
   1.0498888e+02
   1.0510712e+02
   1.0511925e+02
   1.0529787e+02
   1.0544774e+02
   1.0558866e+02
   1.0572047e+02
   1.0580004e+02
   1.0582513e+02
   1.0598717e+02
   1.0606057e+02
   1.0620482e+02
   1.0631775e+02
   1.0653238e+02
   1.0659457e+02
   1.0682805e+02
   1.0710410e+02
   1.0730568e+02
