   1.8624683e-05
   6.5931520e-03
   9.4295946e-01
   9.9876968e-01
   1.0007520e+00
   1.0870847e+00
   1.3488912e+00
   1.4545910e+00
   1.7961821e+00
   1.7990290e+00
   3.3915716e+00
   3.4037267e+00
   4.0725682e+00
   4.2152577e+00
   4.2416615e+00
   4.3217300e+00
   4.3324590e+00
   4.3482652e+00
   4.3500804e+00
   4.3888975e+00
   4.8308712e+00
   4.8410096e+00
   4.8536644e+00
   4.9384832e+00
   4.9384832e+00
   4.9810230e+00
   5.0031927e+00
   5.8679831e+00
   5.8948252e+00
   5.9069789e+00
   5.9467736e+00
   5.9470117e+00
   6.1684761e+00
   6.9252457e+00
   6.9252457e+00
   7.0948051e+00
   7.1043608e+00
   7.2443893e+00
   7.4309764e+00
   7.4309764e+00
   7.4348203e+00
   7.5137959e+00
   7.6275612e+00
   7.6357202e+00
   7.8352430e+00
   7.8369391e+00
   7.8726694e+00
   7.8970904e+00
   8.3412633e+00
   8.4259085e+00
   8.5573529e+00
   8.6874323e+00
   8.7091894e+00
   8.9352391e+00
   1.0004208e+01
   1.0004208e+01
   1.0132834e+01
   1.0231550e+01
   1.0295587e+01
   1.0295587e+01
   1.0363439e+01
   1.0384869e+01
   1.0762001e+01
   1.0762001e+01
   1.0777566e+01
   1.0783591e+01
   1.0790669e+01
   1.0850041e+01
   1.0921270e+01
   1.0967395e+01
   1.0976584e+01
   1.1095636e+01
   1.1095636e+01
   1.1220360e+01
   1.1804532e+01
   1.1892907e+01
   1.1997186e+01
   1.2063201e+01
   1.2063201e+01
   1.2069584e+01
   1.2083314e+01
   1.2165559e+01
   1.2251161e+01
   1.3331482e+01
   1.3624040e+01
   1.3624172e+01
   1.3624172e+01
   1.3676742e+01
   1.3681700e+01
   1.3706696e+01
   1.3767940e+01
   1.3828374e+01
   1.4235677e+01
   1.4498570e+01
   1.4502399e+01
   1.4548262e+01
   1.4608153e+01
   1.4995581e+01
   1.5254974e+01
   1.5301429e+01
   1.5442268e+01
   1.5491758e+01
   1.5707651e+01
   1.6207715e+01
   1.6207715e+01
   1.6208988e+01
   1.6210208e+01
   1.6490874e+01
   1.6493930e+01
   1.6995103e+01
   1.6998760e+01
   1.6998760e+01
   1.7303416e+01
   1.7908315e+01
   1.8121156e+01
   1.8141444e+01
   1.8307417e+01
   1.8380824e+01
   1.8414646e+01
   1.8419892e+01
   1.8691302e+01
   1.9147180e+01
   1.9147180e+01
   1.9147180e+01
   1.9566065e+01
   1.9601380e+01
   1.9853175e+01
   1.9888571e+01
   2.0092201e+01
   2.0107880e+01
   2.0107880e+01
   2.0231048e+01
   2.0309843e+01
   2.0692261e+01
   2.0897552e+01
   2.1120433e+01
   2.1254887e+01
   2.1255428e+01
   2.1255428e+01
   2.1381934e+01
   2.1420806e+01
   2.1437357e+01
   2.1542016e+01
   2.1602584e+01
   2.1735787e+01
   2.1775047e+01
   2.1838796e+01
   2.2040637e+01
   2.2085839e+01
   2.2384928e+01
   2.2478487e+01
   2.3056355e+01
   2.3518552e+01
   2.3520252e+01
   2.3736322e+01
   2.3815073e+01
   2.4030555e+01
   2.4030559e+01
   2.4102909e+01
   2.4138783e+01
   2.4548732e+01
   2.4567026e+01
   2.4921022e+01
   2.5366676e+01
   2.5384010e+01
   2.5385730e+01
   2.5634605e+01
   2.5638349e+01
   2.5646226e+01
   2.5777346e+01
   2.5816795e+01
   2.5844363e+01
   2.5865610e+01
   2.6334379e+01
   2.6395954e+01
   2.6399987e+01
   2.6457950e+01
   2.6524802e+01
   2.6530919e+01
   2.6533589e+01
   2.6857512e+01
   2.6944334e+01
   2.7118161e+01
   2.7654189e+01
   2.7669453e+01
   2.7918055e+01
   2.8013480e+01
   2.8113975e+01
   2.8836282e+01
   2.9019556e+01
   2.9195889e+01
   2.9212012e+01
   2.9212012e+01
   2.9213720e+01
   2.9213720e+01
   2.9345116e+01
   2.9380162e+01
   2.9380162e+01
   2.9431011e+01
   2.9445002e+01
   2.9569647e+01
   2.9569647e+01
   2.9623907e+01
   2.9777978e+01
   2.9917323e+01
   2.9917323e+01
   3.1058665e+01
   3.1064062e+01
   3.1099543e+01
   3.1099568e+01
   3.1099568e+01
   3.1211950e+01
   3.1315884e+01
   3.1784387e+01
   3.1784387e+01
   3.1784387e+01
   3.1899143e+01
   3.1920527e+01
   3.2125655e+01
   3.2135681e+01
   3.2150672e+01
   3.2520442e+01
   3.2520442e+01
   3.2525955e+01
   3.2767867e+01
   3.2994974e+01
   3.3011715e+01
   3.3128103e+01
   3.3147449e+01
   3.3147449e+01
   3.3213546e+01
   3.3219298e+01
   3.3305311e+01
   3.3524714e+01
   3.3538226e+01
   3.3728762e+01
   3.3730538e+01
   3.3860789e+01
   3.3860789e+01
   3.3921033e+01
   3.3935920e+01
   3.4010121e+01
   3.4010121e+01
   3.4219418e+01
   3.4247427e+01
   3.4248775e+01
   3.4255352e+01
   3.4278324e+01
   3.4301975e+01
   3.4322794e+01
   3.4376557e+01
   3.4870543e+01
   3.4894947e+01
   3.5045172e+01
   3.5045172e+01
   3.5351921e+01
   3.5351921e+01
   3.5632972e+01
   3.5704112e+01
   3.5824060e+01
   3.5842262e+01
   3.6095954e+01
   3.6121666e+01
   3.6139688e+01
   3.6347824e+01
   3.6367862e+01
   3.6410924e+01
   3.6613998e+01
   3.6614489e+01
   3.6706741e+01
   3.7070205e+01
   3.7149838e+01
   3.7421201e+01
   3.7433791e+01
   3.7503214e+01
   3.7514762e+01
   3.7523044e+01
   3.7689462e+01
   3.7712919e+01
   3.7772666e+01
   3.7869355e+01
   3.7869355e+01
   3.7901034e+01
   3.7968848e+01
   3.8191529e+01
   3.8277277e+01
   3.8384254e+01
   3.8728139e+01
   3.8728139e+01
   3.8926151e+01
   3.8928923e+01
   3.8928923e+01
   3.9394866e+01
   3.9716250e+01
   4.0214770e+01
   4.0225844e+01
   4.0226600e+01
   4.0357029e+01
   4.0406424e+01
   4.0423172e+01
   4.0666383e+01
   4.0666383e+01
   4.0776961e+01
   4.0776961e+01
   4.0891853e+01
   4.0950636e+01
   4.0950636e+01
   4.0954841e+01
   4.1462957e+01
   4.1514832e+01
   4.1605694e+01
   4.1707248e+01
   4.1803980e+01
   4.1879301e+01
   4.1908978e+01
   4.2042582e+01
   4.2063845e+01
   4.2115436e+01
   4.2119565e+01
   4.2119565e+01
   4.2371796e+01
   4.2635550e+01
   4.3520234e+01
   4.3520234e+01
   4.3534849e+01
   4.3534849e+01
   4.3534849e+01
   4.4016897e+01
   4.4067614e+01
   4.4088394e+01
   4.4215330e+01
   4.4215330e+01
   4.4295402e+01
   4.4298128e+01
   4.4298128e+01
   4.4357854e+01
   4.4365350e+01
   4.4393457e+01
   4.4411710e+01
   4.4411710e+01
   4.4430584e+01
   4.5116928e+01
   4.5199803e+01
   4.5314982e+01
   4.5320373e+01
   4.5320373e+01
   4.5395727e+01
   4.5492194e+01
   4.5690373e+01
   4.5825561e+01
   4.5825938e+01
   4.5987452e+01
   4.5990987e+01
   4.5990987e+01
   4.6028443e+01
   4.6062919e+01
   4.6126606e+01
   4.6126606e+01
   4.6541130e+01
   4.6552872e+01
   4.6568123e+01
   4.6582896e+01
   4.6589434e+01
   4.6767869e+01
   4.6847605e+01
   4.7020754e+01
   4.7023158e+01
   4.7168220e+01
   4.7231679e+01
   4.7250708e+01
   4.7690084e+01
   4.7786872e+01
   4.7786872e+01
   4.7962771e+01
   4.8009622e+01
   4.8009756e+01
   4.8047476e+01
   4.8740621e+01
   4.8753539e+01
   4.8966328e+01
   4.8984162e+01
   4.8984162e+01
   4.9021093e+01
   4.9239820e+01
   4.9322252e+01
   4.9393267e+01
   4.9495624e+01
   4.9515517e+01
   4.9647238e+01
   5.0036508e+01
   5.0107681e+01
   5.0236289e+01
   5.0423231e+01
   5.0703453e+01
   5.0703453e+01
   5.0703764e+01
   5.0709157e+01
   5.0950055e+01
   5.1074060e+01
   5.1084331e+01
   5.1087395e+01
   5.1328214e+01
   5.1328214e+01
   5.1339015e+01
   5.1421873e+01
   5.1423743e+01
   5.1429409e+01
   5.1580580e+01
   5.1617787e+01
   5.1632403e+01
   5.1663767e+01
   5.2082301e+01
   5.2472285e+01
   5.2924928e+01
   5.2927480e+01
   5.3415971e+01
   5.3502225e+01
   5.3533123e+01
   5.3552105e+01
   5.3627617e+01
   5.4017374e+01
   5.4096120e+01
   5.4102509e+01
   5.4259298e+01
   5.4671331e+01
   5.4671331e+01
   5.4692872e+01
   5.4779724e+01
   5.4779724e+01
   5.4906069e+01
   5.4911542e+01
   5.4974823e+01
   5.4974839e+01
   5.5087132e+01
   5.5094276e+01
   5.5094276e+01
   5.5297671e+01
   5.5297696e+01
   5.5418050e+01
   5.5529282e+01
   5.5529282e+01
   5.6145062e+01
   5.6262310e+01
   5.6280284e+01
   5.6313707e+01
   5.6315332e+01
   5.6325572e+01
   5.6912314e+01
   5.6913277e+01
   5.6968690e+01
   5.7026436e+01
   5.7077575e+01
   5.7290058e+01
   5.7365327e+01
   5.7516423e+01
   5.7644374e+01
   5.8933530e+01
   5.9066514e+01
   5.9107755e+01
   5.9733501e+01
   6.0580302e+01
   6.0583774e+01
   6.0599427e+01
   6.0631298e+01
   6.0748675e+01
   6.0751838e+01
   6.1216949e+01
   6.1216949e+01
   6.1279345e+01
   6.1279345e+01
   6.1297418e+01
   6.1305984e+01
   6.1381058e+01
   6.1381058e+01
   6.1726238e+01
   6.1730499e+01
   6.1791258e+01
   6.1803293e+01
   6.1940259e+01
   6.2017277e+01
   6.2031247e+01
   6.2034173e+01
   6.2487269e+01
   6.2731537e+01
   6.2735894e+01
   6.2736910e+01
   6.3196862e+01
   6.3431373e+01
   6.3515400e+01
   6.3516168e+01
   6.3516207e+01
   6.3569927e+01
   6.3583371e+01
   6.3787295e+01
   6.3797505e+01
   6.3981991e+01
   6.3983696e+01
   6.4017266e+01
   6.4150220e+01
   6.4177145e+01
   6.4178158e+01
   6.4179825e+01
   6.4411570e+01
   6.4411570e+01
   6.4817995e+01
   6.4857537e+01
   6.5659370e+01
   6.5678988e+01
   6.5690873e+01
   6.5959457e+01
   6.5959457e+01
   6.6456861e+01
   6.6470487e+01
   6.6479736e+01
   6.6634016e+01
   6.6645377e+01
   6.6816223e+01
   6.7051547e+01
   6.7919776e+01
   6.8007032e+01
   6.8058656e+01
   6.8058656e+01
   6.8222363e+01
   6.8356432e+01
   6.8358550e+01
   6.8421667e+01
   6.8620905e+01
   6.9264175e+01
   6.9312649e+01
   6.9350605e+01
   7.0191801e+01
   7.0191801e+01
   7.0193532e+01
   7.0250456e+01
   7.0259058e+01
   7.0504203e+01
   7.0522177e+01
   7.1255145e+01
   7.1406159e+01
   7.1406334e+01
   7.1417875e+01
   7.1811810e+01
   7.1949919e+01
   7.1950526e+01
   7.1950526e+01
   7.2252080e+01
   7.2255596e+01
   7.2255596e+01
   7.2255596e+01
   7.2539219e+01
   7.2569262e+01
   7.2569546e+01
   7.2569546e+01
   7.2571378e+01
   7.2655963e+01
   7.2687345e+01
   7.3038639e+01
   7.3038639e+01
   7.3345128e+01
   7.3381582e+01
   7.3485478e+01
   7.3485478e+01
   7.3485478e+01
   7.3574547e+01
   7.3592842e+01
   7.4151319e+01
   7.4519412e+01
   7.4574154e+01
   7.4609250e+01
   7.4924317e+01
   7.4993669e+01
   7.5272065e+01
   7.5341531e+01
   7.5342430e+01
   7.5342430e+01
   7.5486193e+01
   7.5486193e+01
   7.5502544e+01
   7.6177813e+01
   7.6178816e+01
   7.6314146e+01
   7.6314893e+01
   7.6561359e+01
   7.6561359e+01
   7.6779230e+01
   7.6780040e+01
   7.7123817e+01
   7.7208135e+01
   7.7434319e+01
   7.7434319e+01
   7.7480038e+01
   7.7588691e+01
   7.7588691e+01
   7.7605109e+01
   7.7605109e+01
   7.7653209e+01
   7.7700300e+01
   7.7806050e+01
   7.7887877e+01
   7.8199749e+01
   7.8199749e+01
   7.8214860e+01
   7.8376125e+01
   7.8433718e+01
   7.8433718e+01
   7.8565458e+01
   7.9050825e+01
   7.9184494e+01
   7.9273265e+01
   7.9309744e+01
   7.9353014e+01
   7.9401093e+01
   7.9439710e+01
   7.9792887e+01
   7.9792887e+01
   7.9895304e+01
   8.0108013e+01
   8.0202960e+01
   8.0202960e+01
   8.0834878e+01
   8.0834878e+01
   8.0867293e+01
   8.0909472e+01
   8.1243169e+01
   8.1262427e+01
   8.1319412e+01
   8.1524921e+01
   8.1584720e+01
   8.1606583e+01
   8.1662991e+01
   8.1788067e+01
   8.1791615e+01
   8.2115580e+01
   8.2261750e+01
   8.2287056e+01
   8.2693110e+01
   8.2902971e+01
   8.3031877e+01
   8.3262282e+01
   8.3264178e+01
   8.3269887e+01
   8.3346262e+01
   8.3446717e+01
   8.4166684e+01
   8.4210921e+01
   8.4384418e+01
   8.4384532e+01
   8.4394108e+01
   8.4407320e+01
   8.4494379e+01
   8.4494379e+01
   8.4556551e+01
   8.4564838e+01
   8.4742890e+01
   8.4872209e+01
   8.4888186e+01
   8.4897005e+01
   8.5039647e+01
   8.5309209e+01
   8.5344487e+01
   8.5345927e+01
   8.5495374e+01
   8.5613159e+01
   8.5614945e+01
   8.5636547e+01
   8.5650714e+01
   8.5783888e+01
   8.5798701e+01
   8.5931543e+01
   8.5988950e+01
   8.6072376e+01
   8.6074058e+01
   8.6237747e+01
   8.6243722e+01
   8.6279226e+01
   8.6541820e+01
   8.6574474e+01
   8.7065347e+01
   8.7066061e+01
   8.7095324e+01
   8.7095324e+01
   8.7095324e+01
   8.7337677e+01
   8.7337677e+01
   8.7343203e+01
   8.7343203e+01
   8.7344859e+01
   8.7344859e+01
   8.7707308e+01
   8.8118194e+01
   8.8205702e+01
   8.8319607e+01
   8.8377048e+01
   8.8423402e+01
   8.8522244e+01
   8.8728837e+01
   8.8752648e+01
   8.8906586e+01
   8.8906586e+01
   8.8910775e+01
   8.9232384e+01
   8.9232384e+01
   8.9344880e+01
   8.9742533e+01
   8.9742533e+01
   8.9805648e+01
   8.9841239e+01
   9.0045860e+01
   9.0137556e+01
   9.0146245e+01
   9.0158214e+01
   9.0770748e+01
   9.0787511e+01
   9.0787511e+01
   9.0824247e+01
   9.0863347e+01
   9.0935839e+01
   9.0940128e+01
   9.0957608e+01
   9.0963698e+01
   9.1108704e+01
   9.1694420e+01
   9.1781755e+01
   9.1869432e+01
   9.1869432e+01
   9.1870502e+01
   9.2737021e+01
   9.2737349e+01
   9.2749044e+01
   9.2798010e+01
   9.3015178e+01
   9.3500682e+01
   9.3613331e+01
   9.3613331e+01
   9.3619440e+01
   9.3628802e+01
   9.3629495e+01
   9.3672028e+01
   9.3723714e+01
   9.3843725e+01
   9.3878371e+01
   9.4094882e+01
   9.4143389e+01
   9.4143687e+01
   9.4283782e+01
   9.4300338e+01
   9.4455496e+01
   9.4455496e+01
   9.4461447e+01
   9.4461447e+01
   9.4568439e+01
   9.4984916e+01
   9.5033520e+01
   9.5043196e+01
   9.5161609e+01
   9.5161609e+01
   9.5213409e+01
   9.5214432e+01
   9.5438475e+01
   9.5438475e+01
   9.5746742e+01
   9.5790685e+01
   9.5878414e+01
   9.5935377e+01
   9.6136002e+01
   9.6211080e+01
   9.6321350e+01
   9.6500853e+01
   9.6501835e+01
   9.6619066e+01
   9.6778561e+01
   9.6780239e+01
   9.6937801e+01
   9.6956330e+01
   9.6983370e+01
   9.6986452e+01
   9.7029337e+01
   9.7293550e+01
   9.7402106e+01
   9.7410251e+01
   9.7547459e+01
   9.7955616e+01
   9.8069896e+01
   9.8142927e+01
   9.8225016e+01
   9.8242437e+01
   9.8242437e+01
   9.8384899e+01
   9.8472972e+01
   9.8802733e+01
   9.8807190e+01
   9.8991871e+01
   9.9157732e+01
   9.9260090e+01
   9.9306728e+01
   9.9335057e+01
   9.9429332e+01
   9.9647578e+01
   9.9732982e+01
   1.0019454e+02
   1.0058460e+02
   1.0059811e+02
   1.0070028e+02
   1.0077375e+02
   1.0083746e+02
   1.0085236e+02
   1.0148476e+02
   1.0149033e+02
   1.0164196e+02
   1.0198087e+02
   1.0204530e+02
   1.0243824e+02
   1.0244950e+02
   1.0283667e+02
   1.0288271e+02
   1.0288294e+02
   1.0296524e+02
   1.0304798e+02
   1.0320745e+02
   1.0341611e+02
   1.0379466e+02
   1.0397221e+02
   1.0400668e+02
   1.0400668e+02
   1.0438954e+02
   1.0483690e+02
   1.0494681e+02
   1.0494993e+02
   1.0495713e+02
   1.0497041e+02
   1.0497041e+02
   1.0498792e+02
   1.0506712e+02
   1.0586119e+02
   1.0589211e+02
   1.0590742e+02
   1.0591442e+02
   1.0591442e+02
   1.0592839e+02
   1.0595503e+02
   1.0595556e+02
   1.0612757e+02
   1.0620412e+02
   1.0620799e+02
   1.0624878e+02
   1.0626719e+02
   1.0627604e+02
   1.0647970e+02
   1.0657546e+02
   1.0698699e+02
   1.0700826e+02
   1.0707924e+02
   1.0744796e+02
   1.0751417e+02
   1.0752517e+02
   1.0757336e+02
   1.0773262e+02
   1.0773655e+02
   1.0775029e+02
   1.0775039e+02
   1.0787160e+02
   1.0790348e+02
   1.0790452e+02
   1.0793539e+02
   1.0844076e+02
   1.0846326e+02
   1.0846326e+02
   1.0847615e+02
   1.0856901e+02
   1.0857614e+02
   1.0857614e+02
   1.0875572e+02
   1.0879056e+02
   1.0894905e+02
   1.0901877e+02
   1.0915054e+02
   1.0918552e+02
   1.0931067e+02
   1.0934358e+02
   1.0939482e+02
   1.0975286e+02
   1.0986256e+02
   1.0986611e+02
   1.0986611e+02
   1.0999068e+02
   1.0999206e+02
   1.1001737e+02
   1.1004357e+02
   1.1013456e+02
   1.1020986e+02
   1.1021195e+02
   1.1038872e+02
   1.1039422e+02
   1.1179341e+02
   1.1189899e+02
   1.1189899e+02
   1.1189899e+02
   1.1234965e+02
   1.1235070e+02
   1.1355776e+02
   1.1360656e+02
   1.1375670e+02
   1.1375781e+02
   1.1395865e+02
   1.1406213e+02
   1.1406936e+02
   1.1419118e+02
   1.1419469e+02
   1.1425745e+02
   1.1447156e+02
   1.1448477e+02
   1.1507359e+02
   1.1507359e+02
   1.1515412e+02
   1.1516262e+02
   1.1530671e+02
   1.1530906e+02
   1.1548002e+02
   1.1548834e+02
   1.1554462e+02
   1.1554462e+02
   1.1554513e+02
   1.1554631e+02
   1.1554656e+02
   1.1582099e+02
   1.1582126e+02
   1.1594875e+02
   1.1596698e+02
   1.1602938e+02
   1.1663295e+02
   1.1667595e+02
   1.1667596e+02
   1.1752354e+02
   1.1780625e+02
   1.1782199e+02
   1.1812808e+02
   1.1828838e+02
   1.1828850e+02
   1.1829427e+02
   1.1846747e+02
   1.1860392e+02
   1.1860392e+02
   1.1861851e+02
   1.1867036e+02
   1.1867128e+02
   1.1888214e+02
   1.1935780e+02
   1.1936584e+02
   1.1937093e+02
   1.1957360e+02
   1.1968576e+02
   1.1968650e+02
   1.1994612e+02
   1.1999391e+02
   1.2014608e+02
   1.2017253e+02
   1.2022848e+02
   1.2022848e+02
   1.2032229e+02
   1.2064559e+02
   1.2068052e+02
   1.2081284e+02
   1.2085124e+02
   1.2086382e+02
   1.2111368e+02
   1.2111368e+02
   1.2111368e+02
   1.2112617e+02
   1.2121824e+02
   1.2128124e+02
   1.2158766e+02
   1.2165701e+02
   1.2165703e+02
   1.2184331e+02
   1.2187746e+02
   1.2198248e+02
   1.2198265e+02
   1.2239211e+02
   1.2243894e+02
   1.2282936e+02
   1.2283828e+02
   1.2286355e+02
   1.2321334e+02
   1.2322109e+02
   1.2322109e+02
   1.2355773e+02
   1.2355803e+02
   1.2380372e+02
   1.2380372e+02
   1.2387226e+02
   1.2398453e+02
   1.2406885e+02
   1.2406896e+02
   1.2435590e+02
   1.2519713e+02
   1.2519713e+02
   1.2527957e+02
   1.2562045e+02
   1.2585074e+02
   1.2593432e+02
