   5.4172530e-03
   1.2273521e+00
   1.3116287e+00
   1.4661789e+00
   1.5370129e+00
   1.6178586e+00
   1.6502382e+00
   1.6805889e+00
   1.7163453e+00
   1.7467126e+00
   1.7734122e+00
   1.8032950e+00
   1.8331782e+00
   1.8620509e+00
   1.8885458e+00
   1.9163427e+00
   1.9427785e+00
   1.9670226e+00
   1.9923174e+00
   2.0152630e+00
   2.0427009e+00
   2.0673224e+00
   2.0930412e+00
   2.1189472e+00
   2.1443204e+00
   2.1776911e+00
   2.2049834e+00
   2.2323514e+00
   2.2600782e+00
   2.2873313e+00
   2.3123016e+00
   2.3482038e+00
   2.3986566e+00
   2.4280786e+00
   2.4611322e+00
   2.5005482e+00
   2.5280182e+00
   2.5531201e+00
   2.5792397e+00
   2.6039245e+00
   2.6393334e+00
   2.6667501e+00
   2.6979821e+00
   2.7239299e+00
   2.7462594e+00
   2.7720482e+00
   2.7959530e+00
   2.8211355e+00
   2.8473740e+00
   2.8708523e+00
   2.8980355e+00
   2.9221124e+00
   2.9493781e+00
   2.9731228e+00
   3.0004687e+00
   3.0231552e+00
   3.0566410e+00
   3.0823416e+00
   3.1073528e+00
   3.1326578e+00
   3.1670766e+00
   3.1927027e+00
   3.2147289e+00
   3.2408321e+00
   3.2735922e+00
   3.2993819e+00
   3.3195652e+00
   3.3439546e+00
   3.3675890e+00
   3.3917316e+00
   3.4173281e+00
   3.4366691e+00
   3.4626071e+00
   3.4950595e+00
   3.5178737e+00
   3.5418857e+00
   3.5668289e+00
   3.5910440e+00
   3.6172421e+00
   3.6473958e+00
   3.6697823e+00
   3.6933805e+00
   3.7172680e+00
   3.7392009e+00
   3.7638207e+00
   3.7869397e+00
   3.8240247e+00
   3.8528565e+00
   3.8777431e+00
   3.9013152e+00
   3.9254506e+00
   3.9527347e+00
   3.9756607e+00
   3.9999246e+00
   4.0234716e+00
   4.0457606e+00
   4.0683551e+00
   4.0899686e+00
   4.1146851e+00
   4.1395910e+00
   4.1616965e+00
   4.1872785e+00
   4.2097638e+00
   4.2364477e+00
   4.2605631e+00
   4.2930916e+00
   4.3286913e+00
   4.3605826e+00
   4.3840319e+00
   4.4059430e+00
   4.4285022e+00
   4.4527519e+00
   4.4839735e+00
   4.5046829e+00
   4.5287344e+00
   4.5526593e+00
   4.5775737e+00
   4.6036546e+00
   4.6260461e+00
   4.6500309e+00
   4.6720997e+00
   4.6961455e+00
   4.7209214e+00
   4.7521245e+00
   4.7821866e+00
   4.8065370e+00
   4.8315332e+00
   4.8566676e+00
   4.8834148e+00
   4.9062936e+00
   4.9302290e+00
   4.9549442e+00
   4.9786473e+00
   5.0067411e+00
   5.0311181e+00
   5.0562136e+00
   5.0800091e+00
   5.1036666e+00
   5.1405230e+00
   5.1740151e+00
   5.1991805e+00
   5.2267761e+00
   5.2529058e+00
   5.2778799e+00
   5.3028477e+00
   5.3276170e+00
   5.3546709e+00
   5.3833446e+00
   5.4095808e+00
   5.4395950e+00
   5.4627725e+00
   5.4863866e+00
   5.5114750e+00
   5.5360786e+00
   5.5584435e+00
   5.5844725e+00
   5.6088224e+00
   5.6352121e+00
   5.6646314e+00
   5.6907601e+00
   5.7158745e+00
   5.7382283e+00
   5.7656486e+00
   5.7914258e+00
   5.8169180e+00
   5.8415643e+00
   5.8606075e+00
   5.8882413e+00
   5.9127961e+00
   5.9367432e+00
   5.9594371e+00
   5.9839220e+00
   6.0094368e+00
   6.0334936e+00
   6.0588239e+00
   6.0836384e+00
   6.1044443e+00
   6.1331765e+00
   6.1588894e+00
   6.1852082e+00
   6.2087437e+00
   6.2313286e+00
   6.2587569e+00
   6.2865774e+00
   6.3115265e+00
   6.3376254e+00
   6.3635565e+00
   6.3902459e+00
   6.4161376e+00
   6.4436012e+00
   6.4707433e+00
   6.4942872e+00
   6.5128886e+00
   6.5439436e+00
   6.5794562e+00
   6.6128767e+00
   6.6385832e+00
   6.6636718e+00
   6.6952926e+00
   6.7182939e+00
   6.7425681e+00
   6.7690005e+00
   6.8031572e+00
   6.8286290e+00
   6.8533689e+00
   6.8783028e+00
   6.9160783e+00
   6.9437206e+00
   6.9625232e+00
   6.9947952e+00
   7.0286126e+00
   7.0626845e+00
   7.0928123e+00
   7.1192377e+00
   7.1461283e+00
   7.1811382e+00
   7.2161433e+00
   7.2429735e+00
   7.2654343e+00
   7.2946585e+00
   7.3150819e+00
   7.3345716e+00
   7.3636620e+00
   7.3991555e+00
   7.4137797e+00
   7.4456687e+00
   7.4714884e+00
   7.4975185e+00
   7.5278522e+00
   7.5534152e+00
   7.5835595e+00
   7.6095852e+00
   7.6289344e+00
   7.6579640e+00
   7.6827871e+00
   7.7049956e+00
   7.7322499e+00
   7.7593455e+00
   7.7867783e+00
   7.8219397e+00
   7.8477733e+00
   7.8749049e+00
   7.9028489e+00
   7.9383849e+00
   7.9666830e+00
   7.9937406e+00
   8.0161252e+00
   8.0444479e+00
   8.0701176e+00
   8.0965520e+00
   8.1246539e+00
   8.1498472e+00
   8.1793290e+00
   8.2062565e+00
   8.2328127e+00
   8.2637737e+00
   8.2885998e+00
   8.3188919e+00
   8.3481030e+00
   8.3752984e+00
   8.4004394e+00
   8.4287826e+00
   8.4497763e+00
   8.4791411e+00
   8.5071513e+00
   8.5332371e+00
   8.5625536e+00
   8.5864465e+00
   8.6126994e+00
   8.6383317e+00
   8.6631590e+00
   8.6860974e+00
   8.7098846e+00
   8.7315258e+00
   8.7505536e+00
   8.7769049e+00
   8.7997009e+00
   8.8181815e+00
   8.8444329e+00
   8.8670952e+00
   8.8919182e+00
   8.9160899e+00
   8.9462437e+00
   8.9695408e+00
   8.9956665e+00
   9.0204002e+00
   9.0481160e+00
   9.0743900e+00
   9.1000284e+00
   9.1432148e+00
   9.1678122e+00
   9.2015096e+00
   9.2327836e+00
   9.2570183e+00
   9.2835492e+00
   9.3088274e+00
   9.3320133e+00
   9.3675289e+00
   9.3930461e+00
   9.4166667e+00
   9.4391531e+00
   9.4655614e+00
   9.4963483e+00
   9.5175792e+00
   9.5494818e+00
   9.5729869e+00
   9.5971661e+00
   9.6291080e+00
   9.6493779e+00
   9.6732385e+00
   9.6915718e+00
   9.7184773e+00
   9.7438492e+00
   9.7697552e+00
   9.7938194e+00
   9.8177827e+00
   9.8426903e+00
   9.8596478e+00
   9.8860969e+00
   9.9028818e+00
   9.9366901e+00
   9.9624822e+00
   9.9871760e+00
   1.0011983e+01
   1.0044645e+01
   1.0064348e+01
   1.0096824e+01
   1.0131665e+01
   1.0157777e+01
   1.0186933e+01
   1.0211242e+01
   1.0238336e+01
   1.0270586e+01
   1.0303353e+01
   1.0326522e+01
   1.0359506e+01
   1.0387454e+01
   1.0401823e+01
   1.0420950e+01
   1.0438832e+01
   1.0483708e+01
   1.0498953e+01
   1.0532723e+01
   1.0559174e+01
   1.0586322e+01
   1.0610875e+01
   1.0642587e+01
   1.0667491e+01
   1.0691417e+01
   1.0716263e+01
   1.0740592e+01
   1.0758452e+01
   1.0789137e+01
   1.0816522e+01
   1.0850303e+01
   1.0874134e+01
   1.0899890e+01
   1.0921799e+01
   1.0967812e+01
   1.1001685e+01
   1.1029441e+01
   1.1047559e+01
   1.1072467e+01
   1.1092696e+01
   1.1116091e+01
   1.1145518e+01
   1.1178456e+01
   1.1202701e+01
   1.1224584e+01
   1.1252008e+01
   1.1274426e+01
   1.1298540e+01
   1.1323124e+01
   1.1355657e+01
   1.1380169e+01
   1.1404033e+01
   1.1437569e+01
   1.1460891e+01
   1.1486612e+01
   1.1508836e+01
   1.1535788e+01
   1.1558642e+01
   1.1591615e+01
   1.1616559e+01
   1.1640665e+01
   1.1664564e+01
   1.1687500e+01
   1.1711787e+01
   1.1728353e+01
   1.1754738e+01
   1.1779183e+01
   1.1805525e+01
   1.1830325e+01
   1.1855104e+01
   1.1878600e+01
   1.1909717e+01
   1.1944276e+01
   1.1966322e+01
   1.1990469e+01
   1.2015600e+01
   1.2040839e+01
   1.2061731e+01
   1.2091064e+01
   1.2130686e+01
   1.2143825e+01
   1.2174276e+01
   1.2198980e+01
   1.2227775e+01
   1.2256434e+01
   1.2279715e+01
   1.2294633e+01
   1.2322800e+01
   1.2346171e+01
   1.2370461e+01
   1.2395106e+01
   1.2430197e+01
   1.2457300e+01
   1.2481316e+01
   1.2505728e+01
   1.2529031e+01
   1.2554945e+01
   1.2577465e+01
   1.2604912e+01
   1.2627180e+01
   1.2652332e+01
   1.2676645e+01
   1.2708227e+01
   1.2725444e+01
   1.2756259e+01
   1.2790495e+01
   1.2815309e+01
   1.2838295e+01
   1.2861809e+01
   1.2895973e+01
   1.2918815e+01
   1.2935525e+01
   1.2969962e+01
   1.2992751e+01
   1.3029476e+01
   1.3055626e+01
   1.3079580e+01
   1.3113725e+01
   1.3135717e+01
   1.3160156e+01
   1.3183676e+01
   1.3208131e+01
   1.3224872e+01
   1.3249756e+01
   1.3275777e+01
   1.3311089e+01
   1.3333695e+01
   1.3359172e+01
   1.3382947e+01
   1.3405743e+01
   1.3428441e+01
   1.3451106e+01
   1.3476561e+01
   1.3500193e+01
   1.3524750e+01
   1.3547513e+01
   1.3572813e+01
   1.3596044e+01
   1.3612037e+01
   1.3639630e+01
   1.3661760e+01
   1.3686461e+01
   1.3709255e+01
   1.3732697e+01
   1.3762719e+01
   1.3785886e+01
   1.3817281e+01
   1.3840631e+01
   1.3855988e+01
   1.3886538e+01
   1.3930009e+01
   1.3967401e+01
   1.3995305e+01
   1.4021091e+01
   1.4050161e+01
   1.4076903e+01
   1.4102381e+01
   1.4128877e+01
   1.4154640e+01
   1.4183958e+01
   1.4209877e+01
   1.4225856e+01
   1.4241760e+01
   1.4271495e+01
   1.4300006e+01
   1.4326598e+01
   1.4342223e+01
   1.4381724e+01
   1.4406093e+01
   1.4422372e+01
   1.4450665e+01
   1.4468462e+01
   1.4495945e+01
   1.4531131e+01
   1.4554523e+01
   1.4579364e+01
   1.4601838e+01
   1.4646399e+01
   1.4663572e+01
   1.4696026e+01
   1.4731896e+01
   1.4757339e+01
   1.4783169e+01
   1.4813360e+01
   1.4838358e+01
   1.4852243e+01
   1.4884285e+01
   1.4922039e+01
   1.4951585e+01
   1.4979232e+01
   1.5006123e+01
   1.5034847e+01
   1.5052048e+01
   1.5079201e+01
   1.5107585e+01
   1.5133709e+01
   1.5164748e+01
   1.5194195e+01
   1.5230797e+01
   1.5256318e+01
   1.5284430e+01
   1.5305061e+01
   1.5333144e+01
   1.5363581e+01
   1.5388812e+01
   1.5415989e+01
   1.5446474e+01
   1.5473422e+01
   1.5508239e+01
   1.5529716e+01
   1.5558225e+01
   1.5585721e+01
   1.5611307e+01
   1.5632225e+01
   1.5655928e+01
   1.5699420e+01
   1.5742876e+01
   1.5769861e+01
   1.5798375e+01
   1.5822269e+01
   1.5861989e+01
   1.5898015e+01
   1.5924669e+01
   1.5951106e+01
   1.5986764e+01
   1.6020826e+01
   1.6049829e+01
   1.6076695e+01
   1.6114626e+01
   1.6149112e+01
   1.6163096e+01
   1.6197766e+01
   1.6226038e+01
   1.6254665e+01
   1.6290000e+01
   1.6317822e+01
   1.6344966e+01
   1.6373083e+01
   1.6407931e+01
   1.6437097e+01
   1.6461701e+01
   1.6490606e+01
   1.6518532e+01
   1.6543653e+01
   1.6574412e+01
   1.6601831e+01
   1.6630028e+01
   1.6658992e+01
   1.6686535e+01
   1.6718975e+01
   1.6736878e+01
   1.6780921e+01
   1.6808676e+01
   1.6843253e+01
   1.6869803e+01
   1.6900145e+01
   1.6918815e+01
   1.6948918e+01
   1.6986285e+01
   1.7017058e+01
   1.7054235e+01
   1.7083712e+01
   1.7120109e+01
   1.7148987e+01
   1.7172629e+01
   1.7199635e+01
   1.7229274e+01
   1.7254847e+01
   1.7280985e+01
   1.7313579e+01
   1.7328962e+01
   1.7363691e+01
   1.7389431e+01
   1.7416618e+01
   1.7439747e+01
   1.7466313e+01
   1.7490022e+01
   1.7523102e+01
   1.7549300e+01
   1.7574342e+01
   1.7600502e+01
   1.7630382e+01
   1.7655503e+01
   1.7678971e+01
   1.7704307e+01
   1.7730171e+01
   1.7754674e+01
   1.7779309e+01
   1.7803960e+01
   1.7828987e+01
   1.7853755e+01
   1.7886240e+01
   1.7911413e+01
   1.7936810e+01
   1.7960989e+01
   1.7992561e+01
   1.8015192e+01
   1.8046437e+01
   1.8062387e+01
   1.8091293e+01
   1.8121269e+01
   1.8147701e+01
   1.8173103e+01
   1.8196981e+01
   1.8223070e+01
   1.8248246e+01
   1.8273476e+01
   1.8300201e+01
   1.8323102e+01
   1.8348726e+01
   1.8374042e+01
   1.8400383e+01
   1.8425048e+01
   1.8449374e+01
   1.8476071e+01
   1.8501812e+01
   1.8548139e+01
   1.8561718e+01
   1.8592017e+01
   1.8618347e+01
   1.8643039e+01
   1.8670416e+01
   1.8696274e+01
   1.8730872e+01
   1.8756500e+01
   1.8779846e+01
   1.8806512e+01
   1.8841399e+01
   1.8868774e+01
   1.8883068e+01
   1.8911828e+01
   1.8939291e+01
   1.8961182e+01
   1.8986729e+01
   1.9012730e+01
   1.9039992e+01
   1.9065190e+01
   1.9101216e+01
   1.9125921e+01
   1.9152562e+01
   1.9175246e+01
   1.9199880e+01
   1.9225983e+01
   1.9252137e+01
   1.9268649e+01
   1.9296467e+01
   1.9323238e+01
   1.9353182e+01
   1.9390110e+01
   1.9415224e+01
   1.9428647e+01
   1.9461096e+01
   1.9487136e+01
   1.9511077e+01
   1.9537279e+01
   1.9569926e+01
   1.9594554e+01
   1.9629862e+01
   1.9659929e+01
   1.9685919e+01
   1.9718765e+01
   1.9743433e+01
   1.9775115e+01
   1.9790696e+01
   1.9826116e+01
   1.9846466e+01
   1.9873127e+01
   1.9898194e+01
   1.9925401e+01
   1.9950810e+01
   1.9972606e+01
   1.9996900e+01
   2.0028468e+01
   2.0051030e+01
   2.0074380e+01
   2.0112851e+01
   2.0136514e+01
   2.0164289e+01
   2.0196839e+01
   2.0225741e+01
   2.0251600e+01
   2.0282422e+01
   2.0309753e+01
   2.0333955e+01
   2.0359189e+01
   2.0382871e+01
   2.0400082e+01
   2.0430219e+01
   2.0454606e+01
   2.0481625e+01
   2.0515081e+01
   2.0538927e+01
   2.0565044e+01
   2.0591853e+01
   2.0613729e+01
   2.0638789e+01
   2.0651617e+01
   2.0680146e+01
   2.0707553e+01
   2.0734247e+01
   2.0759876e+01
   2.0790563e+01
   2.0829465e+01
   2.0853714e+01
   2.0888472e+01
   2.0902114e+01
   2.0932012e+01
   2.0958924e+01
   2.0984866e+01
   2.1013446e+01
   2.1045464e+01
   2.1069142e+01
   2.1094861e+01
   2.1130469e+01
   2.1154026e+01
   2.1179664e+01
   2.1206679e+01
   2.1232607e+01
   2.1258295e+01
   2.1282565e+01
   2.1560989e+01
   2.1583798e+01
   2.1615915e+01
   2.1646379e+01
   2.1676436e+01
   2.1698418e+01
   2.1726999e+01
   2.1751025e+01
   2.1770593e+01
   2.1795215e+01
   2.1817773e+01
   2.1842719e+01
   2.1870714e+01
   2.1895927e+01
   2.1910971e+01
   2.1935612e+01
   2.1968764e+01
   2.1995057e+01
   2.2019591e+01
   2.2045144e+01
   2.2068162e+01
   2.2093149e+01
   2.2116295e+01
   2.2141189e+01
   2.2166980e+01
   2.2182655e+01
   2.2209327e+01
   2.2232732e+01
   2.2248438e+01
   2.2271463e+01
   2.2296634e+01
   2.2319586e+01
   2.2340899e+01
   2.2372439e+01
   2.2403191e+01
   2.2432855e+01
   2.2455763e+01
   2.2484825e+01
   2.2522398e+01
   2.2553443e+01
   2.2580113e+01
   2.2605715e+01
   2.2631470e+01
   2.2659598e+01
   2.2684742e+01
   2.2710166e+01
   2.2733742e+01
   2.2757215e+01
   2.2782815e+01
   2.2805386e+01
   2.2830814e+01
   2.2854016e+01
   2.2878822e+01
   2.2902493e+01
   2.2926712e+01
   2.2951473e+01
   2.2975304e+01
   2.2998242e+01
   2.3022900e+01
   2.3048023e+01
   2.3071292e+01
   2.3094784e+01
   2.3120396e+01
   2.3144257e+01
   2.3161730e+01
   2.3190176e+01
   2.3217781e+01
   2.3241690e+01
   2.3269000e+01
   2.3292893e+01
   2.3316259e+01
   2.3336211e+01
   2.3351533e+01
   2.3377715e+01
   2.3402406e+01
   2.3425935e+01
   2.3449845e+01
   2.3471547e+01
   2.3493432e+01
   2.3516473e+01
   2.3540265e+01
   2.3562041e+01
   2.3584540e+01
   2.3607819e+01
   2.3624519e+01
   2.3647674e+01
   2.3669938e+01
   2.3697152e+01
   2.3719655e+01
   2.3741551e+01
   2.3763399e+01
   2.3787188e+01
   2.3803367e+01
   2.3819572e+01
   2.3848004e+01
   2.3870345e+01
   2.3892806e+01
   2.3905789e+01
   2.3931937e+01
   2.3953866e+01
   2.3974795e+01
   2.3995095e+01
   2.4018047e+01
   2.4038959e+01
   2.4059885e+01
   2.4080349e+01
   2.4102684e+01
   2.4125257e+01
   2.4154900e+01
   2.4176314e+01
   2.4199461e+01
   2.4223086e+01
   2.4246573e+01
   2.4267927e+01
   2.4287856e+01
   2.4309893e+01
   2.4341954e+01
   2.4363677e+01
   2.4387453e+01
   2.4419985e+01
   2.4442377e+01
   2.4463440e+01
   2.4485871e+01
   2.4512728e+01
   2.4534346e+01
   2.4556673e+01
   2.4577667e+01
   2.4610462e+01
   2.4634010e+01
   2.4650576e+01
   2.4672833e+01
   2.4695721e+01
   2.4717841e+01
   2.4741733e+01
   2.4762125e+01
   2.4783950e+01
   2.4807209e+01
   2.4830113e+01
   2.4853252e+01
   2.4869761e+01
   2.4897473e+01
   2.4921310e+01
   2.4942465e+01
   2.4967017e+01
   2.4992136e+01
   2.5015030e+01
   2.5037085e+01
   2.5056786e+01
   2.5078491e+01
   2.5093724e+01
   2.5118849e+01
   2.5144062e+01
   2.5174985e+01
   2.5207968e+01
   2.5229124e+01
   2.5260826e+01
   2.5282605e+01
   2.5304714e+01
   2.5327475e+01
   2.5349461e+01
   2.5372020e+01
   2.5393015e+01
   2.5414894e+01
   2.5436095e+01
   2.5456869e+01
   2.5476324e+01
   2.5497303e+01
   2.5517723e+01
   2.5540286e+01
   2.5568327e+01
   2.5592226e+01
   2.5617199e+01
   2.5642322e+01
   2.5657543e+01
   2.5681822e+01
   2.5712358e+01
   2.5737836e+01
   2.5768426e+01
   2.5787201e+01
   2.5818723e+01
   2.5849689e+01
   2.5872243e+01
   2.5901436e+01
   2.5924053e+01
   2.5943630e+01
   2.5965153e+01
   2.5987805e+01
   2.6010786e+01
   2.6044060e+01
   2.6064990e+01
   2.6089006e+01
   2.6111648e+01
   2.6136698e+01
   2.6160468e+01
   2.6190484e+01
   2.6210006e+01
   2.6233033e+01
   2.6250633e+01
   2.6278688e+01
   2.6302602e+01
   2.6325326e+01
   2.6345952e+01
   2.6369325e+01
   2.6394462e+01
   2.6416471e+01
   2.6442317e+01
   2.6463648e+01
   2.6487172e+01
   2.6507871e+01
   2.6529153e+01
   2.6551800e+01
   2.6574460e+01
   2.6596185e+01
   2.6619658e+01
   2.6649089e+01
   2.6669498e+01
   2.6691506e+01
   2.6713254e+01
   2.6735770e+01
   2.6757861e+01
   2.6779314e+01
   2.6801651e+01
   2.6831246e+01
   2.6861736e+01
   2.6881676e+01
   2.6903613e+01
   2.6925993e+01
   2.6947025e+01
   2.6970400e+01
   2.7001709e+01
   2.7021925e+01
   2.7044971e+01
   2.7066171e+01
   2.7080075e+01
   2.7104501e+01
   2.7128684e+01
   2.7154790e+01
   2.7176682e+01
   2.7198955e+01
   2.7220644e+01
   2.7241945e+01
   2.7275807e+01
   2.7298446e+01
   2.7329916e+01
   2.7351434e+01
   2.7381885e+01
   2.7403771e+01
   2.7426383e+01
   2.7446413e+01
   2.7475685e+01
   2.7496494e+01
   2.7519057e+01
   2.7549656e+01
   2.7574805e+01
   2.7600198e+01
   2.7623683e+01
