   1.1591200e-01
   1.5255900e-01
   1.9451400e-01
   2.3791300e-01
   2.7578100e-01
   3.0807400e-01
   3.4035200e-01
   3.7449200e-01
   4.0860300e-01
   4.4104500e-01
   4.7320100e-01
   5.0746400e-01
   5.3961800e-01
   5.7296500e-01
   6.0500400e-01
   6.3683400e-01
   6.6853800e-01
   7.0051200e-01
   7.3485700e-01
   7.6880400e-01
   8.0059600e-01
   8.3224900e-01
   8.6343800e-01
   8.9492500e-01
   9.2613200e-01
   9.6243100e-01
   9.9562500e-01
   1.0263440e+00
   1.0578630e+00
   1.0891180e+00
   1.1203960e+00
   1.1520490e+00
   1.1831540e+00
   1.2148530e+00
   1.2461900e+00
   1.2773590e+00
   1.3088950e+00
   1.3402450e+00
   1.3712310e+00
   1.4027900e+00
   1.4341040e+00
   1.4656760e+00
   1.4968080e+00
   1.5280300e+00
   1.5597530e+00
   1.5911190e+00
   1.6221830e+00
   1.6537470e+00
   1.6849120e+00
   1.7167800e+00
   1.7482650e+00
   1.7793970e+00
   1.8129190e+00
   1.8440360e+00
   1.8757750e+00
   1.9090650e+00
   1.9403010e+00
   1.9719210e+00
   2.0031910e+00
   2.0343230e+00
   2.0655160e+00
   2.0967080e+00
   2.1278870e+00
   2.1609890e+00
   2.1923670e+00
   2.2241880e+00
   2.2554560e+00
   2.2884570e+00
   2.3203440e+00
   2.3514870e+00
   2.3836590e+00
   2.4150530e+00
   2.4461480e+00
   2.4789540e+00
   2.5095560e+00
   2.5401060e+00
   2.5718580e+00
   2.6030860e+00
   2.6346460e+00
   2.6660890e+00
   2.6973060e+00
   2.7287790e+00
   2.7606840e+00
   2.7932200e+00
   2.8245560e+00
   2.8558820e+00
   2.8868140e+00
   2.9176550e+00
   2.9480090e+00
   2.9794530e+00
   3.0111790e+00
   3.0429390e+00
   3.0739870e+00
   3.1049380e+00
   3.1382650e+00
   3.1695500e+00
   3.2005220e+00
   3.2323910e+00
   3.2632510e+00
   3.2949660e+00
   3.3261170e+00
   3.3593160e+00
   3.3912060e+00
   3.4260160e+00
   3.4595230e+00
   3.4906450e+00
   3.5214280e+00
   3.5527020e+00
   3.5836270e+00
   3.6151060e+00
   3.6462870e+00
   3.6775140e+00
   3.7089580e+00
   3.7397410e+00
   3.7730110e+00
   3.8043660e+00
   3.8352690e+00
   3.8668570e+00
   3.8980790e+00
   3.9311090e+00
   3.9639710e+00
   3.9950290e+00
   4.0264800e+00
   4.0576070e+00
   4.0886510e+00
   4.1201210e+00
   4.1519290e+00
   4.1851460e+00
   4.2186920e+00
   4.2499020e+00
   4.2817840e+00
   4.3132040e+00
   4.3451150e+00
   4.3770420e+00
   4.4089060e+00
   4.4405930e+00
   4.4738540e+00
   4.5055500e+00
   4.5419470e+00
   4.5756860e+00
   4.6069180e+00
   4.6385680e+00
   4.6697600e+00
   4.7010650e+00
   4.7328830e+00
   4.7647880e+00
   4.7966080e+00
   4.8287080e+00
   4.8606510e+00
   4.8922880e+00
   4.9241260e+00
   4.9564310e+00
   4.9903140e+00
   5.0216220e+00
   5.0527980e+00
   5.0844430e+00
   5.1161540e+00
   5.1477330e+00
   5.1789820e+00
   5.2105950e+00
   5.2421570e+00
   5.2734530e+00
   5.3059370e+00
   5.3371770e+00
   5.3688120e+00
   5.4005880e+00
   5.4323320e+00
   5.4637800e+00
   5.4951270e+00
   5.5264020e+00
   5.5579220e+00
   5.5896920e+00
   5.6215390e+00
   5.6528400e+00
   5.6845650e+00
   5.7165200e+00
   5.7478700e+00
   5.7802790e+00
   5.8121140e+00
   5.8439790e+00
   5.8758180e+00
   5.9077100e+00
   5.9395700e+00
   5.9708830e+00
   6.0022350e+00
   6.0339270e+00
   6.0652230e+00
   6.0981080e+00
   6.1314560e+00
   6.1632730e+00
   6.1950850e+00
   6.2268280e+00
   6.2582010e+00
   6.2897780e+00
   6.3216030e+00
   6.3533520e+00
   6.3851880e+00
   6.4169790e+00
   6.4493100e+00
   6.4810680e+00
   6.5128610e+00
   6.5445900e+00
   6.5763480e+00
   6.6079240e+00
   6.6392350e+00
   6.6709500e+00
   6.7021820e+00
   6.7340560e+00
   6.7656680e+00
   6.7976770e+00
   6.8290310e+00
   6.8609430e+00
   6.8926470e+00
   6.9246420e+00
   6.9557840e+00
   6.9869980e+00
   7.0187680e+00
   7.0506600e+00
   7.0861750e+00
   7.1199950e+00
   7.1516200e+00
   7.1831560e+00
   7.2150070e+00
   7.2466330e+00
   7.2789680e+00
   7.3097060e+00
   7.3409040e+00
   7.3720890e+00
   7.4034410e+00
   7.4353120e+00
   7.4669880e+00
   7.4991890e+00
   7.5302040e+00
   7.5613390e+00
   7.5935320e+00
   7.6247470e+00
   7.6564770e+00
   7.6896500e+00
   7.7214810e+00
   7.7550040e+00
   7.7867010e+00
   7.8183970e+00
   7.8517010e+00
   7.8873030e+00
   7.9216530e+00
   7.9529220e+00
   7.9847460e+00
   8.0171190e+00
   8.0491520e+00
   8.0808480e+00
   8.1127630e+00
   8.1445830e+00
   8.1772170e+00
   8.2090870e+00
   8.2403680e+00
   8.2737380e+00
   8.3054960e+00
   8.3371230e+00
   8.3690580e+00
   8.4010310e+00
   8.4332350e+00
   8.4652010e+00
   8.4958780e+00
   8.5266760e+00
   8.5571900e+00
   8.5876690e+00
   8.6181590e+00
   8.6493150e+00
   8.6803910e+00
   8.7110190e+00
   8.7449340e+00
   8.7781130e+00
   8.8092380e+00
   8.8403500e+00
   8.8714110e+00
   8.9020390e+00
   8.9328100e+00
   8.9632160e+00
   8.9945160e+00
   9.0256170e+00
   9.0568210e+00
   9.0898400e+00
   9.1209340e+00
   9.1527900e+00
   9.1839870e+00
   9.2146080e+00
   9.2463510e+00
   9.2770500e+00
   9.3081860e+00
   9.3401330e+00
   9.3707500e+00
   9.4051640e+00
   9.4379130e+00
   9.4690440e+00
   9.5003950e+00
   9.5310030e+00
   9.5620500e+00
   9.5930340e+00
   9.6243310e+00
   9.6558880e+00
   9.6870110e+00
   9.7200670e+00
   9.7508590e+00
   9.7812190e+00
   9.8126080e+00
   9.8431140e+00
   9.8754370e+00
   9.9059860e+00
   9.9371270e+00
   9.9686280e+00
   1.0000516e+01
   1.0032565e+01
   1.0064236e+01
   1.0095598e+01
   1.0127237e+01
   1.0159019e+01
   1.0190730e+01
   1.0224183e+01
   1.0255465e+01
   1.0286999e+01
   1.0319336e+01
   1.0352918e+01
   1.0384150e+01
   1.0415999e+01
   1.0448787e+01
   1.0481849e+01
   1.0513689e+01
   1.0544948e+01
   1.0576820e+01
   1.0608173e+01
   1.0640113e+01
   1.0671524e+01
   1.0703128e+01
   1.0734466e+01
   1.0766427e+01
   1.0797776e+01
   1.0829498e+01
   1.0860876e+01
   1.0893221e+01
   1.0924474e+01
   1.0955685e+01
   1.0987405e+01
   1.1018599e+01
   1.1052659e+01
   1.1086120e+01
   1.1117281e+01
   1.1148741e+01
   1.1179974e+01
   1.1211767e+01
   1.1245022e+01
   1.1276882e+01
   1.1308238e+01
   1.1340757e+01
   1.1372011e+01
   1.1404097e+01
   1.1435255e+01
   1.1467069e+01
   1.1498747e+01
   1.1530643e+01
   1.1563915e+01
   1.1595232e+01
   1.1626961e+01
   1.1659118e+01
   1.1690425e+01
   1.1724162e+01
   1.1755600e+01
   1.1788855e+01
   1.1822174e+01
   1.1854022e+01
   1.1885581e+01
   1.1916942e+01
   1.1948737e+01
   1.1980328e+01
   1.2010537e+01
   1.2042808e+01
   1.2076417e+01
   1.2107570e+01
   1.2139069e+01
   1.2170714e+01
   1.2202482e+01
   1.2234104e+01
   1.2265840e+01
   1.2297689e+01
   1.2329338e+01
   1.2360632e+01
   1.2392199e+01
   1.2423866e+01
   1.2455944e+01
   1.2487844e+01
   1.2519686e+01
   1.2551292e+01
   1.2583016e+01
   1.2614455e+01
   1.2646053e+01
   1.2677156e+01
   1.2709212e+01
   1.2741143e+01
   1.2773298e+01
   1.2805904e+01
   1.2839709e+01
   1.2872661e+01
   1.2904430e+01
   1.2936276e+01
   1.2968185e+01
   1.2999405e+01
   1.3030631e+01
   1.3061434e+01
   1.3095228e+01
   1.3128943e+01
   1.3160659e+01
   1.3192704e+01
   1.3224000e+01
   1.3255894e+01
   1.3287484e+01
   1.3318690e+01
   1.3350748e+01
   1.3382295e+01
   1.3414013e+01
   1.3445395e+01
   1.3476347e+01
   1.3509991e+01
   1.3541497e+01
   1.3573348e+01
   1.3605220e+01
   1.3636367e+01
   1.3669952e+01
   1.3701217e+01
   1.3733538e+01
   1.3764828e+01
   1.3796451e+01
   1.3827914e+01
   1.3859127e+01
   1.3890379e+01
   1.3921513e+01
   1.3952121e+01
   1.3983660e+01
   1.4014445e+01
   1.4045738e+01
   1.4076454e+01
   1.4107479e+01
   1.4140593e+01
   1.4171554e+01
   1.4202276e+01
   1.4233302e+01
   1.4264045e+01
   1.4295677e+01
   1.4326619e+01
   1.4357816e+01
   1.4389148e+01
   1.4420266e+01
   1.4451470e+01
   1.4482576e+01
   1.4513748e+01
   1.4544540e+01
   1.4575660e+01
   1.4606803e+01
   1.4637449e+01
   1.4667953e+01
   1.4699065e+01
   1.4729630e+01
   1.4761450e+01
   1.4792747e+01
   1.4823745e+01
   1.4854787e+01
   1.4885950e+01
   1.4916523e+01
   1.4947980e+01
   1.4978615e+01
   1.5012373e+01
   1.5045251e+01
   1.5076457e+01
   1.5107410e+01
   1.5137985e+01
   1.5169199e+01
   1.5200358e+01
   1.5231144e+01
   1.5262485e+01
   1.5292976e+01
   1.5324268e+01
   1.5363932e+01
   1.5396843e+01
   1.5427040e+01
   1.5457887e+01
   1.5488624e+01
   1.5519373e+01
   1.5549634e+01
   1.5580367e+01
   1.5615001e+01
   1.5647733e+01
   1.5678090e+01
   1.5709800e+01
   1.5740555e+01
   1.5770653e+01
   1.5801465e+01
   1.5832867e+01
   1.5865172e+01
   1.5896483e+01
   1.5927235e+01
   1.5958633e+01
   1.5989821e+01
   1.6021145e+01
   1.6052121e+01
   1.6083336e+01
   1.6114800e+01
   1.6146600e+01
   1.6177341e+01
   1.6208218e+01
   1.6239266e+01
   1.6270062e+01
   1.6305856e+01
   1.6339065e+01
   1.6371001e+01
   1.6401705e+01
   1.6432535e+01
   1.6463944e+01
   1.6495990e+01
   1.6526941e+01
   1.6558421e+01
   1.6589178e+01
   1.6620720e+01
   1.6652175e+01
   1.6683104e+01
   1.6715780e+01
   1.6746528e+01
   1.6778023e+01
   1.6809072e+01
   1.6841044e+01
   1.6871731e+01
   1.6903032e+01
   1.6933630e+01
   1.6964934e+01
   1.6996282e+01
   1.7027348e+01
   1.7058639e+01
   1.7090156e+01
   1.7121456e+01
   1.7152837e+01
   1.7183852e+01
   1.7214969e+01
   1.7247015e+01
   1.7279429e+01
   1.7311358e+01
   1.7343497e+01
   1.7374832e+01
   1.7412045e+01
   1.7445908e+01
   1.7478020e+01
   1.7512183e+01
   1.7543495e+01
   1.7575442e+01
   1.7606836e+01
   1.7637664e+01
   1.7668686e+01
   1.7700243e+01
   1.7731928e+01
   1.7764005e+01
   1.7795716e+01
   1.7829480e+01
   1.7863389e+01
   1.7894739e+01
   1.7927154e+01
   1.7958646e+01
   1.7990616e+01
   1.8024174e+01
   1.8055617e+01
   1.8087253e+01
   1.8119434e+01
   1.8151940e+01
   1.8183540e+01
   1.8216043e+01
   1.8247317e+01
   1.8279222e+01
   1.8310916e+01
   1.8344413e+01
   1.8376010e+01
   1.8407553e+01
   1.8439372e+01
   1.8471107e+01
   1.8502667e+01
   1.8534036e+01
   1.8565431e+01
   1.8598588e+01
   1.8630044e+01
   1.8662141e+01
   1.8694207e+01
   1.8725588e+01
   1.8757462e+01
   1.8789007e+01
   1.8821119e+01
   1.8853528e+01
   1.8885452e+01
   1.8917194e+01
   1.8948572e+01
   1.8983488e+01
   1.9017364e+01
   1.9048807e+01
   1.9080208e+01
   1.9111104e+01
   1.9142703e+01
   1.9174495e+01
   1.9205478e+01
   1.9238778e+01
   1.9269301e+01
   1.9299941e+01
   1.9331645e+01
   1.9362972e+01
   1.9394788e+01
   1.9426191e+01
   1.9458545e+01
   1.9489983e+01
   1.9523806e+01
   1.9557253e+01
   1.9589338e+01
   1.9620949e+01
   1.9652850e+01
   1.9684636e+01
   1.9717033e+01
   1.9748516e+01
   1.9779624e+01
   1.9811054e+01
   1.9842434e+01
   1.9874629e+01
   1.9905953e+01
   1.9939145e+01
   1.9971233e+01
   2.0002831e+01
   2.0034529e+01
   2.0065741e+01
   2.0097655e+01
   2.0128923e+01
   2.0160928e+01
   2.0192533e+01
   2.0224700e+01
   2.0256268e+01
   2.0289176e+01
   2.0320544e+01
   2.0352364e+01
   2.0383999e+01
   2.0416161e+01
   2.0448100e+01
   2.0480076e+01
   2.0513565e+01
   2.0544844e+01
   2.0576147e+01
   2.0608519e+01
   2.0640747e+01
   2.0672449e+01
   2.0704377e+01
   2.0736290e+01
   2.0767509e+01
   2.0798927e+01
   2.0835491e+01
   2.0868642e+01
   2.0900218e+01
   2.0931519e+01
   2.0963496e+01
   2.0999188e+01
   2.1032836e+01
   2.1064256e+01
   2.1096252e+01
   2.1127648e+01
   2.1160443e+01
   2.1191768e+01
   2.1223903e+01
   2.1256694e+01
   2.1287363e+01
   2.1318752e+01
   2.1350089e+01
   2.1381523e+01
   2.1412308e+01
   2.1445700e+01
   2.1478833e+01
   2.1509607e+01
   2.1540971e+01
   2.1572392e+01
   2.1603266e+01
   2.1635073e+01
   2.1665880e+01
   2.1698278e+01
   2.1729065e+01
   2.1759854e+01
   2.1793108e+01
   2.1824363e+01
   2.1859376e+01
   2.1892522e+01
   2.1924530e+01
   2.1955823e+01
   2.1986251e+01
   2.2017001e+01
   2.2048015e+01
   2.2078571e+01
   2.2111222e+01
   2.2144425e+01
   2.2175793e+01
   2.2207248e+01
   2.2238628e+01
   2.2269368e+01
   2.2300688e+01
   2.2331453e+01
   2.2362689e+01
   2.2393535e+01
   2.2424350e+01
   2.2457712e+01
   2.2489143e+01
   2.2520766e+01
   2.2552872e+01
   2.2584621e+01
   2.2615915e+01
   2.2647192e+01
   2.2678487e+01
   2.2712052e+01
   2.2745312e+01
   2.2776671e+01
   2.2808149e+01
   2.2840913e+01
   2.2872081e+01
   2.2904243e+01
   2.2936268e+01
   2.2968310e+01
   2.3000597e+01
   2.3032128e+01
   2.3070448e+01
   2.3104417e+01
   2.3135877e+01
   2.3167089e+01
   2.3198432e+01
   2.3234523e+01
   2.3268553e+01
   2.3300088e+01
   2.3331757e+01
   2.3363392e+01
   2.3394745e+01
   2.3426766e+01
   2.3458306e+01
   2.3489155e+01
   2.3519687e+01
   2.3550084e+01
   2.3581757e+01
   2.3613331e+01
   2.3644967e+01
   2.3676823e+01
   2.3707458e+01
   2.3738975e+01
   2.3769441e+01
   2.3801285e+01
   2.3835231e+01
   2.3866898e+01
   2.3898437e+01
   2.3930052e+01
   2.3962878e+01
   2.3994883e+01
   2.4026242e+01
   2.4057601e+01
   2.4089225e+01
   2.4121185e+01
   2.4152547e+01
   2.4184364e+01
   2.4216077e+01
   2.4247591e+01
   2.4278834e+01
   2.4310861e+01
   2.4344503e+01
   2.4375851e+01
   2.4407271e+01
   2.4438996e+01
   2.4470910e+01
   2.4504953e+01
   2.4539158e+01
   2.4570548e+01
   2.4602201e+01
   2.4634016e+01
   2.4666131e+01
   2.4697998e+01
   2.4731685e+01
   2.4765149e+01
   2.4797292e+01
   2.4829300e+01
   2.4860792e+01
   2.4892103e+01
   2.4926960e+01
   2.4960897e+01
   2.4992990e+01
   2.5026616e+01
   2.5057974e+01
   2.5089981e+01
   2.5121673e+01
   2.5155356e+01
   2.5188213e+01
   2.5220279e+01
   2.5252370e+01
   2.5284853e+01
   2.5316159e+01
   2.5347865e+01
   2.5379245e+01
   2.5411386e+01
   2.5443622e+01
   2.5475618e+01
   2.5508313e+01
   2.5540370e+01
   2.5572796e+01
   2.5605765e+01
   2.5638199e+01
   2.5669642e+01
   2.5701794e+01
   2.5733790e+01
   2.5766038e+01
   2.5798173e+01
   2.5830270e+01
   2.5862561e+01
   2.5894126e+01
   2.5926009e+01
   2.5960181e+01
   2.5992242e+01
   2.6024316e+01
   2.6055422e+01
   2.6087512e+01
   2.6119054e+01
   2.6151278e+01
   2.6183719e+01
   2.6215183e+01
   2.6245939e+01
   2.6277188e+01
   2.6308370e+01
   2.6339856e+01
   2.6373358e+01
   2.6404727e+01
   2.6437974e+01
   2.6470264e+01
   2.6502463e+01
   2.6534049e+01
   2.6565431e+01
   2.6602337e+01
   2.6636294e+01
   2.6667747e+01
   2.6699678e+01
   2.6731432e+01
   2.6763460e+01
   2.6795665e+01
   2.6827646e+01
   2.6859455e+01
   2.6891508e+01
   2.6923410e+01
   2.6956250e+01
   2.6987424e+01
   2.7020986e+01
   2.7052554e+01
   2.7084915e+01
   2.7117188e+01
   2.7150667e+01
   2.7186699e+01
   2.7220564e+01
   2.7251998e+01
   2.7283854e+01
   2.7316829e+01
   2.7348173e+01
   2.7379995e+01
   2.7411353e+01
   2.7442837e+01
   2.7474897e+01
   2.7507023e+01
   2.7539169e+01
   2.7570599e+01
   2.7606029e+01
   2.7640165e+01
   2.7672293e+01
   2.7706074e+01
   2.7737524e+01
   2.7769629e+01
   2.7802971e+01
   2.7835077e+01
   2.7867953e+01
   2.7900104e+01
   2.7931455e+01
   2.7963890e+01
   2.7995827e+01
   2.8027951e+01
   2.8061459e+01
   2.8092970e+01
   2.8125306e+01
   2.8156337e+01
   2.8187038e+01
   2.8218862e+01
   2.8250585e+01
   2.8282096e+01
   2.8313461e+01
   2.8344801e+01
   2.8378576e+01
   2.8409867e+01
   2.8442008e+01
   2.8473427e+01
   2.8505491e+01
   2.8537658e+01
   2.8569760e+01
   2.8601170e+01
   2.8633558e+01
   2.8666244e+01
   2.8698338e+01
   2.8731715e+01
   2.8763754e+01
   2.8796100e+01
   2.8829502e+01
   2.8862675e+01
   2.8894693e+01
   2.8926821e+01
   2.8959108e+01
   2.8990372e+01
   2.9023865e+01
   2.9055417e+01
   2.9087324e+01
   2.9118383e+01
   2.9150607e+01
   2.9182603e+01
   2.9214603e+01
   2.9247366e+01
   2.9278766e+01
   2.9310592e+01
   2.9341767e+01
   2.9373212e+01
   2.9404909e+01
   2.9436918e+01
   2.9469111e+01
   2.9500755e+01
   2.9532240e+01
   2.9563875e+01
   2.9595840e+01
   2.9629678e+01
   2.9662867e+01
   2.9694441e+01
   2.9726036e+01
   2.9758469e+01
   2.9790396e+01
   2.9822112e+01
   2.9853416e+01
   2.9885307e+01
   2.9917237e+01
   2.9948768e+01
   2.9980684e+01
   3.0012122e+01
   3.0044005e+01
   3.0076130e+01
   3.0108238e+01
   3.0139946e+01
   3.0172098e+01
   3.0203756e+01
   3.0235538e+01
   3.0266770e+01
   3.0300249e+01
   3.0331839e+01
   3.0363862e+01
   3.0395650e+01
   3.0426987e+01
   3.0458520e+01
   3.0490575e+01
   3.0526686e+01
   3.0559223e+01
   3.0593020e+01
   3.0626735e+01
   3.0659566e+01
   3.0692299e+01
   3.0725891e+01
   3.0760101e+01
   3.0793701e+01
   3.0826338e+01
   3.0859239e+01
   3.0891413e+01
   3.0924321e+01
   3.0957393e+01
   3.0990429e+01
   3.1023842e+01
   3.1056837e+01
   3.1088939e+01
   3.1121083e+01
   3.1154357e+01
   3.1187129e+01
   3.1220766e+01
   3.1253028e+01
   3.1286622e+01
   3.1318838e+01
   3.1351448e+01
   3.1385649e+01
   3.1419240e+01
   3.1453212e+01
   3.1486880e+01
   3.1519847e+01
   3.1553371e+01
   3.1586881e+01
   3.1620345e+01
   3.1653786e+01
   3.1686351e+01
   3.1719237e+01
   3.1752288e+01
   3.1786064e+01
   3.1821878e+01
   3.1854625e+01
   3.1888206e+01
   3.1921160e+01
   3.1954679e+01
   3.1987737e+01
   3.2021315e+01
   3.2055244e+01
   3.2088119e+01
   3.2122495e+01
   3.2155962e+01
   3.2188368e+01
   3.2221862e+01
   3.2255407e+01
   3.2288341e+01
   3.2322159e+01
   3.2355144e+01
   3.2387919e+01
   3.2421522e+01
   3.2455235e+01
   3.2487679e+01
   3.2521282e+01
   3.2554770e+01
   3.2592507e+01
   3.2625047e+01
   3.2657943e+01
   3.2690313e+01
   3.2723641e+01
   3.2756575e+01
   3.2789789e+01
   3.2828629e+01
   3.2861976e+01
   3.2894990e+01
   3.2927821e+01
   3.2961227e+01
   3.2994502e+01
   3.3027174e+01
   3.3059614e+01
   3.3092422e+01
   3.3126083e+01
   3.3158889e+01
   3.3192632e+01
   3.3225824e+01
   3.3259816e+01
   3.3293408e+01
   3.3326665e+01
   3.3360791e+01
   3.3393609e+01
   3.3427173e+01
   3.3460804e+01
   3.3494651e+01
   3.3528123e+01
   3.3561899e+01
   3.3595501e+01
   3.3628141e+01
   3.3661826e+01
   3.3695556e+01
   3.3729409e+01
   3.3762564e+01
   3.3795434e+01
   3.3828476e+01
   3.3861334e+01
   3.3894510e+01
   3.3927795e+01
   3.3961394e+01
   3.3994549e+01
   3.4026474e+01
   3.4059550e+01
   3.4091890e+01
   3.4124395e+01
   3.4156774e+01
   3.4190543e+01
   3.4223946e+01
   3.4257018e+01
   3.4289878e+01
   3.4322537e+01
   3.4355627e+01
   3.4389680e+01
   3.4423507e+01
   3.4456655e+01
   3.4490219e+01
   3.4523590e+01
   3.4557419e+01
   3.4590067e+01
   3.4623926e+01
   3.4658282e+01
   3.4690674e+01
   3.4723301e+01
   3.4755862e+01
   3.4788706e+01
   3.4822246e+01
   3.4856035e+01
   3.4889106e+01
   3.4921827e+01
   3.4955156e+01
   3.4987976e+01
   3.5021562e+01
   3.5055349e+01
   3.5088077e+01
   3.5122110e+01
   3.5155709e+01
   3.5189927e+01
   3.5222858e+01
   3.5256850e+01
   3.5290616e+01
   3.5323618e+01
   3.5357319e+01
   3.5390017e+01
   3.5423915e+01
   3.5457481e+01
   3.5490144e+01
   3.5523848e+01
   3.5557364e+01
   3.5590834e+01
   3.5624626e+01
   3.5658430e+01
   3.5691454e+01
   3.5723648e+01
   3.5755538e+01
   3.5789741e+01
   3.5823704e+01
   3.5857202e+01
   3.5890577e+01
   3.5923630e+01
   3.5956997e+01
   3.5990850e+01
   3.6027598e+01
