   1.8035197e-09
   3.2339078e-09
   5.1140462e-09
   6.3691566e-09
   7.7466289e-09
   8.8448403e-09
   1.0320989e-08
   1.1499699e-08
   1.2897951e-08
   1.4847080e-08
   1.5952322e-08
   1.7737751e-08
   1.9348546e-08
   2.1211549e-08
   2.2881867e-08
   2.4338268e-08
   2.5321933e-08
   2.7175430e-08
   2.8310984e-08
   2.9968259e-08
   3.1272814e-08
   3.2368480e-08
   3.3586819e-08
   3.5513940e-08
   3.7052614e-08
   3.8703239e-08
   4.0731913e-08
   4.2265341e-08
   4.3877878e-08
   4.4829822e-08
   4.6365125e-08
   4.7452780e-08
   4.8918353e-08
   5.0158045e-08
   5.1959903e-08
   5.3597499e-08
   5.5076815e-08
   5.6767968e-08
   5.8479271e-08
   5.9652892e-08
   6.0805352e-08
   6.1860705e-08
   6.3704414e-08
   6.5018565e-08
   6.6377922e-08
   6.7827810e-08
   6.9034717e-08
   7.0428299e-08
   7.1967186e-08
   7.3714048e-08
   7.5267353e-08
   7.6504219e-08
   7.8160130e-08
   7.9105672e-08
   8.0306495e-08
   8.1585355e-08
   8.3196092e-08
   8.4853894e-08
   8.6553642e-08
   8.7712182e-08
   8.9374456e-08
   9.0474103e-08
   9.2218928e-08
   9.3762091e-08
   9.5571419e-08
   9.7012777e-08
   9.8658450e-08
   1.0006462e-07
   1.0119811e-07
   1.0253166e-07
   1.0437618e-07
   1.0585199e-07
   1.0755411e-07
   1.0901753e-07
   1.1047435e-07
   1.1187068e-07
   1.1314379e-07
   1.1424984e-07
   1.1586803e-07
   1.1756688e-07
   1.1879138e-07
   1.2037028e-07
   1.2188184e-07
   1.2327986e-07
   1.2457466e-07
   1.2566294e-07
   1.2721660e-07
   1.2846704e-07
   1.2997084e-07
   1.3134293e-07
   1.3261535e-07
   1.3421764e-07
   1.3521429e-07
   1.3688344e-07
   1.3861874e-07
   1.3978965e-07
   1.4108911e-07
   1.4262330e-07
   1.4361204e-07
   1.4514912e-07
   1.4647895e-07
   1.4833687e-07
   1.4963769e-07
   1.5117680e-07
   1.5285066e-07
   1.5456250e-07
   1.5587216e-07
   1.5731487e-07
   1.5882716e-07
   1.6028941e-07
   1.6151594e-07
   1.6288514e-07
   1.6438528e-07
   1.6602305e-07
   1.6720903e-07
   1.6842240e-07
   1.6979543e-07
   1.7196809e-07
   1.7310593e-07
   1.7480850e-07
   1.7594654e-07
   1.7724445e-07
   1.7811603e-07
   1.7969082e-07
   1.8103627e-07
   1.8266058e-07
   1.8373850e-07
   1.8497728e-07
   1.8628538e-07
   1.8800375e-07
   1.8917566e-07
   1.9045068e-07
   1.9177179e-07
   1.9280948e-07
   1.9398298e-07
   1.9542178e-07
   1.9713635e-07
   1.9825820e-07
   1.9993989e-07
   2.0090584e-07
   2.0262607e-07
   2.0411473e-07
   2.0552769e-07
   2.0685050e-07
   2.0833332e-07
   2.0951863e-07
   2.1066570e-07
   2.1163519e-07
   2.1273079e-07
   2.1402283e-07
   2.1550470e-07
   2.1642919e-07
   2.1771543e-07
   2.1945214e-07
   2.2055472e-07
   2.2216577e-07
   2.2361907e-07
   2.2534278e-07
   2.2646064e-07
   2.2775714e-07
   2.2914251e-07
   2.3041266e-07
   2.3170355e-07
   2.3361928e-07
   2.3502719e-07
   2.3625598e-07
   2.3795235e-07
   2.3937482e-07
   2.4071594e-07
   2.4198244e-07
   2.4358356e-07
   2.4474522e-07
   2.4610690e-07
   2.4703911e-07
   2.4813910e-07
   2.4940071e-07
   2.5103086e-07
   2.5229662e-07
   2.5379394e-07
   2.5541087e-07
   2.5668536e-07
   2.5778034e-07
   2.5944073e-07
   2.6105034e-07
   2.6268668e-07
   2.6440448e-07
   2.6579336e-07
   2.6719351e-07
   2.6852070e-07
   2.6958420e-07
   2.7110050e-07
   2.7256400e-07
   2.7417896e-07
   2.7554170e-07
   2.7669908e-07
   2.7815782e-07
   2.7935113e-07
   2.8051296e-07
   2.8196482e-07
   2.8354675e-07
   2.8503486e-07
   2.8639035e-07
   2.8811396e-07
   2.8937797e-07
   2.9057765e-07
   2.9219279e-07
   2.9374291e-07
   2.9537609e-07
   2.9688813e-07
   2.9791926e-07
   2.9942496e-07
   3.0096688e-07
   3.0219869e-07
   3.0360629e-07
   3.0502593e-07
   3.0614603e-07
   3.0711433e-07
   3.0871772e-07
   3.0996329e-07
   3.1115555e-07
   3.1206543e-07
   3.1369478e-07
   3.1474928e-07
   3.1602014e-07
   3.1717335e-07
   3.1870158e-07
   3.2005744e-07
   3.2136479e-07
   3.2279823e-07
   3.2393633e-07
   3.2581605e-07
   3.2688971e-07
   3.2813693e-07
   3.2988673e-07
   3.3121531e-07
   3.3260936e-07
   3.3389361e-07
   3.3501910e-07
   3.3637318e-07
   3.3758616e-07
   3.3880780e-07
   3.3997622e-07
   3.4146745e-07
   3.4269520e-07
   3.4433620e-07
   3.4578718e-07
   3.4763808e-07
   3.4887990e-07
   3.4995333e-07
   3.5151658e-07
   3.5276616e-07
   3.5417518e-07
   3.5522918e-07
   3.5666329e-07
   3.5821499e-07
   3.5947605e-07
   3.6066719e-07
   3.6223260e-07
   3.6336122e-07
   3.6510296e-07
   3.6626777e-07
   3.6812456e-07
   3.6890013e-07
   3.7001324e-07
   3.7159880e-07
   3.7289707e-07
   3.7412662e-07
   3.7544218e-07
   3.7692243e-07
   3.7784432e-07
   3.7895170e-07
   3.8052076e-07
   3.8179495e-07
   3.8366895e-07
   3.8546714e-07
   3.8690794e-07
   3.8815222e-07
   3.8985596e-07
   3.9139456e-07
   3.9285092e-07
   3.9454391e-07
   3.9598293e-07
   3.9719622e-07
   3.9839092e-07
   4.0008611e-07
   4.0117480e-07
   4.0268053e-07
   4.0391556e-07
   4.0511731e-07
   4.0687235e-07
   4.0829283e-07
   4.0974438e-07
   4.1134822e-07
   4.1240305e-07
   4.1404661e-07
   4.1516000e-07
   4.1669654e-07
   4.1807881e-07
   4.1932093e-07
   4.2030069e-07
   4.2126249e-07
   4.2276490e-07
   4.2456625e-07
   4.2629652e-07
   4.2781385e-07
   4.2928023e-07
   4.3049354e-07
   4.3221749e-07
   4.3377594e-07
   4.3519838e-07
   4.3647534e-07
   4.3810744e-07
   4.3954372e-07
   4.4087999e-07
   4.4241200e-07
   4.4404402e-07
   4.4557566e-07
   4.4693901e-07
   4.4800829e-07
   4.4954323e-07
   4.5104019e-07
   4.5221575e-07
   4.5372358e-07
   4.5521189e-07
   4.5689541e-07
   4.5867517e-07
   4.6026579e-07
   4.6164904e-07
   4.6290092e-07
   4.6383358e-07
   4.6479852e-07
   4.6612203e-07
   4.6699190e-07
   4.6877781e-07
   4.7024895e-07
   4.7121781e-07
   4.7240100e-07
   4.7367565e-07
   4.7521591e-07
   4.7680696e-07
   4.7810085e-07
   4.7928536e-07
   4.8073297e-07
   4.8211786e-07
   4.8363866e-07
   4.8533726e-07
   4.8653054e-07
   4.8777804e-07
   4.8870844e-07
   4.9002976e-07
   4.9156531e-07
   4.9312746e-07
   4.9496359e-07
   4.9627849e-07
   4.9724381e-07
   4.9840258e-07
   4.9967527e-07
   5.0106783e-07
   5.0249729e-07
   5.0394967e-07
   5.0493304e-07
   5.0643152e-07
   5.0831701e-07
   5.0993096e-07
   5.1107355e-07
   5.1242400e-07
   5.1339672e-07
   5.1471855e-07
   5.1580701e-07
   5.1706723e-07
   5.1855242e-07
   5.1999275e-07
   5.2098000e-07
   5.2237280e-07
   5.2369139e-07
   5.2542166e-07
   5.2655042e-07
   5.2818044e-07
   5.2961125e-07
   5.3073308e-07
   5.3213751e-07
   5.3319798e-07
   5.3476656e-07
   5.3589623e-07
   5.3688325e-07
   5.3788223e-07
   5.3924458e-07
   5.4069981e-07
   5.4162100e-07
   5.4274808e-07
   5.4419685e-07
   5.4526209e-07
   5.4673650e-07
   5.4836178e-07
   5.4982966e-07
   5.5097474e-07
   5.5236663e-07
   5.5399719e-07
   5.5522361e-07
   5.5681166e-07
   5.5811829e-07
   5.5940090e-07
   5.6068802e-07
   5.6230663e-07
   5.6361284e-07
   5.6489948e-07
   5.6627164e-07
   5.6780043e-07
   5.6918147e-07
   5.7060169e-07
   5.7217797e-07
   5.7357010e-07
   5.7479286e-07
   5.7595170e-07
   5.7738505e-07
   5.7874200e-07
   5.8053342e-07
   5.8172620e-07
   5.8344244e-07
   5.8473763e-07
   5.8622984e-07
   5.8791105e-07
   5.8899065e-07
   5.9073575e-07
   5.9179327e-07
   5.9321104e-07
   5.9449251e-07
   5.9578250e-07
   5.9728993e-07
   5.9842841e-07
   5.9947014e-07
   6.0077251e-07
   6.0226251e-07
   6.0359197e-07
   6.0468237e-07
   6.0580111e-07
   6.0724690e-07
   6.0843079e-07
   6.0959820e-07
   6.1059105e-07
   6.1183511e-07
   6.1308498e-07
   6.1424149e-07
   6.1538491e-07
   6.1681185e-07
   6.1813632e-07
   6.1983573e-07
   6.2122441e-07
   6.2240744e-07
   6.2354482e-07
   6.2484227e-07
   6.2615649e-07
   6.2783399e-07
   6.2920361e-07
   6.3035654e-07
   6.3181120e-07
   6.3321726e-07
   6.3457234e-07
   6.3563774e-07
   6.3678296e-07
   6.3791251e-07
   6.3941717e-07
   6.4079925e-07
   6.4240838e-07
   6.4351585e-07
   6.4511749e-07
   6.4639072e-07
   6.4784488e-07
   6.4880700e-07
   6.5008005e-07
   6.5169037e-07
   6.5348381e-07
   6.5485417e-07
   6.5552713e-07
   6.5701683e-07
   6.5821513e-07
   6.5939162e-07
   6.6082585e-07
   6.6175495e-07
   6.6289473e-07
   6.6474655e-07
   6.6645710e-07
   6.6758425e-07
   6.6905698e-07
   6.7050183e-07
   6.7181083e-07
   6.7352859e-07
   6.7465293e-07
   6.7567870e-07
   6.7699147e-07
   6.7856596e-07
   6.8033258e-07
   6.8149726e-07
   6.8279149e-07
   6.8419596e-07
   6.8547661e-07
   6.8712969e-07
   6.8829842e-07
   6.8956864e-07
   6.9067107e-07
   6.9685579e-07
   7.0219080e-07
   7.0811322e-07
   7.1361048e-07
   7.1965661e-07
   7.2441447e-07
   7.3148973e-07
   7.3766719e-07
   7.4233504e-07
   7.4644976e-07
   7.5477346e-07
   7.6032172e-07
   7.6490789e-07
   7.6813744e-07
   7.7195540e-07
   7.7688301e-07
   7.8107744e-07
   7.8474685e-07
   7.8960701e-07
   7.9353515e-07
   7.9903459e-07
   8.0413351e-07
   8.0961543e-07
   8.1594642e-07
   8.2132897e-07
   8.2711249e-07
   8.3421253e-07
   8.4144298e-07
   8.4566529e-07
   8.5099350e-07
   8.5507653e-07
   8.6043564e-07
   8.6521836e-07
   8.7203357e-07
   8.7755296e-07
   8.8232539e-07
   8.8771016e-07
   8.9367972e-07
   9.0055013e-07
   9.0725832e-07
   9.1304740e-07
   9.1920891e-07
   9.2435187e-07
   9.3108513e-07
   9.3661103e-07
   9.4245825e-07
   9.4768470e-07
   9.5294593e-07
   9.5779246e-07
   9.6278668e-07
   9.6927713e-07
   9.7508424e-07
   9.8101557e-07
   9.8680474e-07
   9.9266840e-07
   9.9861626e-07
   1.0041656e-06
   1.0107045e-06
   1.0179522e-06
   1.0231692e-06
   1.0309951e-06
   1.0366396e-06
   1.0427879e-06
   1.0475170e-06
   1.0519143e-06
   1.0569468e-06
   1.0639276e-06
   1.0683951e-06
   1.0734556e-06
   1.0797312e-06
   1.0853891e-06
   1.0922301e-06
   1.0957646e-06
   1.1020304e-06
   1.1098327e-06
   1.1150350e-06
   1.1211927e-06
   1.1281566e-06
   1.1310612e-06
   1.1361129e-06
   1.1420202e-06
   1.1462969e-06
   1.1529199e-06
   1.1572984e-06
   1.1633440e-06
   1.1698313e-06
   1.1762820e-06
   1.1817805e-06
   1.1867219e-06
   1.1924905e-06
   1.1961887e-06
   1.2013184e-06
   1.2078666e-06
   1.2134069e-06
   1.2193444e-06
   1.2241842e-06
   1.2304472e-06
   1.2365114e-06
   1.2433156e-06
   1.2485972e-06
   1.2556259e-06
   1.2610157e-06
   1.2665050e-06
   1.2716916e-06
   1.2781117e-06
   1.2837655e-06
   1.2890897e-06
   1.2941557e-06
   1.2993746e-06
   1.3035026e-06
   1.3098335e-06
   1.3134772e-06
   1.3192356e-06
   1.3243716e-06
   1.3309527e-06
   1.3363892e-06
   1.3413788e-06
   1.3461825e-06
   1.3511248e-06
   1.3574059e-06
   1.3630205e-06
   1.3676607e-06
   1.3708507e-06
   1.3777690e-06
   1.3841604e-06
   1.3894514e-06
   1.3935708e-06
   1.3984890e-06
   1.4032963e-06
   1.4074798e-06
   1.4134956e-06
   1.4209896e-06
   1.4250143e-06
   1.4296328e-06
   1.4368568e-06
   1.4423756e-06
   1.4478666e-06
   1.4533590e-06
   1.4590755e-06
   1.4632514e-06
   1.4693181e-06
   1.4755437e-06
   1.4798293e-06
   1.4849501e-06
   1.4903483e-06
   1.4940447e-06
   1.5002784e-06
   1.5062023e-06
   1.5121569e-06
   1.5176627e-06
   1.5239162e-06
   1.5269254e-06
   1.5337129e-06
   1.5393960e-06
   1.5436575e-06
   1.5490827e-06
   1.5540306e-06
   1.5594090e-06
   1.5651698e-06
   1.5726813e-06
   1.5768019e-06
   1.5816993e-06
   1.5858178e-06
   1.5912868e-06
   1.5976926e-06
   1.6026896e-06
   1.6094574e-06
   1.6151742e-06
   1.6200073e-06
   1.6250699e-06
   1.6306987e-06
   1.6377755e-06
   1.6438043e-06
   1.6481827e-06
   1.6519088e-06
   1.6555786e-06
   1.6593533e-06
   1.6650845e-06
   1.6707312e-06
   1.6759145e-06
   1.6820676e-06
   1.6881267e-06
   1.6935158e-06
   1.6997726e-06
   1.7061420e-06
   1.7127772e-06
   1.7195231e-06
   1.7239520e-06
   1.7294628e-06
   1.7363010e-06
   1.7422090e-06
   1.7483652e-06
   1.7547808e-06
   1.7600525e-06
   1.7643165e-06
   1.7690248e-06
   1.7736959e-06
   1.7796820e-06
   1.7849507e-06
   1.7904738e-06
   1.7955105e-06
   1.8009192e-06
   1.8059660e-06
   1.8110524e-06
   1.8175048e-06
   1.8216997e-06
   1.8274593e-06
   1.8331799e-06
   1.8401512e-06
   1.8469290e-06
   1.8518116e-06
   1.8557830e-06
   1.8625729e-06
   1.8696783e-06
   1.8759611e-06
   1.8811124e-06
   1.8861136e-06
   1.8915191e-06
   1.8984499e-06
   1.9017932e-06
   1.9074807e-06
   1.9135847e-06
   1.9175184e-06
   1.9223958e-06
   1.9276958e-06
   1.9335441e-06
   1.9386828e-06
   1.9445280e-06
   1.9494366e-06
   1.9553563e-06
   1.9586688e-06
   1.9649363e-06
   1.9697489e-06
   1.9739812e-06
   1.9789031e-06
   1.9833404e-06
   1.9875838e-06
   1.9927014e-06
   1.9980586e-06
   2.0023886e-06
   2.0077953e-06
   2.0138515e-06
   2.0208679e-06
   2.0254016e-06
   2.0300704e-06
   2.0359345e-06
   2.0421222e-06
   2.0483385e-06
   2.0527150e-06
   2.0582613e-06
   2.0636506e-06
   2.0703285e-06
   2.0766760e-06
   2.0821468e-06
   2.0871543e-06
   2.0934599e-06
   2.0980575e-06
   2.1028071e-06
   2.1097462e-06
   2.1141827e-06
   2.1196756e-06
   2.1246642e-06
   2.1304433e-06
   2.1341640e-06
   2.1394011e-06
   2.1450627e-06
   2.1494900e-06
   2.1540062e-06
   2.1592212e-06
   2.1651822e-06
   2.1694997e-06
   2.1746051e-06
   2.1794383e-06
   2.1860963e-06
   2.1909170e-06
   2.1979579e-06
   2.2038699e-06
   2.2102012e-06
   2.2145913e-06
   2.2217563e-06
   2.2257250e-06
   2.2315060e-06
   2.2370530e-06
   2.2432899e-06
   2.2468781e-06
   2.2519333e-06
   2.2568934e-06
   2.2625729e-06
   2.2675087e-06
   2.2712750e-06
   2.2764488e-06
   2.2814958e-06
   2.2854006e-06
   2.2909927e-06
   2.2968351e-06
   2.3016545e-06
   2.3077717e-06
   2.3150963e-06
   2.3181705e-06
   2.3244144e-06
   2.3299316e-06
   2.3359674e-06
   2.3401675e-06
   2.3460234e-06
   2.3527400e-06
   2.3562639e-06
   2.3609225e-06
   2.3675558e-06
   2.3716836e-06
   2.3773177e-06
   2.3830883e-06
   2.3869923e-06
   2.3923292e-06
   2.3973510e-06
   2.4015131e-06
   2.4077480e-06
   2.4132023e-06
   2.4179910e-06
   2.4233857e-06
   2.4279927e-06
   2.4336826e-06
   2.4387291e-06
   2.4442365e-06
   2.4479243e-06
   2.4525917e-06
   2.4565029e-06
   2.4617482e-06
   2.4676586e-06
   2.4739351e-06
   2.4777413e-06
   2.4823909e-06
   2.4867690e-06
   2.4923693e-06
   2.4980499e-06
   2.5036756e-06
   2.5109903e-06
   2.5168185e-06
   2.5226299e-06
   2.5269857e-06
   2.5322455e-06
   2.5356398e-06
   2.5412473e-06
   2.5461309e-06
   2.5511301e-06
   2.5560662e-06
   2.5609577e-06
   2.5662399e-06
   2.5705263e-06
   2.5757837e-06
   2.5804587e-06
   2.5864936e-06
   2.5910968e-06
   2.5946049e-06
   2.5995558e-06
   2.6043129e-06
   2.6109335e-06
   2.6169944e-06
   2.6214148e-06
   2.6258532e-06
   2.6312898e-06
   2.6367515e-06
   2.6416673e-06
   2.6475162e-06
   2.6518637e-06
   2.6568375e-06
   2.6607558e-06
   2.6652070e-06
   2.6704445e-06
   2.6747714e-06
   2.6813231e-06
   2.6874985e-06
   2.6922000e-06
   2.6967132e-06
   2.7019755e-06
   2.7066405e-06
   2.7116906e-06
   2.7167325e-06
   2.7216185e-06
   2.7255646e-06
   2.7324094e-06
   2.7371620e-06
   2.7418994e-06
   2.7470162e-06
   2.7522202e-06
   2.7574428e-06
   2.7614903e-06
   2.7669991e-06
   2.7706839e-06
   2.7745841e-06
   2.7777638e-06
   2.7821491e-06
   2.7871135e-06
   2.7918154e-06
   2.7968264e-06
   2.8008475e-06
   2.8057493e-06
   2.8092617e-06
   2.8147138e-06
   2.8185847e-06
   2.8228566e-06
   2.8288068e-06
   2.8359092e-06
   2.8416821e-06
   2.8471144e-06
   2.8543967e-06
   2.8599495e-06
   2.8652702e-06
   2.8710331e-06
   2.8755933e-06
   2.8784613e-06
   2.8824363e-06
   2.8879314e-06
   2.8936866e-06
   2.8982002e-06
   2.9012189e-06
   2.9061773e-06
   2.9115313e-06
   2.9167756e-06
   2.9206231e-06
   2.9267527e-06
   2.9312588e-06
   2.9363808e-06
   2.9417380e-06
   2.9450138e-06
   2.9516792e-06
   2.9582011e-06
   2.9626156e-06
   2.9682567e-06
   2.9743366e-06
   2.9782192e-06
   2.9835323e-06
   2.9888169e-06
   2.9932204e-06
   2.9979511e-06
   3.0036405e-06
   3.0087312e-06
   3.0126378e-06
   3.0161675e-06
   3.0226609e-06
   3.0282603e-06
   3.0333419e-06
   3.0383236e-06
   3.0433839e-06
   3.0484737e-06
   3.0531888e-06
   3.0575999e-06
   3.0616525e-06
   3.0675247e-06
   3.0721934e-06
   3.0762614e-06
   3.0813507e-06
   3.0881668e-06
   3.0932774e-06
   3.0984704e-06
   3.1037314e-06
   3.1105387e-06
   3.1151918e-06
   3.1210364e-06
   3.1256750e-06
   3.1315267e-06
   3.1359091e-06
   3.1402728e-06
   3.1448548e-06
   3.1506364e-06
   3.1549299e-06
   3.1610910e-06
   3.1663079e-06
   3.1697173e-06
   3.1756467e-06
   3.1799423e-06
   3.1865147e-06
   3.1927517e-06
   3.1987325e-06
   3.2034750e-06
   3.2093262e-06
   3.2136192e-06
   3.2189892e-06
   3.2229199e-06
   3.2265689e-06
   3.2320668e-06
   3.2366523e-06
   3.2406012e-06
   3.2460412e-06
   3.2515782e-06
   3.2552556e-06
   3.2592259e-06
   3.2622176e-06
   3.2669293e-06
   3.2707040e-06
   3.2743476e-06
   3.2805262e-06
   3.2869364e-06
   3.2900344e-06
   3.2953068e-06
   3.3002427e-06
   3.3045042e-06
   3.3088785e-06
   3.3144561e-06
   3.3205992e-06
   3.3273707e-06
