   3.1029762e-06
   1.0042680e-05
   1.7298186e-05
   2.0181962e-05
   2.3350023e-05
   2.7856659e-05
   3.0867360e-05
   3.4113280e-05
   3.8091398e-05
   4.4488219e-05
   5.1516525e-05
   5.3374396e-05
   5.8310628e-05
   6.2350836e-05
   6.6951617e-05
   7.2001542e-05
   7.8121515e-05
   8.3188874e-05
   8.7684771e-05
   9.3345719e-05
   9.8935124e-05
   1.0334311e-04
   1.0817954e-04
   1.1093153e-04
   1.1240603e-04
   1.1603771e-04
   1.1983372e-04
   1.2461731e-04
   1.2911268e-04
   1.3371617e-04
   1.4025827e-04
   1.4555384e-04
   1.4766308e-04
   1.5216818e-04
   1.5705820e-04
   1.5971689e-04
   1.6267890e-04
   1.6719397e-04
   1.7204812e-04
   1.7589208e-04
   1.7701510e-04
   1.8191690e-04
   1.8666091e-04
   1.9157767e-04
   1.9705419e-04
   2.0382949e-04
   2.0701867e-04
   2.1153063e-04
   2.1554014e-04
   2.1954906e-04
   2.2629766e-04
   2.3262814e-04
   2.3868507e-04
   2.4291665e-04
   2.4735207e-04
   2.5232649e-04
   2.5626768e-04
   2.5786465e-04
   2.6162615e-04
   2.6708295e-04
   2.7120969e-04
   2.7548292e-04
   2.7888908e-04
   2.8122104e-04
   2.8654190e-04
   2.9015702e-04
   2.9423949e-04
   2.9870042e-04
   3.0177028e-04
   3.0598281e-04
   3.1006524e-04
   3.1510856e-04
   3.1867219e-04
   3.2525026e-04
   3.3033202e-04
   3.3284320e-04
   3.3603060e-04
   3.4084116e-04
   3.4324601e-04
   3.4637668e-04
   3.5002719e-04
   3.5432875e-04
   3.6069118e-04
   3.6528145e-04
   3.6863344e-04
   3.7217295e-04
   3.7538848e-04
   3.7966002e-04
   3.8300181e-04
   3.8818577e-04
   3.9326224e-04
   3.9961436e-04
   4.0441225e-04
   4.0903443e-04
   4.1400568e-04
   4.1720206e-04
   4.1980736e-04
   4.2412333e-04
   4.2817806e-04
   4.3415602e-04
   4.3992312e-04
   4.4582981e-04
   4.5035320e-04
   4.5374009e-04
   4.5675938e-04
   4.6167639e-04
   4.6491377e-04
   4.7172997e-04
   4.7783992e-04
   4.8239936e-04
   4.8632915e-04
   4.8986920e-04
   4.9367428e-04
   4.9923351e-04
   5.0430798e-04
   5.0737552e-04
   5.1255900e-04
   5.1955927e-04
   5.2381046e-04
   5.2842934e-04
   5.3301057e-04
   5.3858995e-04
   5.4367041e-04
   5.4697555e-04
   5.5186944e-04
   5.5829100e-04
   5.6187105e-04
   5.6570900e-04
   5.6881511e-04
   5.7236637e-04
   5.7503990e-04
   5.7946834e-04
   5.8206219e-04
   5.8638760e-04
   5.8858373e-04
   5.9414795e-04
   5.9819641e-04
   6.0233254e-04
   6.0718962e-04
   6.1326801e-04
   6.1551960e-04
   6.1986626e-04
   6.2413508e-04
   6.2911825e-04
   6.3342252e-04
   6.3836670e-04
   6.4080571e-04
   6.4372883e-04
   6.4606620e-04
   6.4866255e-04
   6.5346449e-04
   6.5867686e-04
   6.6297751e-04
   6.6832508e-04
   6.7281161e-04
   6.7466683e-04
   6.7989263e-04
   6.8439432e-04
   6.8717377e-04
   6.9170199e-04
   6.9562780e-04
   6.9843695e-04
   7.0272471e-04
   7.0680743e-04
   7.0991544e-04
   7.1532420e-04
   7.1791537e-04
   7.2129096e-04
   7.2568991e-04
   7.2978455e-04
   7.3478382e-04
   7.3798085e-04
   7.4327469e-04
   7.4589734e-04
   7.4840919e-04
   7.5134098e-04
   7.5675159e-04
   7.6173060e-04
   7.6468005e-04
   7.6774183e-04
   7.7195942e-04
   7.7750835e-04
   7.8076774e-04
   7.8545431e-04
   7.8918069e-04
   7.9294064e-04
   7.9683220e-04
   7.9904001e-04
   8.0462826e-04
   8.0975006e-04
   8.1092742e-04
   8.1691827e-04
   8.2204037e-04
   8.2687109e-04
   8.3119390e-04
   8.3513201e-04
   8.3930011e-04
   8.4524114e-04
   8.5100555e-04
   8.5445099e-04
   8.6003495e-04
   8.6466854e-04
   8.6822531e-04
   8.7063320e-04
   8.7568940e-04
   8.8263339e-04
   8.8868811e-04
   8.9383402e-04
   8.9983816e-04
   9.0601137e-04
   9.0961470e-04
   9.1352583e-04
   9.1698061e-04
   9.2196766e-04
   9.2740966e-04
   9.2965808e-04
   9.3510187e-04
   9.3830861e-04
   9.4377646e-04
   9.4740548e-04
   9.5362877e-04
   9.5799355e-04
   9.6101135e-04
   9.6646257e-04
   9.7113353e-04
   9.7413125e-04
   9.7834215e-04
   9.8249322e-04
   9.8688222e-04
   9.9230064e-04
   9.9804635e-04
   1.0021699e-03
   1.0063201e-03
   1.0112603e-03
   1.0144589e-03
   1.0179740e-03
   1.0200489e-03
   1.0228795e-03
   1.0276817e-03
   1.0325671e-03
   1.0377250e-03
   1.0406997e-03
   1.0459127e-03
   1.0513377e-03
   1.0541867e-03
   1.0596813e-03
   1.0647255e-03
   1.0704980e-03
   1.0752101e-03
   1.0800805e-03
   1.0836169e-03
   1.0885887e-03
   1.0936670e-03
   1.0957024e-03
   1.0999927e-03
   1.1025723e-03
   1.1065671e-03
   1.1127989e-03
   1.1189523e-03
   1.1226875e-03
   1.1283735e-03
   1.1356085e-03
   1.1388699e-03
   1.1436964e-03
   1.1488714e-03
   1.1518164e-03
   1.1534756e-03
   1.1578366e-03
   1.1628136e-03
   1.1657851e-03
   1.1715239e-03
   1.1752739e-03
   1.1792024e-03
   1.1822614e-03
   1.1879291e-03
   1.1944345e-03
   1.1985921e-03
   1.2017318e-03
   1.2074032e-03
   1.2122835e-03
   1.2179756e-03
   1.2214030e-03
   1.2240736e-03
   1.2300249e-03
   1.2360681e-03
   1.2394963e-03
   1.2417009e-03
   1.2469803e-03
   1.2515924e-03
   1.2553570e-03
   1.2602716e-03
   1.2655007e-03
   1.2703868e-03
   1.2743863e-03
   1.2793202e-03
   1.2841115e-03
   1.2893011e-03
   1.2933220e-03
   1.2972206e-03
   1.2991621e-03
   1.3035214e-03
   1.3059991e-03
   1.3104890e-03
   1.3152190e-03
   1.3172445e-03
   1.3214565e-03
   1.3269751e-03
   1.3315721e-03
   1.3365287e-03
   1.3402225e-03
   1.3451913e-03
   1.3494294e-03
   1.3545299e-03
   1.3581699e-03
   1.3610141e-03
   1.3639768e-03
   1.3684128e-03
   1.3723485e-03
   1.3771044e-03
   1.3807747e-03
   1.3860373e-03
   1.3904526e-03
   1.3925964e-03
   1.3975854e-03
   1.4036527e-03
   1.4076251e-03
   1.4105243e-03
   1.4154006e-03
   1.4204013e-03
   1.4230341e-03
   1.4279214e-03
   1.4335464e-03
   1.4397807e-03
   1.4436197e-03
   1.4480100e-03
   1.4504728e-03
   1.4523506e-03
   1.4556154e-03
   1.4582771e-03
   1.4625276e-03
   1.4673631e-03
   1.4710276e-03
   1.4749125e-03
   1.4797619e-03
   1.4823876e-03
   1.4868112e-03
   1.4910569e-03
   1.4938821e-03
   1.4972323e-03
   1.5012547e-03
   1.5068501e-03
   1.5109271e-03
   1.5155587e-03
   1.5185543e-03
   1.5217360e-03
   1.5237658e-03
   1.5288070e-03
   1.5306135e-03
   1.5354565e-03
   1.5401262e-03
   1.5441012e-03
   1.5466559e-03
   1.5506884e-03
   1.5566145e-03
   1.5613457e-03
   1.5653045e-03
   1.5690946e-03
   1.5716898e-03
   1.5743959e-03
   1.5773794e-03
   1.5798017e-03
   1.5846001e-03
   1.5907939e-03
   1.5965630e-03
   1.6027376e-03
   1.6092724e-03
   1.6131990e-03
   1.6177598e-03
   1.6237879e-03
   1.6291000e-03
   1.6332035e-03
   1.6375324e-03
   1.6409065e-03
   1.6433966e-03
   1.6452971e-03
   1.6494530e-03
   1.6556284e-03
   1.6617830e-03
   1.6650657e-03
   1.6698597e-03
   1.6757304e-03
   1.6811809e-03
   1.6852769e-03
   1.6892679e-03
   1.6941737e-03
   1.7006271e-03
   1.7030006e-03
   1.7089978e-03
   1.7129234e-03
   1.7166263e-03
   1.7216020e-03
   1.7259400e-03
   1.7301659e-03
   1.7325508e-03
   1.7375653e-03
   1.7422743e-03
   1.7468479e-03
   1.7507646e-03
   1.7559710e-03
   1.7609920e-03
   1.7644487e-03
   1.7679894e-03
   1.7696287e-03
   1.7737560e-03
   1.7791319e-03
   1.7822865e-03
   1.7873710e-03
   1.7909195e-03
   1.7952440e-03
   1.7988234e-03
   1.8031628e-03
   1.8081202e-03
   1.8131059e-03
   1.8193486e-03
   1.8253111e-03
   1.8284415e-03
   1.8330737e-03
   1.8389065e-03
   1.8422716e-03
   1.8466778e-03
   1.8504134e-03
   1.8539268e-03
   1.8594469e-03
   1.8655168e-03
   1.8670574e-03
   1.8705012e-03
   1.8760569e-03
   1.8816240e-03
   1.8878939e-03
   1.8943307e-03
   1.8997389e-03
   1.9036508e-03
   1.9089095e-03
   1.9139558e-03
   1.9202568e-03
   1.9238127e-03
   1.9269267e-03
   1.9305304e-03
   1.9325807e-03
   1.9384903e-03
   1.9437047e-03
   1.9476827e-03
   1.9523678e-03
   1.9563501e-03
   1.9609789e-03
   1.9666689e-03
   1.9725246e-03
   1.9776393e-03
   1.9807111e-03
   1.9840353e-03
   1.9884423e-03
   1.9936060e-03
   1.9978744e-03
   2.0022354e-03
   2.0066083e-03
   2.0098667e-03
   2.0152768e-03
   2.0199184e-03
   2.0227233e-03
   2.0280671e-03
   2.0324234e-03
   2.0363501e-03
   2.0417410e-03
   2.0483229e-03
   2.0537432e-03
   2.0564569e-03
   2.0615422e-03
   2.0650838e-03
   2.0686493e-03
   2.0739609e-03
   2.0758945e-03
   2.0796352e-03
   2.0836057e-03
   2.0876040e-03
   2.0933322e-03
   2.0971992e-03
   2.1010040e-03
   2.1028915e-03
   2.1067598e-03
   2.1101664e-03
   2.1135997e-03
   2.1196508e-03
   2.1242909e-03
   2.1297253e-03
   2.1358874e-03
   2.1396453e-03
   2.1441588e-03
   2.1457509e-03
   2.1483225e-03
   2.1688465e-03
   2.1771874e-03
   2.1847368e-03
   2.1898453e-03
   2.1971013e-03
   2.2023472e-03
   2.2114903e-03
   2.2219802e-03
   2.2299257e-03
   2.2372600e-03
   2.2521619e-03
   2.2609088e-03
   2.2730835e-03
   2.2795398e-03
   2.2828549e-03
   2.2913523e-03
   2.2995358e-03
   2.3078329e-03
   2.3167808e-03
   2.3266485e-03
   2.3363382e-03
   2.3472650e-03
   2.3547177e-03
   2.3637327e-03
   2.3699110e-03
   2.3754426e-03
   2.3815613e-03
   2.3885266e-03
   2.3978471e-03
   2.4071881e-03
   2.4166939e-03
   2.4263291e-03
   2.4354339e-03
   2.4455591e-03
   2.4548045e-03
   2.4597112e-03
   2.4654752e-03
   2.4726972e-03
   2.4838157e-03
   2.4909828e-03
   2.4957364e-03
   2.5003983e-03
   2.5049696e-03
   2.5143961e-03
   2.5209924e-03
   2.5270773e-03
   2.5342851e-03
   2.5463461e-03
   2.5597015e-03
   2.5730112e-03
   2.5826620e-03
   2.5897110e-03
   2.5994936e-03
   2.6089576e-03
   2.6126688e-03
   2.6226106e-03
   2.6323235e-03
   2.6427111e-03
   2.6514748e-03
   2.6625694e-03
   2.6720724e-03
   2.6784469e-03
   2.6853344e-03
   2.6965638e-03
   2.7022805e-03
   2.7098859e-03
   2.7171246e-03
   2.7269178e-03
   2.7328817e-03
   2.7442845e-03
   2.7494965e-03
   2.7585158e-03
   2.7704847e-03
   2.7804171e-03
   2.7901585e-03
   2.8003895e-03
   2.8078275e-03
   2.8179904e-03
   2.8326216e-03
   2.8451378e-03
   2.8571583e-03
   2.8657201e-03
   2.8763711e-03
   2.8898598e-03
   2.8996904e-03
   2.9080854e-03
   2.9142895e-03
   2.9211819e-03
   2.9240482e-03
   2.9309167e-03
   2.9393616e-03
   2.9472543e-03
   2.9585895e-03
   2.9684792e-03
   2.9772528e-03
   2.9901836e-03
   2.9997446e-03
   3.0145602e-03
   3.0266847e-03
   3.0336558e-03
   3.0463349e-03
   3.0553297e-03
   3.0608463e-03
   3.0688543e-03
   3.0763838e-03
   3.0870486e-03
   3.0934344e-03
   3.0994107e-03
   3.1090441e-03
   3.1150071e-03
   3.1235859e-03
   3.1330119e-03
   3.1404424e-03
   3.1466960e-03
   3.1537688e-03
   3.1649872e-03
   3.1759542e-03
   3.1854078e-03
   3.1923164e-03
   3.2029462e-03
   3.2152390e-03
   3.2261017e-03
   3.2358032e-03
   3.2497564e-03
   3.2556821e-03
   3.2605971e-03
   3.2719142e-03
   3.2785894e-03
   3.2908930e-03
   3.2973572e-03
   3.3114403e-03
   3.3201670e-03
   3.3347644e-03
   3.3446117e-03
   3.3531965e-03
   3.3613795e-03
   3.3683499e-03
   3.3810569e-03
   3.3892952e-03
   3.3982189e-03
   3.4072927e-03
   3.4190469e-03
   3.4273909e-03
   3.4363721e-03
   3.4471196e-03
   3.4552112e-03
   3.4680604e-03
   3.4787685e-03
   3.4860921e-03
   3.4923333e-03
   3.4994075e-03
   3.5107613e-03
   3.5233853e-03
   3.5331347e-03
   3.5419475e-03
   3.5490705e-03
   3.5602950e-03
   3.5681021e-03
   3.5748691e-03
   3.5822270e-03
   3.5969417e-03
   3.6031717e-03
   3.6065630e-03
   3.6136372e-03
   3.6191123e-03
   3.6270093e-03
   3.6374560e-03
   3.6512343e-03
   3.6609024e-03
   3.6721820e-03
   3.6781878e-03
   3.6885986e-03
   3.6970022e-03
   3.7062754e-03
   3.7137711e-03
   3.7191986e-03
   3.7249035e-03
   3.7352638e-03
   3.7467006e-03
   3.7484667e-03
   3.7566997e-03
   3.7663824e-03
   3.7753016e-03
   3.7826387e-03
   3.7884064e-03
   3.7939025e-03
   3.8002003e-03
   3.8096372e-03
   3.8174236e-03
   3.8239352e-03
   3.8287966e-03
   3.8357057e-03
   3.8460042e-03
   3.8548532e-03
   3.8640020e-03
   3.8732905e-03
   3.8799840e-03
   3.8887103e-03
   3.9010702e-03
   3.9121842e-03
   3.9227284e-03
   3.9291004e-03
   3.9344327e-03
   3.9440603e-03
   3.9499617e-03
   3.9624651e-03
   3.9733720e-03
   3.9807653e-03
   3.9882896e-03
   3.9943492e-03
   4.0027720e-03
   4.0075700e-03
   4.0185764e-03
   4.0243181e-03
   4.0321428e-03
   4.0436242e-03
   4.0524901e-03
   4.0581447e-03
   4.0671042e-03
   4.0806283e-03
   4.0922854e-03
   4.0974247e-03
   4.1066377e-03
   4.1160282e-03
   4.1251870e-03
   4.1337125e-03
   4.1444745e-03
   4.1526553e-03
   4.1573717e-03
   4.1637623e-03
   4.1752609e-03
   4.1886803e-03
   4.1956539e-03
   4.2001656e-03
   4.2084985e-03
   4.2184213e-03
   4.2308987e-03
   4.2410192e-03
   4.2465547e-03
   4.2544009e-03
   4.2596966e-03
   4.2690404e-03
   4.2757008e-03
   4.2904553e-03
   4.2960064e-03
   4.3003944e-03
   4.3085645e-03
   4.3169094e-03
   4.3246133e-03
   4.3341500e-03
   4.3455349e-03
   4.3525391e-03
   4.3598672e-03
   4.3688043e-03
   4.3761061e-03
   4.3885660e-03
   4.3963721e-03
   4.4081049e-03
   4.4165836e-03
   4.4317527e-03
   4.4453264e-03
   4.4553479e-03
   4.4593338e-03
   4.4681874e-03
   4.4808252e-03
   4.4873765e-03
   4.4959495e-03
   4.5067570e-03
   4.5158391e-03
   4.5199280e-03
   4.5301009e-03
   4.5384187e-03
   4.5453695e-03
   4.5540866e-03
   4.5648788e-03
   4.5735690e-03
   4.5832404e-03
   4.5950303e-03
   4.6060120e-03
   4.6188304e-03
   4.6310971e-03
   4.6419807e-03
   4.6491468e-03
   4.6572111e-03
   4.6664021e-03
   4.6762539e-03
   4.6888694e-03
   4.6988026e-03
   4.7057718e-03
   4.7135148e-03
   4.7225644e-03
   4.7305922e-03
   4.7433597e-03
   4.7522195e-03
   4.7556434e-03
   4.7653005e-03
   4.7725068e-03
   4.7817000e-03
   4.7963618e-03
   4.8087559e-03
   4.8149724e-03
   4.8212850e-03
   4.8294600e-03
   4.8366766e-03
   4.8414952e-03
   4.8531741e-03
   4.8616586e-03
   4.8700352e-03
   4.8809306e-03
   4.8872665e-03
   4.8928003e-03
   4.9025806e-03
   4.9131820e-03
   4.9175137e-03
   4.9230398e-03
   4.9316951e-03
   4.9384603e-03
   4.9426764e-03
   4.9469670e-03
   4.9574283e-03
   4.9654187e-03
   4.9749258e-03
   4.9841014e-03
   4.9951376e-03
   5.0016419e-03
   5.0050606e-03
   5.0127656e-03
   5.0178369e-03
   5.0260493e-03
   5.0360063e-03
   5.0435769e-03
   5.0486017e-03
   5.0573756e-03
   5.0638292e-03
   5.0760114e-03
   5.0854298e-03
   5.0944480e-03
   5.1020446e-03
   5.1136803e-03
   5.1210922e-03
   5.1281159e-03
   5.1394743e-03
   5.1522415e-03
   5.1636296e-03
   5.1701163e-03
   5.1832735e-03
   5.1964284e-03
   5.2035336e-03
   5.2109935e-03
   5.2189119e-03
   5.2300470e-03
   5.2409892e-03
   5.2507361e-03
   5.2599614e-03
   5.2658795e-03
   5.2722981e-03
   5.2825571e-03
   5.2928394e-03
   5.3046560e-03
   5.3212660e-03
   5.3299309e-03
   5.3402220e-03
   5.3496420e-03
   5.3581918e-03
   5.3694396e-03
   5.3792282e-03
   5.3842555e-03
   5.3921836e-03
   5.4004862e-03
   5.4126082e-03
   5.4183764e-03
   5.4288259e-03
   5.4380890e-03
   5.4501938e-03
   5.4604200e-03
   5.4675558e-03
   5.4797659e-03
   5.4907213e-03
   5.4977457e-03
   5.5082898e-03
   5.5163791e-03
   5.5221290e-03
   5.5293236e-03
   5.5349851e-03
   5.5480024e-03
   5.5603352e-03
   5.5663844e-03
   5.5739017e-03
   5.5813761e-03
   5.5881641e-03
   5.5968906e-03
   5.6024261e-03
   5.6079710e-03
   5.6197406e-03
   5.6326113e-03
   5.6431062e-03
   5.6561656e-03
   5.6677897e-03
   5.6765605e-03
   5.6809066e-03
   5.6871040e-03
   5.6928313e-03
   5.7028920e-03
   5.7130626e-03
   5.7227261e-03
   5.7313590e-03
   5.7467926e-03
   5.7535251e-03
   5.7628426e-03
   5.7729450e-03
   5.7817887e-03
   5.7911664e-03
   5.8008857e-03
   5.8102390e-03
   5.8216859e-03
   5.8334394e-03
   5.8413551e-03
   5.8530831e-03
   5.8598447e-03
   5.8686120e-03
   5.8744950e-03
   5.8862308e-03
   5.8907154e-03
   5.8991857e-03
   5.9123453e-03
   5.9177932e-03
   5.9292230e-03
   5.9435372e-03
   5.9535604e-03
   5.9678151e-03
   5.9763367e-03
   5.9869069e-03
   5.9948076e-03
   6.0007688e-03
   6.0086912e-03
   6.0166504e-03
   6.0247066e-03
   6.0316289e-03
   6.0417061e-03
   6.0485864e-03
   6.0544938e-03
   6.0628022e-03
   6.0735745e-03
   6.0777949e-03
   6.0855543e-03
   6.0956604e-03
   6.1047009e-03
   6.1160269e-03
   6.1261030e-03
   6.1352797e-03
   6.1504359e-03
   6.1607493e-03
   6.1696087e-03
   6.1794014e-03
   6.1914712e-03
   6.2019148e-03
   6.2109333e-03
   6.2203255e-03
   6.2279538e-03
   6.2379091e-03
   6.2490096e-03
   6.2548441e-03
   6.2604237e-03
   6.2707519e-03
   6.2797240e-03
   6.2916044e-03
   6.3019812e-03
   6.3097294e-03
   6.3201502e-03
   6.3285359e-03
   6.3383744e-03
   6.3433624e-03
   6.3478860e-03
   6.3599653e-03
   6.3654393e-03
   6.3778865e-03
   6.3883864e-03
   6.3974189e-03
   6.4081958e-03
   6.4153959e-03
   6.4275732e-03
   6.4387277e-03
   6.4505966e-03
   6.4586082e-03
   6.4700292e-03
   6.4762591e-03
   6.4830659e-03
   6.4917247e-03
   6.4986639e-03
   6.5040459e-03
   6.5161391e-03
   6.5206960e-03
   6.5331239e-03
   6.5451375e-03
   6.5552291e-03
   6.5629281e-03
   6.5714664e-03
   6.5816619e-03
   6.5917998e-03
   6.6026421e-03
