   3.0578510e-03
   8.6712846e-01
   9.3542405e-01
   1.0283297e+00
   1.0707184e+00
   1.1405084e+00
   1.1630719e+00
   1.1823264e+00
   1.2013727e+00
   1.2225888e+00
   1.2411963e+00
   1.2596609e+00
   1.2781390e+00
   1.2962879e+00
   1.3149701e+00
   1.3338608e+00
   1.3550657e+00
   1.3729804e+00
   1.3906188e+00
   1.4079161e+00
   1.4255643e+00
   1.4436181e+00
   1.4610598e+00
   1.4785995e+00
   1.4964084e+00
   1.5136656e+00
   1.5309711e+00
   1.5491055e+00
   1.5676383e+00
   1.5861964e+00
   1.6062564e+00
   1.6221525e+00
   1.6398389e+00
   1.6579399e+00
   1.6750629e+00
   1.6929001e+00
   1.7111939e+00
   1.7367199e+00
   1.7584615e+00
   1.7770125e+00
   1.7961277e+00
   1.8136917e+00
   1.8312533e+00
   1.8484205e+00
   1.8664037e+00
   1.8857954e+00
   1.9047744e+00
   1.9216409e+00
   1.9386052e+00
   1.9565810e+00
   1.9727644e+00
   1.9895189e+00
   2.0073454e+00
   2.0230523e+00
   2.0393306e+00
   2.0557296e+00
   2.0726477e+00
   2.0890708e+00
   2.1056714e+00
   2.1222406e+00
   2.1391686e+00
   2.1574054e+00
   2.1792653e+00
   2.1972595e+00
   2.2160688e+00
   2.2346208e+00
   2.2549079e+00
   2.2784662e+00
   2.2988085e+00
   2.3196178e+00
   2.3392317e+00
   2.3680873e+00
   2.3893504e+00
   2.4105871e+00
   2.4309237e+00
   2.4482440e+00
   2.4649679e+00
   2.4820831e+00
   2.5005428e+00
   2.5185992e+00
   2.5360804e+00
   2.5527080e+00
   2.5705802e+00
   2.5884061e+00
   2.6103958e+00
   2.6297797e+00
   2.6489617e+00
   2.6680897e+00
   2.6873207e+00
   2.7062100e+00
   2.7278016e+00
   2.7461464e+00
   2.7647158e+00
   2.7842486e+00
   2.8016134e+00
   2.8178235e+00
   2.8356159e+00
   2.8544032e+00
   2.8718120e+00
   2.8886299e+00
   2.9074315e+00
   2.9278970e+00
   2.9475078e+00
   2.9670182e+00
   2.9865452e+00
   3.0053151e+00
   3.0281327e+00
   3.0473135e+00
   3.0672165e+00
   3.0875777e+00
   3.1045915e+00
   3.1229821e+00
   3.1416063e+00
   3.1574490e+00
   3.1729461e+00
   3.1896321e+00
   3.2062551e+00
   3.2222513e+00
   3.2371620e+00
   3.2539592e+00
   3.2703763e+00
   3.2870828e+00
   3.3026917e+00
   3.3180571e+00
   3.3338165e+00
   3.3510181e+00
   3.3707245e+00
   3.3889951e+00
   3.4038853e+00
   3.4204297e+00
   3.4405617e+00
   3.4598119e+00
   3.4783071e+00
   3.4932171e+00
   3.5105649e+00
   3.5259442e+00
   3.5468607e+00
   3.5629852e+00
   3.5801291e+00
   3.5955947e+00
   3.6110999e+00
   3.6267727e+00
   3.6439726e+00
   3.6585598e+00
   3.6737597e+00
   3.6903681e+00
   3.7049838e+00
   3.7209577e+00
   3.7353758e+00
   3.7518639e+00
   3.7659782e+00
   3.7807814e+00
   3.7968039e+00
   3.8123199e+00
   3.8289055e+00
   3.8439349e+00
   3.8577750e+00
   3.8749289e+00
   3.8865118e+00
   3.9026976e+00
   3.9178577e+00
   3.9337656e+00
   3.9492893e+00
   3.9627326e+00
   3.9797045e+00
   3.9936462e+00
   4.0098777e+00
   4.0254648e+00
   4.0444903e+00
   4.0591318e+00
   4.0759635e+00
   4.0932823e+00
   4.1096388e+00
   4.1271183e+00
   4.1435255e+00
   4.1601954e+00
   4.1766887e+00
   4.1919252e+00
   4.2092003e+00
   4.2310904e+00
   4.2487914e+00
   4.2668267e+00
   4.2871708e+00
   4.3041740e+00
   4.3234359e+00
   4.3380484e+00
   4.3551546e+00
   4.3713350e+00
   4.3879188e+00
   4.4040036e+00
   4.4202780e+00
   4.4359781e+00
   4.4514660e+00
   4.4672555e+00
   4.4820138e+00
   4.4983953e+00
   4.5148570e+00
   4.5271169e+00
   4.5434329e+00
   4.5600854e+00
   4.5771890e+00
   4.5944650e+00
   4.6102130e+00
   4.6265707e+00
   4.6444633e+00
   4.6625977e+00
   4.6767492e+00
   4.6933591e+00
   4.7076217e+00
   4.7224273e+00
   4.7398849e+00
   4.7547000e+00
   4.7717787e+00
   4.7854223e+00
   4.8014429e+00
   4.8168946e+00
   4.8324018e+00
   4.8449971e+00
   4.8592652e+00
   4.8748217e+00
   4.8907089e+00
   4.9076616e+00
   4.9234796e+00
   4.9397779e+00
   4.9569905e+00
   4.9712960e+00
   4.9865540e+00
   5.0013281e+00
   5.0171086e+00
   5.0299191e+00
   5.0485285e+00
   5.0618719e+00
   5.0787360e+00
   5.0929946e+00
   5.1104737e+00
   5.1241540e+00
   5.1410069e+00
   5.1553410e+00
   5.1725238e+00
   5.1866092e+00
   5.2030398e+00
   5.2210653e+00
   5.2359103e+00
   5.2517664e+00
   5.2662953e+00
   5.2827351e+00
   5.2953612e+00
   5.3140515e+00
   5.3277769e+00
   5.3456090e+00
   5.3630127e+00
   5.3803413e+00
   5.3974541e+00
   5.4153934e+00
   5.4338544e+00
   5.4512230e+00
   5.4684670e+00
   5.4856096e+00
   5.5018510e+00
   5.5199436e+00
   5.5377440e+00
   5.5540626e+00
   5.5712701e+00
   5.5879457e+00
   5.6060212e+00
   5.6258423e+00
   5.6477657e+00
   5.6711777e+00
   5.6947337e+00
   5.7188250e+00
   5.7346381e+00
   5.7505877e+00
   5.7711032e+00
   5.7917078e+00
   5.8083973e+00
   5.8273309e+00
   5.8478772e+00
   5.8675760e+00
   5.8847725e+00
   5.9008528e+00
   5.9161239e+00
   5.9310614e+00
   5.9504615e+00
   5.9695588e+00
   5.9866417e+00
   6.0047554e+00
   6.0214057e+00
   6.0374328e+00
   6.0537356e+00
   6.0716201e+00
   6.0883630e+00
   6.1059896e+00
   6.1234284e+00
   6.1427214e+00
   6.1591651e+00
   6.1777980e+00
   6.1931509e+00
   6.2148692e+00
   6.2328288e+00
   6.2500512e+00
   6.2697829e+00
   6.2867681e+00
   6.3046853e+00
   6.3237409e+00
   6.3401167e+00
   6.3573675e+00
   6.3726339e+00
   6.3890660e+00
   6.4023862e+00
   6.4154446e+00
   6.4309398e+00
   6.4488098e+00
   6.4640031e+00
   6.4814458e+00
   6.4962650e+00
   6.5147123e+00
   6.5287462e+00
   6.5468407e+00
   6.5618672e+00
   6.5794089e+00
   6.5940632e+00
   6.6093596e+00
   6.6235043e+00
   6.6388867e+00
   6.6522501e+00
   6.6702084e+00
   6.6867201e+00
   6.6987394e+00
   6.7175908e+00
   6.7326298e+00
   6.7497555e+00
   6.7658980e+00
   6.7839172e+00
   6.7992063e+00
   6.8184073e+00
   6.8356531e+00
   6.8570746e+00
   6.8727522e+00
   6.8932785e+00
   6.9098709e+00
   6.9273272e+00
   6.9436135e+00
   6.9604677e+00
   6.9773003e+00
   6.9909121e+00
   7.0091116e+00
   7.0255654e+00
   7.0455310e+00
   7.0629593e+00
   7.0821456e+00
   7.1036164e+00
   7.1192567e+00
   7.1352207e+00
   7.1538131e+00
   7.1670299e+00
   7.1814459e+00
   7.1965850e+00
   7.2112551e+00
   7.2252819e+00
   7.2423438e+00
   7.2564148e+00
   7.2742209e+00
   7.2871913e+00
   7.3006117e+00
   7.3151727e+00
   7.3291320e+00
   7.3468402e+00
   7.3622089e+00
   7.3767960e+00
   7.3912354e+00
   7.4080007e+00
   7.4214038e+00
   7.4392379e+00
   7.4519030e+00
   7.4710951e+00
   7.4848249e+00
   7.5030672e+00
   7.5183969e+00
   7.5369060e+00
   7.5509192e+00
   7.5685745e+00
   7.5833114e+00
   7.5977359e+00
   7.6127010e+00
   7.6273144e+00
   7.6446444e+00
   7.6583905e+00
   7.6714043e+00
   7.6907505e+00
   7.7044257e+00
   7.7236608e+00
   7.7362003e+00
   7.7551231e+00
   7.7692469e+00
   7.7894510e+00
   7.8025172e+00
   7.8198284e+00
   7.8353057e+00
   7.8529787e+00
   7.8677415e+00
   7.8846630e+00
   7.8987780e+00
   7.9136179e+00
   7.9289361e+00
   7.9425507e+00
   7.9554277e+00
   7.9697593e+00
   7.9855115e+00
   8.0012371e+00
   8.0154112e+00
   8.0299161e+00
   8.0436003e+00
   8.0576886e+00
   8.0707878e+00
   8.0851310e+00
   8.0995136e+00
   8.1150101e+00
   8.1300663e+00
   8.1440210e+00
   8.1579345e+00
   8.1709559e+00
   8.1869969e+00
   8.1995637e+00
   8.2154815e+00
   8.2303103e+00
   8.2449550e+00
   8.2587060e+00
   8.2721381e+00
   8.2868483e+00
   8.3033034e+00
   8.3183166e+00
   8.3337887e+00
   8.3495471e+00
   8.3654603e+00
   8.3811944e+00
   8.3956193e+00
   8.4135660e+00
   8.4276211e+00
   8.4454859e+00
   8.4592020e+00
   8.4724615e+00
   8.4866361e+00
   8.5019448e+00
   8.5177247e+00
   8.5334609e+00
   8.5528959e+00
   8.5673992e+00
   8.5827307e+00
   8.5975632e+00
   8.6132523e+00
   8.6276856e+00
   8.6423328e+00
   8.6564570e+00
   8.6711584e+00
   8.6873168e+00
   8.7029725e+00
   8.7179705e+00
   8.7327559e+00
   8.7482232e+00
   8.7624666e+00
   8.7817799e+00
   8.7965147e+00
   8.8137736e+00
   8.8278905e+00
   8.8464259e+00
   8.8605626e+00
   8.8748709e+00
   8.8891062e+00
   8.9044384e+00
   8.9228734e+00
   8.9376978e+00
   8.9529322e+00
   8.9686973e+00
   8.9841514e+00
   8.9992552e+00
   9.0135955e+00
   9.0277447e+00
   9.0426672e+00
   9.0568387e+00
   9.0718828e+00
   9.0914033e+00
   9.1062865e+00
   9.1223204e+00
   9.1417539e+00
   9.1555337e+00
   9.1705427e+00
   9.1859123e+00
   9.2010634e+00
   9.2152582e+00
   9.2299227e+00
   9.2447524e+00
   9.2599029e+00
   9.2734955e+00
   9.2893816e+00
   9.3054102e+00
   9.3221807e+00
   9.3383442e+00
   9.3540245e+00
   9.3737419e+00
   9.3888696e+00
   9.4048686e+00
   9.4219612e+00
   9.4399297e+00
   9.4605439e+00
   9.4773511e+00
   9.4973196e+00
   9.5124543e+00
   9.5277850e+00
   9.5451651e+00
   9.5610481e+00
   9.5766132e+00
   9.5986471e+00
   9.6150616e+00
   9.6313723e+00
   9.6476627e+00
   9.6644688e+00
   9.6801000e+00
   9.6969081e+00
   9.7138050e+00
   9.7301400e+00
   9.7503007e+00
   9.7679694e+00
   9.7869313e+00
   9.8044681e+00
   9.8224669e+00
   9.8396479e+00
   9.8615060e+00
   9.8790143e+00
   9.8962537e+00
   9.9128444e+00
   9.9342929e+00
   9.9519784e+00
   9.9697377e+00
   9.9874827e+00
   1.0005296e+01
   1.0023647e+01
   1.0044101e+01
   1.0062295e+01
   1.0078223e+01
   1.0097114e+01
   1.0114745e+01
   1.0131399e+01
   1.0152008e+01
   1.0170608e+01
   1.0188623e+01
   1.0205881e+01
   1.0225298e+01
   1.0244314e+01
   1.0260444e+01
   1.0283303e+01
   1.0302125e+01
   1.0317722e+01
   1.0338109e+01
   1.0356018e+01
   1.0372807e+01
   1.0391280e+01
   1.0408515e+01
   1.0425879e+01
   1.0447168e+01
   1.0463791e+01
   1.0483022e+01
   1.0499885e+01
   1.0517919e+01
   1.0538868e+01
   1.0556534e+01
   1.0569720e+01
   1.0589079e+01
   1.0607355e+01
   1.0625382e+01
   1.0647955e+01
   1.0664467e+01
   1.0685611e+01
   1.0702983e+01
   1.0720830e+01
   1.0738618e+01
   1.0757675e+01
   1.0774808e+01
   1.0793715e+01
   1.0814850e+01
   1.0832705e+01
   1.0851053e+01
   1.0870415e+01
   1.0890087e+01
   1.0910073e+01
   1.0927461e+01
   1.0948443e+01
   1.0966071e+01
   1.0982189e+01
   1.0998861e+01
   1.1016561e+01
   1.1034500e+01
   1.1051847e+01
   1.1069517e+01
   1.1086339e+01
   1.1104248e+01
   1.1122113e+01
   1.1141467e+01
   1.1159296e+01
   1.1175723e+01
   1.1193384e+01
   1.1210992e+01
   1.1228033e+01
   1.1247419e+01
   1.1256232e+01
   1.1277065e+01
   1.1294608e+01
   1.1314664e+01
   1.1333205e+01
   1.1351877e+01
   1.1369756e+01
   1.1386349e+01
   1.1402091e+01
   1.1417743e+01
   1.1433309e+01
   1.1449279e+01
   1.1463757e+01
   1.1478838e+01
   1.1499884e+01
   1.1513733e+01
   1.1529536e+01
   1.1546404e+01
   1.1562598e+01
   1.1578847e+01
   1.1594701e+01
   1.1611819e+01
   1.1627791e+01
   1.1643263e+01
   1.1659291e+01
   1.1675219e+01
   1.1690967e+01
   1.1706411e+01
   1.1722048e+01
   1.1737040e+01
   1.1752319e+01
   1.1767679e+01
   1.1781682e+01
   1.1797615e+01
   1.1813607e+01
   1.1829939e+01
   1.1846198e+01
   1.1862377e+01
   1.1879450e+01
   1.1896193e+01
   1.1913280e+01
   1.1929374e+01
   1.1944865e+01
   1.1960193e+01
   1.1976225e+01
   1.1992261e+01
   1.2008737e+01
   1.2025197e+01
   1.2042134e+01
   1.2058382e+01
   1.2074900e+01
   1.2090217e+01
   1.2105524e+01
   1.2120494e+01
   1.2136070e+01
   1.2151326e+01
   1.2165977e+01
   1.2181290e+01
   1.2198188e+01
   1.2213629e+01
   1.2229720e+01
   1.2245694e+01
   1.2261723e+01
   1.2278081e+01
   1.2294291e+01
   1.2310522e+01
   1.2330646e+01
   1.2349575e+01
   1.2369023e+01
   1.2385921e+01
   1.2407375e+01
   1.2428360e+01
   1.2447081e+01
   1.2467865e+01
   1.2483383e+01
   1.2500242e+01
   1.2516603e+01
   1.2535161e+01
   1.2552272e+01
   1.2567754e+01
   1.2583434e+01
   1.2600685e+01
   1.2617911e+01
   1.2635853e+01
   1.2652386e+01
   1.2668184e+01
   1.2686204e+01
   1.2699128e+01
   1.2716984e+01
   1.2734089e+01
   1.2754142e+01
   1.2767694e+01
   1.2784073e+01
   1.2798574e+01
   1.2816433e+01
   1.2833015e+01
   1.2850254e+01
   1.2871614e+01
   1.2887270e+01
   1.2906247e+01
   1.2920859e+01
   1.2937072e+01
   1.2957041e+01
   1.2971905e+01
   1.2990191e+01
   1.3018130e+01
   1.3033121e+01
   1.3049399e+01
   1.3065695e+01
   1.3082451e+01
   1.3098029e+01
   1.3113368e+01
   1.3128692e+01
   1.3144617e+01
   1.3160718e+01
   1.3177130e+01
   1.3192251e+01
   1.3207078e+01
   1.3222484e+01
   1.3238277e+01
   1.3253373e+01
   1.3268078e+01
   1.3283767e+01
   1.3301381e+01
   1.3318470e+01
   1.3334493e+01
   1.3351566e+01
   1.3367292e+01
   1.3382950e+01
   1.3398176e+01
   1.3413790e+01
   1.3430162e+01
   1.3445811e+01
   1.3461474e+01
   1.3477404e+01
   1.3491961e+01
   1.3507465e+01
   1.3523563e+01
   1.3538484e+01
   1.3553691e+01
   1.3569080e+01
   1.3585473e+01
   1.3602224e+01
   1.3617886e+01
   1.3634387e+01
   1.3651191e+01
   1.3667912e+01
   1.3684371e+01
   1.3700107e+01
   1.3715774e+01
   1.3728325e+01
   1.3745884e+01
   1.3759707e+01
   1.3773704e+01
   1.3786475e+01
   1.3801248e+01
   1.3815332e+01
   1.3830426e+01
   1.3844314e+01
   1.3862115e+01
   1.3875643e+01
   1.3889184e+01
   1.3902336e+01
   1.3916293e+01
   1.3932539e+01
   1.3947918e+01
   1.3962032e+01
   1.3976490e+01
   1.3990519e+01
   1.4006673e+01
   1.4019453e+01
   1.4034290e+01
   1.4049160e+01
   1.4062962e+01
   1.4080769e+01
   1.4094384e+01
   1.4108842e+01
   1.4126965e+01
   1.4144595e+01
   1.4158261e+01
   1.4173099e+01
   1.4189792e+01
   1.4203557e+01
   1.4221296e+01
   1.4238630e+01
   1.4258165e+01
   1.4272323e+01
   1.4291281e+01
   1.4304350e+01
   1.4320949e+01
   1.4336353e+01
   1.4356916e+01
   1.4369952e+01
   1.4388749e+01
   1.4404221e+01
   1.4421365e+01
   1.4436551e+01
   1.4456407e+01
   1.4471878e+01
   1.4489814e+01
   1.4505337e+01
   1.4524908e+01
   1.4539035e+01
   1.4558992e+01
   1.4572025e+01
   1.4587863e+01
   1.4607577e+01
   1.4620609e+01
   1.4635270e+01
   1.4650631e+01
   1.4666469e+01
   1.4680254e+01
   1.4694236e+01
   1.4705193e+01
   1.4719179e+01
   1.4733354e+01
   1.4746759e+01
   1.4761084e+01
   1.4773966e+01
   1.4787264e+01
   1.4802355e+01
   1.4816131e+01
   1.4830583e+01
   1.4844376e+01
   1.4856856e+01
   1.4870607e+01
   1.4889476e+01
   1.4904264e+01
   1.4918133e+01
   1.4932006e+01
   1.4945966e+01
   1.4959256e+01
   1.4973497e+01
   1.4993673e+01
   1.5008581e+01
   1.5023410e+01
   1.5039394e+01
   1.5053319e+01
   1.5067670e+01
   1.5081299e+01
   1.5095046e+01
   1.5107525e+01
   1.5121943e+01
   1.5136497e+01
   1.5150728e+01
   1.5167294e+01
   1.5180074e+01
   1.5193968e+01
   1.5207584e+01
   1.5221801e+01
   1.5235817e+01
   1.5249514e+01
   1.5262787e+01
   1.5276646e+01
   1.5291534e+01
   1.5307680e+01
   1.5327262e+01
   1.5334577e+01
   1.5341485e+01
   1.5354224e+01
   1.5365157e+01
   1.5371678e+01
   1.5378730e+01
   1.5390435e+01
   1.5408638e+01
   1.5427243e+01
   1.5439784e+01
   1.5453853e+01
   1.5468416e+01
   1.5482947e+01
   1.5496894e+01
   1.5511283e+01
   1.5523905e+01
   1.5537697e+01
   1.5552071e+01
   1.5565853e+01
   1.5576968e+01
   1.5592809e+01
   1.5606709e+01
   1.5622498e+01
   1.5637470e+01
   1.5652006e+01
   1.5665053e+01
   1.5678647e+01
   1.5690901e+01
   1.5704772e+01
   1.5718835e+01
   1.5731739e+01
   1.5745411e+01
   1.5757835e+01
   1.5776537e+01
   1.5790690e+01
   1.6014061e+01
   1.6032952e+01
   1.6049707e+01
   1.6065095e+01
   1.6079036e+01
   1.6091008e+01
   1.6105405e+01
   1.6119920e+01
   1.6135039e+01
   1.6149303e+01
   1.6166917e+01
   1.6180004e+01
   1.6193533e+01
   1.6212585e+01
   1.6225847e+01
   1.6240083e+01
   1.6257055e+01
   1.6271802e+01
   1.6286636e+01
   1.6302607e+01
   1.6320406e+01
   1.6334270e+01
   1.6352023e+01
   1.6367723e+01
   1.6384249e+01
   1.6397748e+01
   1.6410663e+01
   1.6424789e+01
   1.6443355e+01
   1.6457129e+01
   1.6471226e+01
   1.6484995e+01
   1.6500670e+01
   1.6515916e+01
   1.6533296e+01
   1.6546836e+01
   1.6560082e+01
   1.6575626e+01
   1.6595128e+01
   1.6609961e+01
   1.6626303e+01
   1.6640795e+01
   1.6655242e+01
   1.6668754e+01
   1.6683313e+01
   1.6696660e+01
   1.6709298e+01
   1.6722428e+01
   1.6737052e+01
   1.6750366e+01
   1.6765572e+01
   1.6778029e+01
   1.6792391e+01
   1.6806442e+01
   1.6819545e+01
   1.6833218e+01
   1.6845754e+01
   1.6859500e+01
   1.6877947e+01
   1.6892720e+01
   1.6907736e+01
   1.6922456e+01
   1.6935666e+01
   1.6950049e+01
   1.6962734e+01
   1.6976924e+01
   1.6995136e+01
   1.7009614e+01
   1.7024546e+01
   1.7039062e+01
   1.7052793e+01
   1.7066846e+01
   1.7079402e+01
   1.7093186e+01
   1.7110458e+01
   1.7124497e+01
   1.7138433e+01
   1.7151667e+01
   1.7164790e+01
   1.7177522e+01
   1.7191115e+01
   1.7205515e+01
   1.7218874e+01
   1.7232617e+01
   1.7245214e+01
   1.7258883e+01
   1.7273984e+01
   1.7287466e+01
   1.7301307e+01
   1.7314257e+01
   1.7327371e+01
   1.7341872e+01
   1.7357007e+01
   1.7371600e+01
   1.7385126e+01
   1.7398876e+01
   1.7411526e+01
   1.7426102e+01
   1.7440416e+01
   1.7453790e+01
   1.7467685e+01
   1.7482131e+01
   1.7498877e+01
   1.7514150e+01
   1.7532636e+01
