   1.9443886e+00
   3.3593891e+00
   5.9705552e+00
   6.5640097e+00
   8.3576828e+00
   9.0230674e+00
   1.0150072e+01
   1.6782744e+01
   1.8713485e+01
   2.1259047e+01
   2.2862552e+01
   2.3724696e+01
   2.4894071e+01
   2.6322975e+01
   2.7578045e+01
   2.9215823e+01
   3.1309440e+01
   3.3053099e+01
   3.7546182e+01
   3.8944471e+01
   4.0086547e+01
   5.2260254e+01
   5.6353141e+01
   5.7797262e+01
   5.8418002e+01
   6.1523032e+01
   6.1849733e+01
   6.4764888e+01
   6.7446502e+01
   6.8535612e+01
   6.9741232e+01
   7.6682791e+01
   7.8452407e+01
   7.9527738e+01
   8.2670372e+01
   8.4813110e+01
   8.5836677e+01
   8.7912524e+01
   9.1150728e+01
   9.6063773e+01
   9.6598186e+01
   9.8425384e+01
   1.0092169e+02
   1.0221250e+02
   1.1141619e+02
   1.1312595e+02
   1.1706666e+02
   1.1932401e+02
   1.2178452e+02
   1.3087602e+02
   1.3403352e+02
   1.3530498e+02
   1.3798229e+02
   1.4388263e+02
   1.4720426e+02
   1.5158729e+02
   1.5807818e+02
   1.6768471e+02
   1.6938464e+02
   1.7185199e+02
   1.7453689e+02
   1.7644480e+02
   1.8253018e+02
   1.8613615e+02
   1.8670672e+02
   1.8846016e+02
   1.9102068e+02
   1.9422281e+02
   1.9664506e+02
   1.9830828e+02
   2.0015815e+02
   2.0098557e+02
   2.0175929e+02
   2.0757433e+02
   2.1375579e+02
   2.1473260e+02
   2.1754019e+02
   2.1823126e+02
   2.1883012e+02
   2.1969586e+02
   2.2085380e+02
   2.2178561e+02
   2.2948671e+02
   2.3076270e+02
   2.3203577e+02
   2.3285081e+02
   2.3567932e+02
   2.3631378e+02
   2.3855612e+02
   2.4294956e+02
   2.4432188e+02
   2.4592978e+02
   2.4888011e+02
   2.5104921e+02
   2.5291696e+02
   2.5508582e+02
   2.5875869e+02
   2.6134316e+02
   2.7350718e+02
   2.8313510e+02
   2.9683780e+02
   2.9755882e+02
   2.9892094e+02
   3.3300874e+02
   3.3508905e+02
   3.4561492e+02
   3.5039149e+02
   3.5664903e+02
   3.5822229e+02
   3.5922432e+02
   3.6070176e+02
   3.6213909e+02
   3.6316949e+02
   3.8004972e+02
   3.8802907e+02
   3.8908889e+02
   3.9061022e+02
   3.9235983e+02
   3.9423194e+02
   3.9839834e+02
   3.9959793e+02
   4.0095959e+02
   4.0218647e+02
   4.1130738e+02
   4.1278188e+02
   4.1374908e+02
   4.1541984e+02
   4.1749564e+02
   4.1843836e+02
   4.2192449e+02
   4.2402804e+02
   4.2516261e+02
   4.2553249e+02
   4.2641786e+02
   4.2740937e+02
   4.2912125e+02
   4.3101480e+02
   4.3216976e+02
   4.3985682e+02
   4.4188483e+02
   4.4350155e+02
   4.4756603e+02
   4.5138228e+02
   4.5195036e+02
   4.5350197e+02
   4.5731676e+02
   4.5829594e+02
   4.5983071e+02
   4.6428876e+02
   4.6491228e+02
   4.8794362e+02
   4.9385474e+02
   4.9526915e+02
   5.0306729e+02
   5.0571110e+02
   5.0900971e+02
   5.2031715e+02
   5.2314943e+02
   5.2639988e+02
   5.2876592e+02
   5.2967771e+02
   5.3036037e+02
   5.3092967e+02
   5.3275108e+02
   5.3536774e+02
   5.3788996e+02
   5.3969378e+02
   5.4267234e+02
   5.4298030e+02
   5.4571246e+02
   5.4655774e+02
   5.5206292e+02
   5.5356112e+02
   5.5437978e+02
   5.5523282e+02
   5.5712088e+02
   5.5914796e+02
   5.6351012e+02
   5.6449661e+02
   5.7489131e+02
   5.7898467e+02
   5.8084635e+02
   5.8165477e+02
   5.8517813e+02
   5.8656721e+02
   5.8727176e+02
   5.8854432e+02
   5.8984589e+02
   5.9109978e+02
   5.9312678e+02
   5.9594679e+02
   5.9671207e+02
   5.9918743e+02
   6.0487213e+02
   6.0568226e+02
   6.1003100e+02
   6.1128253e+02
   6.1342447e+02
   6.2215829e+02
   6.2504045e+02
   6.2585937e+02
   6.2667911e+02
   6.2909209e+02
   6.3256216e+02
   6.3467682e+02
   6.4423295e+02
   6.4604623e+02
   6.5321691e+02
   6.5466947e+02
   6.5620213e+02
   6.5824982e+02
   6.5909618e+02
   6.6044432e+02
   6.6181658e+02
   6.7275207e+02
   6.7563219e+02
   6.7770503e+02
   6.8309000e+02
   6.8432300e+02
   6.8617492e+02
   6.8724059e+02
   6.9075595e+02
   6.9160911e+02
   6.9251998e+02
   6.9391541e+02
   7.0204045e+02
   7.0264775e+02
   7.0416688e+02
   7.0626788e+02
   7.1104314e+02
   7.1539134e+02
   7.2256834e+02
   7.2326078e+02
   7.2446259e+02
   7.2655872e+02
   7.3142269e+02
   7.3308834e+02
   7.3507195e+02
   7.3999042e+02
   7.4195457e+02
   7.4543088e+02
   7.4711272e+02
   7.5165271e+02
   7.5321922e+02
   7.5523138e+02
   7.7172697e+02
   7.7310229e+02
   7.7451601e+02
   7.8168619e+02
   7.8439596e+02
   7.8644298e+02
   7.8820123e+02
   7.8896849e+02
   7.8975589e+02
   7.9402037e+02
   7.9499456e+02
   7.9696468e+02
   8.0023254e+02
   8.0565133e+02
   8.0793335e+02
   8.0954908e+02
   8.1016821e+02
   8.1153024e+02
   8.1284902e+02
   8.1416056e+02
   8.2155973e+02
   8.2250284e+02
   8.2409941e+02
   8.3195309e+02
   8.3301414e+02
   8.3567477e+02
   8.3850649e+02
   8.4276651e+02
   8.4664571e+02
   8.4778584e+02
   8.4942164e+02
   8.5058030e+02
   8.6022417e+02
   8.6127418e+02
   8.6224888e+02
   8.6727929e+02
   8.6776628e+02
   8.6895683e+02
   8.6976128e+02
   8.8494247e+02
   8.8977675e+02
   8.9179776e+02
   8.9284068e+02
   8.9363808e+02
   8.9510388e+02
   8.9562846e+02
   8.9650745e+02
   8.9761649e+02
   9.0189229e+02
   9.0526130e+02
   9.0639793e+02
   9.0758529e+02
   9.1151304e+02
   9.1285064e+02
   9.1329639e+02
   9.1443680e+02
   9.1580928e+02
   9.1835599e+02
   9.1998022e+02
   9.2789116e+02
   9.2971109e+02
   9.3071338e+02
   9.3234207e+02
   9.3293898e+02
   9.3497504e+02
   9.6830230e+02
   9.6911380e+02
   9.7137055e+02
   9.7268386e+02
   9.8839831e+02
   9.8950613e+02
   9.9044251e+02
   9.9366642e+02
   1.0015554e+03
   1.0030948e+03
   1.0038548e+03
   1.0050884e+03
   1.0068045e+03
   1.0129038e+03
   1.0143378e+03
   1.0190437e+03
   1.0294143e+03
   1.0304519e+03
   1.0354232e+03
   1.0370709e+03
   1.0419688e+03
   1.0437101e+03
   1.0443255e+03
   1.0454987e+03
   1.0492593e+03
   1.0510761e+03
   1.0534239e+03
   1.0565015e+03
   1.0665336e+03
   1.0746433e+03
   1.0755961e+03
   1.0809471e+03
   1.0819367e+03
   1.0841426e+03
   1.0880712e+03
   1.0889601e+03
   1.0905693e+03
   1.0945273e+03
   1.0950858e+03
   1.0960799e+03
   1.1000837e+03
   1.1031586e+03
   1.1074831e+03
   1.1095135e+03
   1.1120774e+03
   1.1141429e+03
   1.1164796e+03
   1.1213810e+03
   1.1221687e+03
   1.1232061e+03
   1.1262836e+03
   1.1293631e+03
   1.1371533e+03
   1.1384396e+03
   1.1398774e+03
   1.1405805e+03
   1.1423967e+03
   1.1455811e+03
   1.1468636e+03
   1.1499308e+03
   1.1503886e+03
   1.1521326e+03
   1.1529487e+03
   1.1553294e+03
   1.1568498e+03
   1.1609634e+03
   1.1699361e+03
   1.1718061e+03
   1.1909086e+03
   1.1921899e+03
   1.1936477e+03
   1.1952293e+03
   1.1964618e+03
   1.2041353e+03
   1.2064880e+03
   1.2101051e+03
   1.2121956e+03
   1.2130821e+03
   1.2147041e+03
   1.2167930e+03
   1.2200579e+03
   1.2220190e+03
   1.2229861e+03
   1.2267081e+03
   1.2278896e+03
   1.2293821e+03
   1.2305151e+03
   1.2321943e+03
   1.2373026e+03
   1.2391320e+03
   1.2423759e+03
   1.2451757e+03
   1.2461217e+03
   1.2547406e+03
   1.2616475e+03
   1.2624018e+03
   1.2633595e+03
   1.2645139e+03
   1.2649423e+03
   1.2660736e+03
   1.2672137e+03
   1.2697858e+03
   1.2707338e+03
   1.2725592e+03
   1.2737269e+03
   1.2764951e+03
   1.2783733e+03
   1.2806674e+03
   1.2834341e+03
   1.2901684e+03
   1.2917877e+03
   1.2943115e+03
   1.2962110e+03
   1.2978687e+03
   1.3019422e+03
   1.3092743e+03
   1.3105625e+03
   1.3139225e+03
   1.3162406e+03
   1.3175740e+03
   1.3265351e+03
   1.3384728e+03
   1.3404193e+03
   1.3415836e+03
   1.3433820e+03
   1.3445211e+03
   1.3566792e+03
   1.3597232e+03
   1.3650450e+03
   1.3681358e+03
   1.3689763e+03
   1.3866605e+03
   1.3901625e+03
   1.3940855e+03
   1.3955257e+03
   1.3975443e+03
   1.4105453e+03
   1.4117522e+03
   1.4147475e+03
   1.4163082e+03
   1.4176722e+03
   1.4189727e+03
   1.4194775e+03
   1.4215211e+03
   1.4221927e+03
   1.4237970e+03
   1.4253949e+03
   1.4313511e+03
   1.4328767e+03
   1.4339315e+03
   1.4357692e+03
   1.4407111e+03
   1.4412198e+03
   1.4420401e+03
   1.4434766e+03
   1.4450135e+03
   1.4461804e+03
   1.4472196e+03
   1.4498046e+03
   1.4518069e+03
   1.4552655e+03
   1.4559342e+03
   1.4570200e+03
   1.4670866e+03
   1.4695841e+03
   1.4726720e+03
