   1.0479700e-01
   1.9456100e-01
   2.7727200e-01
   3.5956200e-01
   4.3867200e-01
   5.1654300e-01
   5.9482200e-01
   6.7302300e-01
   7.4632900e-01
   8.1967800e-01
   8.9307300e-01
   9.6631000e-01
   1.0394370e+00
   1.1126720e+00
   1.1881540e+00
   1.2637880e+00
   1.3389330e+00
   1.4143830e+00
   1.4897570e+00
   1.5662020e+00
   1.6417600e+00
   1.7174610e+00
   1.7928730e+00
   1.8683240e+00
   1.9438150e+00
   2.0189610e+00
   2.0943750e+00
   2.1696210e+00
   2.2448990e+00
   2.3202720e+00
   2.3957550e+00
   2.4710510e+00
   2.5468030e+00
   2.6222280e+00
   2.6974460e+00
   2.7728960e+00
   2.8483360e+00
   2.9234650e+00
   2.9986860e+00
   3.0740770e+00
   3.1481460e+00
   3.2221140e+00
   3.3043170e+00
   3.3865150e+00
   3.4684600e+00
   3.5504560e+00
   3.6296000e+00
   3.7060590e+00
   3.7827070e+00
   3.8592110e+00
   3.9357950e+00
   4.0122090e+00
   4.0888660e+00
   4.1654860e+00
   4.2421340e+00
   4.3192470e+00
   4.3960890e+00
   4.4724980e+00
   4.5488460e+00
   4.6252710e+00
   4.7022930e+00
   4.7788450e+00
   4.8555610e+00
   4.9319640e+00
   5.0087720e+00
   5.0855770e+00
   5.1620080e+00
   5.2389600e+00
   5.3158050e+00
   5.3932530e+00
   5.4698180e+00
   5.5462430e+00
   5.6228000e+00
   5.6993700e+00
   5.7764720e+00
   5.8530580e+00
   5.9302280e+00
   6.0069090e+00
   6.0830960e+00
   6.1581890e+00
   6.2330070e+00
   6.3079980e+00
   6.3827850e+00
   6.4574290e+00
   6.5328460e+00
   6.6076330e+00
   6.6828500e+00
   6.7577830e+00
   6.8325660e+00
   6.9074070e+00
   6.9821150e+00
   7.0568330e+00
   7.1316450e+00
   7.2066970e+00
   7.2815570e+00
   7.3566290e+00
   7.4315060e+00
   7.5063820e+00
   7.5812520e+00
   7.6563380e+00
   7.7316340e+00
   7.8064740e+00
   7.8815780e+00
   7.9565240e+00
   8.0314420e+00
   8.1062620e+00
   8.1823260e+00
   8.2589520e+00
   8.3356110e+00
   8.4127370e+00
   8.4894730e+00
   8.5663400e+00
   8.6428470e+00
   8.7198100e+00
   8.8079970e+00
   8.8892750e+00
   8.9675130e+00
   9.0447550e+00
   9.1226720e+00
   9.2005680e+00
   9.2761170e+00
   9.3524310e+00
   9.4288070e+00
   9.5051490e+00
   9.5818750e+00
   9.6589580e+00
   9.7352470e+00
   9.8114720e+00
   9.8858590e+00
   9.9602980e+00
   1.0034855e+01
   1.0111215e+01
   1.0187139e+01
   1.0264133e+01
   1.0340648e+01
   1.0415078e+01
   1.0489454e+01
   1.0564821e+01
   1.0639286e+01
   1.0714599e+01
   1.0788687e+01
   1.0862963e+01
   1.0936801e+01
   1.1010693e+01
   1.1084669e+01
   1.1159414e+01
   1.1235286e+01
   1.1311274e+01
   1.1387130e+01
   1.1463002e+01
   1.1538856e+01
   1.1614622e+01
   1.1691021e+01
   1.1766926e+01
   1.1843491e+01
   1.1919280e+01
   1.1995146e+01
   1.2071009e+01
   1.2146836e+01
   1.2222843e+01
   1.2298646e+01
   1.2375493e+01
   1.2451986e+01
   1.2527877e+01
   1.2601966e+01
   1.2676004e+01
   1.2749895e+01
   1.2824725e+01
   1.2898545e+01
   1.2973238e+01
   1.3047306e+01
   1.3122021e+01
   1.3196033e+01
   1.3270291e+01
   1.3344183e+01
   1.3418874e+01
   1.3492755e+01
   1.3566987e+01
   1.3640936e+01
   1.3715203e+01
   1.3789133e+01
   1.3863745e+01
   1.3939579e+01
   1.4015566e+01
   1.4091502e+01
   1.4167715e+01
   1.4244298e+01
   1.4320157e+01
   1.4396018e+01
   1.4471902e+01
   1.4548221e+01
   1.4624252e+01
   1.4700125e+01
   1.4775331e+01
   1.4850098e+01
   1.4923921e+01
   1.4998711e+01
   1.5072631e+01
   1.5147507e+01
   1.5221867e+01
   1.5296037e+01
   1.5370507e+01
   1.5445808e+01
   1.5519566e+01
   1.5594151e+01
   1.5668756e+01
   1.5742844e+01
   1.5816923e+01
   1.5891341e+01
   1.5967473e+01
   1.6043230e+01
   1.6119252e+01
   1.6195050e+01
   1.6272068e+01
   1.6347967e+01
   1.6423141e+01
   1.6497820e+01
   1.6572460e+01
   1.6646323e+01
   1.6720642e+01
   1.6794458e+01
   1.6869223e+01
   1.6943305e+01
   1.7017962e+01
   1.7091831e+01
   1.7166396e+01
   1.7240286e+01
   1.7314609e+01
   1.7388444e+01
   1.7462533e+01
   1.7536464e+01
   1.7610801e+01
   1.7685222e+01
   1.7760009e+01
   1.7833988e+01
   1.7908085e+01
   1.7982018e+01
   1.8056311e+01
   1.8130279e+01
   1.8204498e+01
   1.8278735e+01
   1.8353040e+01
   1.8429004e+01
   1.8504952e+01
   1.8581017e+01
   1.8657122e+01
   1.8733594e+01
   1.8809700e+01
   1.8886416e+01
   1.8962356e+01
   1.9038380e+01
   1.9114265e+01
   1.9190944e+01
   1.9266955e+01
   1.9343410e+01
   1.9419381e+01
   1.9494740e+01
   1.9568558e+01
   1.9643138e+01
   1.9716964e+01
   1.9793619e+01
   1.9867694e+01
   1.9941785e+01
   2.0015725e+01
   2.0089933e+01
   2.0165715e+01
   2.0241631e+01
   2.0317485e+01
   2.0393406e+01
   2.0469181e+01
   2.0545134e+01
   2.0620887e+01
   2.0696807e+01
   2.0772700e+01
   2.0848613e+01
   2.0925223e+01
   2.1001023e+01
   2.1077504e+01
   2.1151664e+01
   2.1226397e+01
   2.1300296e+01
   2.1375096e+01
   2.1449084e+01
   2.1523736e+01
   2.1597584e+01
   2.1672481e+01
   2.1746363e+01
   2.1821371e+01
   2.1895321e+01
   2.1970117e+01
   2.2044047e+01
   2.2118699e+01
   2.2192754e+01
   2.2267538e+01
   2.2341355e+01
   2.2415871e+01
   2.2489974e+01
   2.2564771e+01
   2.2638700e+01
   2.2712950e+01
   2.2786878e+01
   2.2861109e+01
   2.2935027e+01
   2.3009331e+01
   2.3083216e+01
   2.3157965e+01
   2.3233855e+01
   2.3309686e+01
   2.3385477e+01
   2.3461488e+01
   2.3537444e+01
   2.3612231e+01
   2.3687433e+01
   2.3761772e+01
   2.3836373e+01
   2.3910266e+01
   2.3984467e+01
   2.4058337e+01
   2.4132433e+01
   2.4206426e+01
   2.4280369e+01
   2.4354507e+01
   2.4428431e+01
   2.4502368e+01
   2.4576598e+01
   2.4651026e+01
   2.4724935e+01
   2.4799758e+01
   2.4873638e+01
   2.4948464e+01
   2.5022454e+01
   2.5096742e+01
   2.5170731e+01
   2.5245543e+01
   2.5319441e+01
   2.5394374e+01
   2.5468101e+01
   2.5542243e+01
   2.5616350e+01
   2.5690643e+01
   2.5766422e+01
   2.5842837e+01
   2.5919183e+01
   2.5995599e+01
   2.6071925e+01
   2.6147788e+01
   2.6223668e+01
   2.6299017e+01
   2.6373757e+01
   2.6447776e+01
   2.6522558e+01
   2.6596743e+01
   2.6671697e+01
   2.6745791e+01
   2.6819872e+01
   2.6893777e+01
   2.6968097e+01
   2.7042118e+01
   2.7116441e+01
   2.7190509e+01
   2.7264706e+01
   2.7338494e+01
   2.7412746e+01
   2.7488798e+01
   2.7564730e+01
   2.7640689e+01
   2.7716697e+01
   2.7792824e+01
   2.7869000e+01
   2.7945123e+01
   2.8021365e+01
   2.8097313e+01
   2.8173386e+01
   2.8249630e+01
   2.8325578e+01
   2.8402307e+01
   2.8480158e+01
   2.8557519e+01
   2.8634871e+01
   2.8712147e+01
   2.8789606e+01
   2.8866603e+01
   2.8943606e+01
   2.9020640e+01
   2.9095704e+01
   2.9170922e+01
   2.9246817e+01
   2.9321480e+01
   2.9396807e+01
   2.9471663e+01
   2.9546936e+01
   2.9621898e+01
   2.9697006e+01
   2.9772533e+01
   2.9847981e+01
   2.9925002e+01
   3.0002402e+01
   3.0079622e+01
   3.0156773e+01
   3.0234077e+01
   3.0311656e+01
   3.0389253e+01
   3.0466420e+01
   3.0544310e+01
   3.0621554e+01
   3.0698717e+01
   3.0775912e+01
   3.0852871e+01
   3.0930089e+01
   3.1007182e+01
   3.1084365e+01
   3.1161552e+01
   3.1238574e+01
   3.1316051e+01
   3.1393251e+01
   3.1470514e+01
   3.1547609e+01
   3.1623683e+01
   3.1699219e+01
   3.1774045e+01
   3.1849035e+01
   3.1923880e+01
   3.1998763e+01
   3.2073801e+01
   3.2149187e+01
   3.2224379e+01
   3.2300365e+01
   3.2377609e+01
   3.2454751e+01
   3.2532812e+01
   3.2609992e+01
   3.2687248e+01
   3.2764501e+01
   3.2841592e+01
   3.2919469e+01
   3.2996659e+01
   3.3073936e+01
   3.3150960e+01
   3.3228187e+01
   3.3305310e+01
   3.3382389e+01
   3.3459639e+01
   3.3536940e+01
   3.3614924e+01
   3.3692201e+01
   3.3769573e+01
   3.3846663e+01
   3.3923958e+01
   3.4001086e+01
   3.4078227e+01
   3.4155307e+01
   3.4232545e+01
   3.4309576e+01
   3.4386605e+01
   3.4463743e+01
   3.4540900e+01
   3.4616554e+01
   3.4691885e+01
   3.4769026e+01
   3.4846377e+01
   3.4924183e+01
   3.5001288e+01
   3.5076977e+01
   3.5152005e+01
   3.5226959e+01
   3.5301994e+01
   3.5376902e+01
   3.5452175e+01
   3.5529316e+01
   3.5606545e+01
   3.5684736e+01
   3.5761847e+01
   3.5839936e+01
   3.5917063e+01
   3.5994225e+01
   3.6069562e+01
