   1.2503704e-07
   2.6613168e-07
   3.8602532e-07
   4.8603516e-07
   5.9363432e-07
   6.5799172e-07
   7.1223824e-07
   7.7535598e-07
   8.4122256e-07
   8.9332671e-07
   9.1848319e-07
   9.4889185e-07
   9.6302300e-07
   9.7300595e-07
   9.8054072e-07
   9.8426595e-07
   9.9682185e-07
   1.0045486e-06
   1.0074265e-06
   1.0113011e-06
   1.0188715e-06
   1.0294756e-06
   1.0439787e-06
   1.0475982e-06
   1.0570000e-06
   1.0743687e-06
   1.0888083e-06
   1.1010457e-06
   1.1337879e-06
   1.1682967e-06
   1.2181928e-06
   1.2842000e-06
   1.3436146e-06
   1.4195511e-06
   1.5655671e-06
   1.6563684e-06
   1.7771229e-06
   1.9017754e-06
   2.0036976e-06
   2.1764912e-06
   2.3377823e-06
   2.5196532e-06
   2.7421937e-06
   2.9504325e-06
   3.1993854e-06
   3.4223320e-06
   3.6732586e-06
   3.9854200e-06
   4.2966644e-06
   4.6517078e-06
   4.9898660e-06
   5.3262043e-06
   5.6414326e-06
   6.0586138e-06
   6.4769884e-06
   6.9290244e-06
   7.4781399e-06
   7.9776382e-06
   8.4506174e-06
   9.0298113e-06
   9.5702165e-06
   1.0233122e-05
   1.1020207e-05
   1.1691971e-05
   1.2392079e-05
   1.3048584e-05
   1.3863248e-05
   1.4762692e-05
   1.5702148e-05
   1.6583100e-05
   1.7537140e-05
   1.8551189e-05
   1.9612736e-05
   2.0647145e-05
   2.1648679e-05
   2.2915733e-05
   2.4163941e-05
   2.5410524e-05
   2.6737099e-05
   2.8191022e-05
   2.9520484e-05
   3.0910356e-05
   3.2305998e-05
   3.3731616e-05
   3.5255007e-05
   3.6809941e-05
   3.8420732e-05
   4.0040834e-05
   4.1791573e-05
   4.3622313e-05
   4.5681641e-05
   4.7653737e-05
   4.9675245e-05
   5.1642508e-05
   5.3554777e-05
   5.5773362e-05
   5.8043477e-05
   6.0362230e-05
   6.2651398e-05
   6.4941575e-05
   6.7522646e-05
   7.0013199e-05
   7.2508260e-05
   7.5205798e-05
   7.7910512e-05
   8.0504776e-05
   8.3297528e-05
   8.6051543e-05
   8.9024083e-05
   9.1856963e-05
   9.4800539e-05
   9.7917386e-05
   1.0107460e-04
   1.0409357e-04
   1.0742709e-04
   1.1062356e-04
   1.1407820e-04
   1.1755372e-04
   1.2132990e-04
   1.2500717e-04
   1.2892995e-04
   1.3247250e-04
   1.3663778e-04
   1.4044006e-04
   1.4429844e-04
   1.4840716e-04
   1.5261955e-04
   1.5686204e-04
   1.6112781e-04
   1.6537005e-04
   1.6977520e-04
   1.7409774e-04
   1.7873025e-04
   1.8355713e-04
   1.8841947e-04
   1.9337320e-04
   1.9840772e-04
   2.0331626e-04
   2.0860336e-04
   2.1392979e-04
   2.1902139e-04
   2.2440744e-04
   2.2994818e-04
   2.3529799e-04
   2.4096195e-04
   2.4654562e-04
   2.5263608e-04
   2.5849587e-04
   2.6467804e-04
   2.7066615e-04
   2.7667538e-04
   2.8300806e-04
   2.8918389e-04
   2.9552351e-04
   3.0212480e-04
   3.0868713e-04
   3.1559546e-04
   3.2217162e-04
   3.2912813e-04
   3.3635641e-04
   3.4337446e-04
   3.5064625e-04
   3.5777745e-04
   3.6490163e-04
   3.7275530e-04
   3.8039447e-04
   3.8767948e-04
   3.9536225e-04
   4.0308988e-04
   4.1098423e-04
   4.1928526e-04
   4.2784117e-04
   4.3604482e-04
   4.4477082e-04
   4.5335960e-04
   4.6209968e-04
   4.7105455e-04
   4.7983536e-04
   4.8891085e-04
   4.9828572e-04
   5.0754813e-04
   5.1707785e-04
   5.2636951e-04
   5.3624545e-04
   5.4613031e-04
   5.5590817e-04
   5.6567537e-04
   5.7614024e-04
   5.8593240e-04
   5.9631412e-04
   6.0637814e-04
   6.1668066e-04
   6.2769700e-04
   6.3857144e-04
   6.4962779e-04
   6.6066764e-04
   6.7186226e-04
   6.8304600e-04
   6.9459925e-04
   7.0670193e-04
   7.1853043e-04
   7.3040167e-04
   7.4249622e-04
   7.5456695e-04
   7.6680165e-04
   7.7900671e-04
   7.9133302e-04
   8.0370356e-04
   8.1662734e-04
   8.2970776e-04
   8.4324874e-04
   8.5673673e-04
   8.7037920e-04
   8.8361692e-04
   8.9690408e-04
   9.1049534e-04
   9.2462971e-04
   9.3888189e-04
   9.5306539e-04
   9.6773050e-04
   9.8213003e-04
   9.9664691e-04
   1.0116645e-03
   1.0268237e-03
   1.0415323e-03
   1.0565555e-03
   1.0719885e-03
   1.0874670e-03
   1.1033487e-03
   1.1194467e-03
   1.1353959e-03
   1.1516486e-03
   1.1676715e-03
   1.1839010e-03
   1.2005443e-03
   1.2177348e-03
   1.2349520e-03
   1.2520709e-03
   1.2695740e-03
   1.2868874e-03
   1.3041129e-03
   1.3214500e-03
   1.3392196e-03
   1.3575039e-03
   1.3756451e-03
   1.3940748e-03
   1.4124223e-03
   1.4311826e-03
   1.4502233e-03
   1.4689261e-03
   1.4880494e-03
   1.5069179e-03
   1.5263813e-03
   1.5461323e-03
   1.5658188e-03
   1.5854902e-03
   1.6055293e-03
   1.6258792e-03
   1.6461759e-03
   1.6668848e-03
   1.6877673e-03
   1.7084678e-03
   1.7293194e-03
   1.7509076e-03
   1.7726423e-03
   1.7946049e-03
   1.8170040e-03
   1.8392304e-03
   1.8615559e-03
   1.8835169e-03
   1.9064688e-03
   1.9289485e-03
   1.9517364e-03
   1.9740247e-03
   1.9973217e-03
   2.0204912e-03
   2.0439762e-03
   2.0675962e-03
   2.0915234e-03
   2.1158222e-03
   2.1410351e-03
   2.1651079e-03
   2.1897553e-03
   2.2148347e-03
   2.2394428e-03
   2.2642350e-03
   2.2893347e-03
   2.3145257e-03
   2.3405327e-03
   2.3662998e-03
   2.3924055e-03
   2.4189657e-03
   2.4455386e-03
   2.4721017e-03
   2.4989839e-03
   2.5263247e-03
   2.5530399e-03
   2.5798452e-03
   2.6072808e-03
   2.6351616e-03
   2.6634717e-03
   2.6917321e-03
   2.7200183e-03
   2.7487505e-03
   2.7778604e-03
   2.8073574e-03
   2.8362420e-03
   2.8651557e-03
   2.8940116e-03
   2.9243640e-03
   2.9541734e-03
   2.9847390e-03
   3.0150367e-03
   3.0457193e-03
   3.0764363e-03
   3.1077166e-03
   3.1391939e-03
   3.1705150e-03
   3.2024775e-03
   3.2345564e-03
   3.2669641e-03
   3.2994486e-03
   3.3317377e-03
   3.3647480e-03
   3.3976946e-03
   3.4310047e-03
   3.4641379e-03
   3.4973235e-03
   3.5318714e-03
   3.5662054e-03
   3.6006242e-03
   3.6355511e-03
   3.6703873e-03
   3.7051850e-03
   3.7403867e-03
   3.7757497e-03
   3.8110558e-03
   3.8473353e-03
   3.8835026e-03
   3.9195477e-03
   3.9560754e-03
   3.9921528e-03
   4.0289766e-03
   4.0660030e-03
   4.1040184e-03
   4.1420759e-03
   4.1799182e-03
   4.2177925e-03
   4.2562742e-03
   4.2951841e-03
   4.3333226e-03
   4.3718664e-03
   4.4113884e-03
   4.4510382e-03
   4.4915525e-03
   4.5309343e-03
   4.5708534e-03
   4.6113925e-03
   4.6510693e-03
   4.6921797e-03
   4.7343999e-03
   4.7757478e-03
   4.8165592e-03
   4.8581257e-03
   4.9015278e-03
   4.9442981e-03
   4.9872584e-03
   5.0298767e-03
   5.0731152e-03
   5.1158896e-03
   5.1587605e-03
   5.2032596e-03
   5.2477686e-03
   5.2926550e-03
   5.3374706e-03
   5.3822243e-03
   5.4276688e-03
   5.4733722e-03
   5.5193311e-03
   5.5656987e-03
   5.6120271e-03
   5.6579680e-03
   5.7044458e-03
   5.7514887e-03
   5.7983374e-03
   5.8459345e-03
   5.8928959e-03
   5.9408786e-03
   5.9889347e-03
   6.0383802e-03
   6.0867499e-03
   6.1347015e-03
   6.1837484e-03
   6.2333957e-03
   6.2827520e-03
   6.3339218e-03
   6.3838102e-03
   6.4334882e-03
   6.4846199e-03
   6.5360585e-03
   6.5872577e-03
   6.6389431e-03
   6.6899042e-03
   6.7415564e-03
   6.7931117e-03
   6.8447198e-03
   6.8982780e-03
   6.9514759e-03
   7.0051037e-03
   7.0584871e-03
   7.1126517e-03
   7.1669687e-03
   7.2213741e-03
   7.2762413e-03
   7.3314593e-03
   7.3861380e-03
   7.4411419e-03
   7.4967602e-03
   7.5535529e-03
   7.6100077e-03
   7.6661751e-03
   7.7228719e-03
   7.7806871e-03
   7.8380011e-03
   7.8965139e-03
   7.9551430e-03
   8.0136283e-03
   8.0728623e-03
   8.1309872e-03
   8.1902762e-03
   8.2494764e-03
   8.3092833e-03
   8.3694726e-03
   8.4291812e-03
   8.4901774e-03
   8.5508146e-03
   8.6121270e-03
   8.6743635e-03
   8.7364395e-03
   8.7991106e-03
   8.8616023e-03
   8.9247039e-03
   8.9876904e-03
   9.0517980e-03
   9.1160453e-03
   9.1807077e-03
   9.2454239e-03
   9.3100449e-03
   9.3756270e-03
   9.4407749e-03
   9.5058957e-03
   9.5727566e-03
   9.6390110e-03
   9.7064801e-03
   9.7730847e-03
   9.8408972e-03
   9.9081622e-03
   9.9759042e-03
   1.0043901e-02
   1.0112065e-02
   1.0180660e-02
   1.0249485e-02
   1.0319011e-02
   1.0388845e-02
   1.0459764e-02
   1.0529613e-02
   1.0600521e-02
   1.0672276e-02
   1.0744387e-02
   1.0815983e-02
   1.0887720e-02
   1.0958665e-02
   1.1031912e-02
   1.1104479e-02
   1.1177575e-02
   1.1250872e-02
   1.1324939e-02
   1.1399012e-02
   1.1473681e-02
   1.1547788e-02
   1.1623414e-02
   1.1698419e-02
   1.1774108e-02
   1.1849360e-02
   1.1925395e-02
   1.2002402e-02
   1.2079910e-02
   1.2158036e-02
   1.2235996e-02
   1.2314439e-02
   1.2391711e-02
   1.2469751e-02
   1.2548272e-02
   1.2627620e-02
   1.2707365e-02
   1.2786648e-02
   1.2866828e-02
   1.2946964e-02
   1.3027404e-02
   1.3108303e-02
   1.3189831e-02
   1.3272178e-02
   1.3353888e-02
   1.3436856e-02
   1.3519549e-02
   1.3604614e-02
   1.3688332e-02
   1.3772530e-02
   1.3857981e-02
   1.3942670e-02
   1.4027088e-02
   1.4112159e-02
   1.4198795e-02
   1.4285858e-02
   1.4372283e-02
   1.4457628e-02
   1.4544437e-02
   1.4632171e-02
   1.4719595e-02
   1.4808271e-02
   1.4896174e-02
   1.4985536e-02
   1.5074800e-02
   1.5163828e-02
   1.5254126e-02
   1.5344682e-02
   1.5433986e-02
   1.5523723e-02
   1.5615280e-02
   1.5706982e-02
   1.5798495e-02
   1.5891639e-02
   1.5985116e-02
   1.6077865e-02
   1.6171431e-02
   1.6266378e-02
   1.6360466e-02
   1.6455604e-02
   1.6549684e-02
   1.6645891e-02
   1.6742067e-02
   1.6839160e-02
   1.6934997e-02
   1.7031837e-02
   1.7129554e-02
   1.7226307e-02
   1.7324460e-02
   1.7422440e-02
   1.7522221e-02
   1.7621079e-02
   1.7720158e-02
   1.7820740e-02
   1.7920854e-02
   1.8020688e-02
   1.8121773e-02
   1.8223814e-02
   1.8325092e-02
   1.8426274e-02
   1.8529192e-02
   1.8632919e-02
   1.8735899e-02
   1.8839886e-02
   1.8942456e-02
   1.9046659e-02
   1.9151289e-02
   1.9255488e-02
   1.9360579e-02
   1.9466569e-02
   1.9573213e-02
   1.9679943e-02
   1.9785903e-02
   1.9893863e-02
   2.0001791e-02
   2.0109941e-02
   2.0217771e-02
   2.0326480e-02
   2.0435805e-02
   2.0546041e-02
   2.0657144e-02
   2.0768504e-02
   2.0879871e-02
   2.0991095e-02
   2.1103300e-02
   2.1215674e-02
   2.1327880e-02
   2.1440627e-02
   2.1553969e-02
   2.1667558e-02
   2.1781619e-02
   2.1896245e-02
   2.2011538e-02
   2.2127483e-02
   2.2243278e-02
   2.2360040e-02
   2.2476269e-02
   2.2594102e-02
   2.2712271e-02
   2.2830472e-02
   2.2948618e-02
   2.3067797e-02
   2.3185459e-02
   2.3304344e-02
   2.3423597e-02
   2.3543790e-02
   2.3664019e-02
   2.3784055e-02
   2.3905501e-02
   2.4026511e-02
   2.4149472e-02
   2.4272950e-02
   2.4395278e-02
   2.4519493e-02
   2.4643077e-02
   2.4767401e-02
   2.4891508e-02
   2.5017889e-02
   2.5143886e-02
   2.5269037e-02
   2.5395918e-02
   2.5522842e-02
   2.5648548e-02
   2.5776636e-02
   2.5905915e-02
   2.6033747e-02
   2.6162988e-02
   2.6291711e-02
   2.6421417e-02
   2.6550721e-02
   2.6682340e-02
   2.6813130e-02
   2.6944807e-02
   2.7076871e-02
   2.7209387e-02
   2.7343433e-02
   2.7477200e-02
   2.7612693e-02
   2.7747045e-02
   2.7882661e-02
   2.8017945e-02
   2.8153344e-02
   2.8288200e-02
   2.8424913e-02
   2.8562928e-02
   2.8699541e-02
   2.8838428e-02
   2.8977601e-02
   2.9116276e-02
   2.9254438e-02
   2.9393782e-02
   2.9533546e-02
   2.9674799e-02
   2.9815809e-02
   2.9957921e-02
   3.0098893e-02
   3.0242288e-02
   3.0384371e-02
   3.0525320e-02
   3.0668078e-02
   3.0810620e-02
   3.0955934e-02
   3.1101125e-02
   3.1246183e-02
   3.1392214e-02
   3.1538126e-02
   3.1684404e-02
   3.1831906e-02
   3.1979724e-02
   3.2127004e-02
   3.2275258e-02
   3.2424171e-02
   3.2573296e-02
   3.2722668e-02
   3.2872597e-02
   3.3022290e-02
   3.3175452e-02
   3.3326488e-02
   3.3478426e-02
   3.3630898e-02
   3.3783260e-02
   3.3935786e-02
   3.4090118e-02
   3.4243869e-02
   3.4397986e-02
   3.4552706e-02
   3.4706625e-02
   3.4862458e-02
   3.5019434e-02
   3.5176080e-02
   3.5333323e-02
   3.5491391e-02
   3.5650543e-02
   3.5810490e-02
   3.5967944e-02
   3.6127376e-02
   3.6288613e-02
   3.6449145e-02
   3.6610319e-02
   3.6772481e-02
   3.6935803e-02
   3.7098070e-02
   3.7260439e-02
   3.7423188e-02
   3.7587521e-02
   3.7751077e-02
   3.7916023e-02
   3.8081538e-02
   3.8247912e-02
   3.8414351e-02
   3.8580747e-02
   3.8748346e-02
   3.8915057e-02
   3.9083466e-02
   3.9251842e-02
   3.9420420e-02
   3.9590189e-02
   3.9760483e-02
   3.9932063e-02
   4.0102145e-02
   4.0274240e-02
   4.0447653e-02
   4.0620341e-02
   4.0794166e-02
   4.0969654e-02
   4.1145352e-02
   4.1321672e-02
   4.1497227e-02
   4.1673867e-02
   4.1850761e-02
   4.2027800e-02
   4.2203512e-02
   4.2381649e-02
   4.2560138e-02
   4.2739317e-02
   4.2918594e-02
   4.3098283e-02
   4.3277946e-02
   4.3458695e-02
   4.3641493e-02
   4.3823427e-02
   4.4006156e-02
   4.4189361e-02
   4.4372674e-02
   4.4556738e-02
   4.4742279e-02
   4.4927482e-02
   4.5114338e-02
   4.5299448e-02
   4.5485703e-02
   4.5673267e-02
   4.5861049e-02
   4.6048204e-02
   4.6236496e-02
   4.6425747e-02
   4.6615542e-02
   4.6806589e-02
   4.6998479e-02
   4.7190611e-02
   4.7382852e-02
   4.7576033e-02
   4.7769054e-02
   4.7961898e-02
   4.8156268e-02
   4.8351532e-02
   4.8546838e-02
   4.8741482e-02
   4.8937432e-02
   4.9135125e-02
   4.9331545e-02
   4.9528060e-02
   4.9726108e-02
   4.9925696e-02
   5.0124377e-02
   5.0324830e-02
   5.0523384e-02
   5.0723406e-02
   5.0922886e-02
   5.1123328e-02
   5.1325265e-02
   5.1527823e-02
   5.1731490e-02
   5.1935482e-02
   5.2140186e-02
   5.2344104e-02
   5.2549254e-02
   5.2754832e-02
   5.2960419e-02
   5.3167392e-02
   5.3374998e-02
   5.3583518e-02
   5.3792495e-02
   5.4001836e-02
   5.4211863e-02
   5.4421936e-02
   5.4632528e-02
   5.4842407e-02
   5.5054877e-02
   5.5267029e-02
   5.5480606e-02
   5.5694426e-02
   5.5908519e-02
   5.6122515e-02
   5.6337347e-02
   5.6553743e-02
   5.6770216e-02
   5.6986565e-02
   5.7202780e-02
   5.7421214e-02
   5.7639236e-02
   5.7858080e-02
   5.8076381e-02
   5.8295786e-02
   5.8516429e-02
   5.8737144e-02
   5.8957615e-02
   5.9177833e-02
   5.9401818e-02
   5.9625049e-02
   5.9849795e-02
   6.0075213e-02
   6.0300578e-02
   6.0524575e-02
   6.0751353e-02
   6.0979210e-02
   6.1206884e-02
   6.1434894e-02
   6.1662784e-02
   6.1891391e-02
   6.2119874e-02
   6.2350716e-02
   6.2582283e-02
   6.2814601e-02
   6.3048376e-02
   6.3281866e-02
   6.3515394e-02
   6.3748282e-02
   6.3982635e-02
   6.4218751e-02
   6.4455945e-02
   6.4690941e-02
   6.4927747e-02
   6.5167971e-02
   6.5406004e-02
   6.5644882e-02
   6.5884070e-02
   6.6122437e-02
   6.6363541e-02
   6.6604342e-02
   6.6844417e-02
   6.7087682e-02
   6.7330223e-02
   6.7573585e-02
   6.7817222e-02
   6.8063281e-02
   6.8307611e-02
   6.8551942e-02
   6.8798547e-02
   6.9043932e-02
   6.9293067e-02
   6.9542319e-02
   6.9791589e-02
   7.0041559e-02
   7.0291713e-02
   7.0540526e-02
   7.0791164e-02
   7.1042262e-02
   7.1296559e-02
   7.1550436e-02
   7.1803744e-02
   7.2059536e-02
   7.2313615e-02
   7.2569425e-02
   7.2825401e-02
   7.3082491e-02
   7.3338572e-02
   7.3594859e-02
   7.3852487e-02
   7.4114316e-02
   7.4374011e-02
   7.4633906e-02
   7.4895832e-02
   7.5156979e-02
   7.5421047e-02
   7.5684671e-02
   7.5949333e-02
   7.6213269e-02
   7.6476370e-02
   7.6739644e-02
   7.7006441e-02
   7.7272184e-02
   7.7538712e-02
   7.7805610e-02
   7.8073682e-02
   7.8341819e-02
   7.8611867e-02
   7.8879498e-02
   7.9150941e-02
   7.9420733e-02
   7.9693404e-02
   7.9965910e-02
   8.0238286e-02
   8.0510911e-02
   8.0786013e-02
   8.1061175e-02
   8.1335163e-02
   8.1611112e-02
   8.1887079e-02
   8.2163572e-02
   8.2440613e-02
   8.2719686e-02
   8.2998367e-02
   8.3279361e-02
   8.3559426e-02
   8.3840917e-02
   8.4121079e-02
   8.4402620e-02
   8.4684608e-02
   8.4965731e-02
   8.5251628e-02
   8.5535461e-02
   8.5819921e-02
   8.6105299e-02
   8.6390026e-02
   8.6677688e-02
   8.6967718e-02
   8.7256757e-02
   8.7544854e-02
   8.7834573e-02
   8.8123825e-02
   8.8414437e-02
   8.8706497e-02
   8.8998424e-02
   8.9291639e-02
   8.9583993e-02
   8.9877592e-02
   9.0171790e-02
   9.0465919e-02
   9.0760386e-02
   9.1058460e-02
   9.1356138e-02
   9.1655130e-02
   9.1952133e-02
   9.2251042e-02
   9.2552665e-02
   9.2854368e-02
   9.3155161e-02
   9.3457732e-02
   9.3761620e-02
   9.4064824e-02
   9.4367661e-02
   9.4672582e-02
   9.4980485e-02
   9.5283472e-02
   9.5587850e-02
   9.5894714e-02
   9.6202551e-02
   9.6511393e-02
   9.6818522e-02
   9.7126658e-02
   9.7436528e-02
   9.7749749e-02
   9.8061516e-02
   9.8373444e-02
   9.8685859e-02
   9.8999764e-02
   9.9316220e-02
   9.9628352e-02
   9.9944006e-02
   1.0025968e-01
   1.0057754e-01
   1.0089799e-01
   1.0121549e-01
   1.0153250e-01
   1.0185057e-01
   1.0217162e-01
   1.0249307e-01
   1.0281525e-01
   1.0313681e-01
   1.0345881e-01
   1.0378327e-01
   1.0410805e-01
   1.0443227e-01
   1.0475804e-01
   1.0508560e-01
   1.0541165e-01
   1.0574058e-01
   1.0606937e-01
   1.0639887e-01
   1.0672831e-01
   1.0705894e-01
   1.0739071e-01
   1.0772431e-01
   1.0805583e-01
   1.0838841e-01
   1.0872191e-01
   1.0905572e-01
   1.0939065e-01
   1.0972532e-01
   1.1006069e-01
   1.1040012e-01
   1.1073884e-01
   1.1107763e-01
   1.1141733e-01
   1.1175811e-01
   1.1209831e-01
   1.1243926e-01
   1.1277960e-01
   1.1312154e-01
   1.1346528e-01
   1.1381009e-01
   1.1415542e-01
   1.1450300e-01
   1.1484769e-01
   1.1519659e-01
   1.1554357e-01
   1.1589281e-01
   1.1624257e-01
   1.1659549e-01
   1.1694705e-01
   1.1730041e-01
   1.1765384e-01
   1.1800716e-01
   1.1836024e-01
   1.1871511e-01
   1.1906894e-01
   1.1942423e-01
   1.1977997e-01
   1.2013639e-01
   1.2049330e-01
   1.2085315e-01
   1.2121131e-01
   1.2157270e-01
   1.2193433e-01
   1.2229528e-01
   1.2265836e-01
   1.2302167e-01
   1.2338722e-01
   1.2375229e-01
   1.2411724e-01
   1.2448209e-01
   1.2484803e-01
   1.2521528e-01
   1.2558153e-01
   1.2595115e-01
   1.2632108e-01
   1.2668984e-01
   1.2706027e-01
   1.2743372e-01
   1.2780473e-01
   1.2818001e-01
   1.2855377e-01
   1.2892688e-01
   1.2930131e-01
   1.2967741e-01
   1.3005442e-01
   1.3042896e-01
   1.3080735e-01
   1.3118672e-01
   1.3156446e-01
   1.3194572e-01
   1.3232724e-01
   1.3270984e-01
   1.3309140e-01
   1.3347257e-01
   1.3385807e-01
   1.3424437e-01
   1.3462974e-01
   1.3501513e-01
   1.3540150e-01
   1.3578734e-01
   1.3617374e-01
   1.3656221e-01
   1.3694998e-01
   1.3733918e-01
   1.3772993e-01
   1.3812152e-01
   1.3851361e-01
   1.3890879e-01
   1.3930246e-01
   1.3969648e-01
   1.4009194e-01
   1.4048882e-01
   1.4088613e-01
   1.4128407e-01
   1.4168180e-01
   1.4208195e-01
   1.4248275e-01
   1.4288278e-01
   1.4328486e-01
   1.4368734e-01
   1.4408933e-01
   1.4449414e-01
   1.4489981e-01
   1.4530482e-01
   1.4571023e-01
   1.4611793e-01
   1.4652345e-01
   1.4693188e-01
   1.4734238e-01
   1.4775344e-01
   1.4816414e-01
   1.4857426e-01
   1.4898668e-01
   1.4940079e-01
   1.4981500e-01
   1.5023116e-01
   1.5064636e-01
   1.5106472e-01
   1.5148202e-01
   1.5190038e-01
   1.5231838e-01
   1.5273857e-01
   1.5315943e-01
   1.5358131e-01
   1.5400266e-01
   1.5442331e-01
   1.5484627e-01
   1.5527071e-01
   1.5569612e-01
   1.5612139e-01
   1.5654770e-01
   1.5697333e-01
   1.5740157e-01
   1.5783227e-01
   1.5825914e-01
   1.5869080e-01
   1.5911924e-01
   1.5955028e-01
   1.5998295e-01
   1.6041780e-01
   1.6085157e-01
   1.6128527e-01
   1.6172075e-01
   1.6215747e-01
   1.6259322e-01
   1.6302981e-01
   1.6346791e-01
   1.6390612e-01
   1.6434738e-01
   1.6478919e-01
   1.6523346e-01
   1.6567632e-01
   1.6612007e-01
   1.6656372e-01
   1.6700722e-01
   1.6745415e-01
   1.6789983e-01
   1.6834819e-01
   1.6879494e-01
   1.6924241e-01
   1.6968996e-01
   1.7013725e-01
   1.7058865e-01
   1.7104095e-01
   1.7149190e-01
   1.7194448e-01
   1.7240042e-01
   1.7285429e-01
   1.7330951e-01
   1.7376735e-01
   1.7422527e-01
   1.7468300e-01
   1.7514179e-01
   1.7560380e-01
   1.7606608e-01
   1.7652814e-01
   1.7699068e-01
   1.7745397e-01
   1.7791722e-01
   1.7838125e-01
   1.7884844e-01
   1.7931565e-01
   1.7978116e-01
   1.8024816e-01
   1.8071933e-01
   1.8118628e-01
   1.8165649e-01
   1.8212718e-01
   1.8260072e-01
   1.8307397e-01
   1.8354930e-01
   1.8402516e-01
   1.8450271e-01
   1.8498035e-01
   1.8545523e-01
   1.8593318e-01
   1.8641153e-01
   1.8689325e-01
   1.8737251e-01
   1.8785385e-01
   1.8833403e-01
   1.8881680e-01
   1.8929898e-01
   1.8978430e-01
   1.9026801e-01
   1.9075569e-01
   1.9124312e-01
   1.9173056e-01
   1.9221940e-01
   1.9270959e-01
   1.9320026e-01
   1.9368933e-01
   1.9417998e-01
   1.9467047e-01
   1.9516480e-01
   1.9565880e-01
   1.9614986e-01
   1.9664733e-01
   1.9714398e-01
   1.9764385e-01
   1.9814080e-01
   1.9864249e-01
   1.9914314e-01
   1.9964332e-01
   2.0014397e-01
   2.0064679e-01
   2.0115487e-01
   2.0166187e-01
   2.0216705e-01
   2.0267151e-01
   2.0317941e-01
   2.0368702e-01
   2.0419403e-01
   2.0470493e-01
   2.0521682e-01
   2.0572657e-01
   2.0623794e-01
   2.0674945e-01
   2.0726588e-01
   2.0778212e-01
   2.0829932e-01
   2.0881431e-01
   2.0933154e-01
   2.0985051e-01
   2.1037140e-01
   2.1089140e-01
   2.1141259e-01
   2.1193611e-01
   2.1245693e-01
   2.1297882e-01
   2.1350475e-01
   2.1402908e-01
   2.1455545e-01
   2.1508514e-01
   2.1561171e-01
   2.1613699e-01
   2.1666614e-01
   2.1719578e-01
   2.1772705e-01
   2.1825575e-01
   2.1878813e-01
   2.1932116e-01
   2.1985427e-01
   2.2038894e-01
   2.2092463e-01
   2.2146306e-01
   2.2200381e-01
   2.2254372e-01
   2.2308563e-01
   2.2362752e-01
   2.2417084e-01
   2.2471458e-01
   2.2525829e-01
   2.2580267e-01
   2.2634777e-01
   2.2689377e-01
   2.2744070e-01
   2.2798852e-01
   2.2853822e-01
   2.2908895e-01
   2.2964107e-01
   2.3019029e-01
   2.3074313e-01
   2.3129332e-01
   2.3184610e-01
   2.3239921e-01
   2.3295603e-01
   2.3351005e-01
   2.3406805e-01
   2.3462562e-01
   2.3518786e-01
   2.3575119e-01
   2.3631186e-01
   2.3687414e-01
   2.3743788e-01
   2.3800381e-01
   2.3856309e-01
   2.3912571e-01
   2.3969008e-01
   2.4025694e-01
   2.4082311e-01
   2.4138984e-01
   2.4195551e-01
   2.4252465e-01
   2.4309592e-01
   2.4366769e-01
   2.4424133e-01
   2.4481898e-01
   2.4539471e-01
   2.4597019e-01
   2.4654920e-01
   2.4712814e-01
   2.4770639e-01
   2.4828524e-01
   2.4886478e-01
   2.4944516e-01
   2.5002740e-01
   2.5061245e-01
   2.5119316e-01
   2.5177626e-01
   2.5236036e-01
   2.5294697e-01
   2.5353238e-01
   2.5412096e-01
   2.5470961e-01
   2.5529791e-01
   2.5589083e-01
   2.5648641e-01
   2.5707941e-01
   2.5767454e-01
   2.5826888e-01
   2.5886480e-01
   2.5945963e-01
   2.6005682e-01
   2.6065046e-01
   2.6125071e-01
   2.6185073e-01
   2.6245239e-01
   2.6305819e-01
   2.6366160e-01
   2.6426207e-01
   2.6486964e-01
   2.6547348e-01
   2.6607875e-01
   2.6668684e-01
   2.6729605e-01
   2.6790784e-01
   2.6851613e-01
   2.6912898e-01
   2.6974034e-01
   2.7035088e-01
   2.7096535e-01
   2.7158119e-01
   2.7219810e-01
   2.7281364e-01
   2.7343331e-01
   2.7405151e-01
   2.7467021e-01
   2.7529406e-01
   2.7591493e-01
   2.7653828e-01
   2.7716166e-01
   2.7778720e-01
   2.7841423e-01
   2.7904229e-01
   2.7967105e-01
   2.8029863e-01
   2.8092493e-01
   2.8155699e-01
   2.8218759e-01
   2.8281943e-01
   2.8345010e-01
   2.8408188e-01
   2.8471432e-01
   2.8535101e-01
   2.8598779e-01
   2.8662438e-01
   2.8726240e-01
   2.8790002e-01
   2.8853953e-01
   2.8918025e-01
   2.8982291e-01
   2.9046427e-01
   2.9110854e-01
   2.9175295e-01
   2.9239941e-01
   2.9304424e-01
   2.9369322e-01
   2.9434504e-01
   2.9499548e-01
   2.9564791e-01
   2.9630197e-01
   2.9695393e-01
   2.9760645e-01
   2.9826249e-01
   2.9891887e-01
   2.9957532e-01
   3.0023444e-01
   3.0089487e-01
   3.0155653e-01
   3.0221799e-01
   3.0288153e-01
   3.0354465e-01
   3.0420830e-01
   3.0487017e-01
   3.0553424e-01
   3.0620247e-01
   3.0686996e-01
   3.0753738e-01
   3.0820731e-01
   3.0887682e-01
   3.0954720e-01
   3.1022051e-01
   3.1089773e-01
   3.1157202e-01
   3.1224503e-01
   3.1292076e-01
   3.1359838e-01
   3.1427734e-01
   3.1495801e-01
   3.1563886e-01
   3.1631911e-01
   3.1699871e-01
   3.1768165e-01
   3.1836535e-01
   3.1905298e-01
   3.1974011e-01
   3.2042754e-01
   3.2111299e-01
   3.2180050e-01
   3.2248573e-01
   3.2317867e-01
   3.2387050e-01
   3.2456393e-01
   3.2525592e-01
   3.2595258e-01
   3.2664657e-01
   3.2734059e-01
   3.2803644e-01
   3.2873374e-01
   3.2943194e-01
   3.3013100e-01
   3.3083186e-01
   3.3153474e-01
   3.3223958e-01
   3.3294266e-01
   3.3364473e-01
   3.3435040e-01
   3.3506042e-01
   3.3576978e-01
   3.3647890e-01
   3.3718666e-01
   3.3789992e-01
   3.3861411e-01
   3.3932550e-01
   3.4004200e-01
   3.4075767e-01
   3.4147446e-01
   3.4219385e-01
   3.4291403e-01
   3.4363180e-01
   3.4435284e-01
   3.4507268e-01
   3.4579361e-01
   3.4651946e-01
   3.4724357e-01
   3.4796799e-01
   3.4869782e-01
   3.4942913e-01
   3.5015901e-01
   3.5089259e-01
   3.5162282e-01
   3.5235310e-01
   3.5308850e-01
   3.5382400e-01
   3.5456058e-01
   3.5529294e-01
   3.5602779e-01
   3.5676312e-01
   3.5750348e-01
   3.5824344e-01
   3.5898458e-01
   3.5972922e-01
   3.6047447e-01
   3.6121661e-01
   3.6196597e-01
   3.6271530e-01
   3.6346505e-01
   3.6421231e-01
   3.6496307e-01
   3.6571144e-01
   3.6646165e-01
   3.6721415e-01
   3.6797147e-01
   3.6872742e-01
   3.6948447e-01
   3.7024088e-01
   3.7099972e-01
   3.7175915e-01
   3.7251859e-01
   3.7328128e-01
   3.7404328e-01
   3.7480531e-01
   3.7557020e-01
   3.7634065e-01
   3.7711151e-01
   3.7787803e-01
   3.7864587e-01
   3.7941439e-01
   3.8018608e-01
   3.8095897e-01
   3.8173055e-01
   3.8250389e-01
   3.8328065e-01
   3.8405582e-01
   3.8483194e-01
   3.8560775e-01
   3.8638653e-01
   3.8716698e-01
   3.8794700e-01
   3.8873067e-01
   3.8951121e-01
   3.9029573e-01
   3.9108303e-01
   3.9186822e-01
   3.9265469e-01
   3.9344589e-01
   3.9423532e-01
   3.9502254e-01
   3.9581582e-01
   3.9660797e-01
   3.9740191e-01
   3.9819489e-01
   3.9899289e-01
   3.9978946e-01
   4.0058446e-01
   4.0138324e-01
   4.0218430e-01
   4.0298251e-01
   4.0378457e-01
   4.0458896e-01
   4.0539163e-01
   4.0619442e-01
   4.0699889e-01
   4.0780714e-01
   4.0861341e-01
   4.0942297e-01
   4.1023299e-01
   4.1104612e-01
   4.1185955e-01
   4.1267241e-01
   4.1348534e-01
   4.1430119e-01
   4.1512005e-01
   4.1593530e-01
   4.1675715e-01
   4.1757627e-01
   4.1839952e-01
   4.1921981e-01
   4.2004637e-01
   4.2086997e-01
   4.2169288e-01
   4.2251869e-01
   4.2334697e-01
   4.2417527e-01
   4.2500628e-01
   4.2583457e-01
   4.2666605e-01
   4.2750096e-01
   4.2833217e-01
   4.2916532e-01
   4.3000021e-01
   4.3083480e-01
   4.3167257e-01
   4.3251570e-01
   4.3335401e-01
   4.3419591e-01
   4.3503806e-01
   4.3588322e-01
   4.3672727e-01
   4.3757310e-01
   4.3841916e-01
   4.3926955e-01
   4.4011877e-01
   4.4096812e-01
   4.4182106e-01
   4.4267182e-01
   4.4352442e-01
   4.4438033e-01
   4.4523716e-01
   4.4609511e-01
   4.4695246e-01
   4.4781076e-01
   4.4867311e-01
   4.4953488e-01
   4.5039220e-01
   4.5125638e-01
   4.5211896e-01
   4.5298459e-01
   4.5385075e-01
   4.5471813e-01
   4.5558620e-01
   4.5645929e-01
   4.5733160e-01
   4.5820641e-01
   4.5907971e-01
   4.5995198e-01
   4.6082591e-01
   4.6169920e-01
   4.6257958e-01
   4.6345780e-01
   4.6433686e-01
   4.6522013e-01
   4.6610459e-01
   4.6698788e-01
   4.6786992e-01
   4.6875500e-01
   4.6964234e-01
   4.7052905e-01
   4.7141771e-01
   4.7230540e-01
   4.7319790e-01
   4.7408989e-01
   4.7497876e-01
   4.7587079e-01
   4.7676613e-01
   4.7766126e-01
   4.7856231e-01
   4.7946089e-01
   4.8036178e-01
   4.8126577e-01
   4.8216662e-01
   4.8307304e-01
   4.8397917e-01
   4.8488268e-01
   4.8578715e-01
   4.8669217e-01
   4.8760018e-01
   4.8850803e-01
   4.8942017e-01
   4.9033483e-01
   4.9124848e-01
   4.9216163e-01
   4.9307518e-01
   4.9398910e-01
   4.9490617e-01
   4.9582584e-01
   4.9674697e-01
   4.9767004e-01
   4.9859511e-01
   4.9952231e-01
   5.0045008e-01
   5.0137620e-01
   5.0230288e-01
   5.0323347e-01
   5.0416208e-01
   5.0509285e-01
   5.0602240e-01
   5.0695534e-01
   5.0788944e-01
   5.0882589e-01
   5.0976452e-01
   5.1070126e-01
   5.1164194e-01
   5.1258177e-01
   5.1352261e-01
   5.1446033e-01
   5.1540444e-01
   5.1634842e-01
   5.1729340e-01
   5.1824162e-01
   5.1919033e-01
   5.2014160e-01
   5.2109236e-01
   5.2204534e-01
   5.2299751e-01
   5.2394905e-01
   5.2490327e-01
   5.2586032e-01
   5.2681680e-01
   5.2777553e-01
   5.2874175e-01
   5.2970651e-01
   5.3067050e-01
   5.3163269e-01
   5.3259672e-01
   5.3355920e-01
   5.3452593e-01
   5.3549765e-01
   5.3646647e-01
   5.3743632e-01
   5.3840681e-01
   5.3937628e-01
   5.4034943e-01
   5.4132266e-01
   5.4229856e-01
   5.4327504e-01
   5.4425414e-01
   5.4523522e-01
   5.4621747e-01
   5.4719911e-01
   5.4818405e-01
   5.4917073e-01
   5.5015442e-01
   5.5113908e-01
   5.5212626e-01
   5.5311594e-01
   5.5410795e-01
   5.5510034e-01
   5.5609223e-01
   5.5708930e-01
   5.5808385e-01
   5.5908168e-01
   5.6007785e-01
   5.6107606e-01
   5.6207467e-01
   5.6307662e-01
   5.6407895e-01
   5.6508090e-01
   5.6608440e-01
   5.6709096e-01
   5.6810076e-01
   5.6910722e-01
   5.7011463e-01
   5.7112454e-01
   5.7213596e-01
   5.7314873e-01
   5.7415908e-01
   5.7517369e-01
   5.7619048e-01
   5.7721066e-01
   5.7823147e-01
   5.7924918e-01
   5.8027059e-01
   5.8129262e-01
   5.8231799e-01
   5.8334151e-01
   5.8436752e-01
   5.8539557e-01
   5.8642693e-01
   5.8745788e-01
   5.8848520e-01
   5.8951953e-01
   5.9055553e-01
   5.9159425e-01
   5.9262798e-01
   5.9366766e-01
   5.9470647e-01
   5.9574282e-01
   5.9678459e-01
   5.9782833e-01
   5.9887359e-01
   5.9991763e-01
   6.0096103e-01
   6.0200377e-01
   6.0305009e-01
   6.0410112e-01
   6.0515102e-01
   6.0620274e-01
   6.0725660e-01
   6.0831389e-01
   6.0936867e-01
   6.1042480e-01
   6.1148095e-01
   6.1254080e-01
   6.1360381e-01
   6.1466444e-01
   6.1572898e-01
   6.1679344e-01
   6.1785858e-01
   6.1892214e-01
   6.1999146e-01
   6.2105812e-01
   6.2212951e-01
   6.2320094e-01
   6.2427365e-01
   6.2534563e-01
   6.2642209e-01
   6.2749576e-01
   6.2856994e-01
   6.2964745e-01
   6.3072467e-01
   6.3180587e-01
   6.3288515e-01
   6.3396489e-01
   6.3504740e-01
   6.3612926e-01
   6.3721247e-01
   6.3829881e-01
   6.3938897e-01
   6.4047815e-01
   6.4156999e-01
   6.4266159e-01
   6.4375718e-01
   6.4485078e-01
   6.4594950e-01
   6.4704567e-01
   6.4814384e-01
   6.4924558e-01
   6.5034408e-01
   6.5144287e-01
   6.5254642e-01
   6.5365223e-01
   6.5475711e-01
   6.5586386e-01
   6.5697012e-01
   6.5808039e-01
   6.5919462e-01
   6.6030892e-01
   6.6141916e-01
   6.6253502e-01
   6.6365178e-01
   6.6477022e-01
   6.6588940e-01
   6.6701248e-01
   6.6813568e-01
   6.6925658e-01
   6.7038232e-01
   6.7150678e-01
   6.7263167e-01
   6.7376323e-01
   6.7489242e-01
   6.7602247e-01
   6.7715545e-01
   6.7829022e-01
   6.7942442e-01
   6.8056076e-01
   6.8169995e-01
   6.8283901e-01
   6.8397776e-01
   6.8511876e-01
   6.8626449e-01
   6.8740685e-01
   6.8855451e-01
   6.8970153e-01
   6.9084997e-01
   6.9199775e-01
   6.9314842e-01
   6.9430247e-01
   6.9545624e-01
   6.9660957e-01
   6.9776455e-01
   6.9892286e-01
   7.0008233e-01
   7.0124153e-01
   7.0239998e-01
   7.0355762e-01
   7.0472311e-01
   7.0588758e-01
   7.0705154e-01
   7.0821596e-01
   7.0938333e-01
   7.1054874e-01
   7.1171807e-01
   7.1289145e-01
   7.1406216e-01
   7.1523582e-01
   7.1641390e-01
   7.1759192e-01
   7.1876732e-01
   7.1994936e-01
   7.2113167e-01
   7.2231161e-01
   7.2349440e-01
   7.2467621e-01
   7.2586210e-01
   7.2704612e-01
   7.2823408e-01
   7.2942470e-01
   7.3061267e-01
   7.3180673e-01
   7.3299856e-01
   7.3419481e-01
   7.3539573e-01
   7.3659685e-01
   7.3779396e-01
   7.3899250e-01
   7.4019233e-01
   7.4139734e-01
   7.4260281e-01
   7.4381138e-01
   7.4501709e-01
   7.4622557e-01
   7.4743271e-01
   7.4864329e-01
   7.4985786e-01
   7.5107212e-01
   7.5228808e-01
   7.5350076e-01
   7.5472027e-01
   7.5594041e-01
   7.5716031e-01
   7.5838102e-01
   7.5960214e-01
   7.6082689e-01
   7.6205016e-01
   7.6327469e-01
   7.6450126e-01
   7.6573029e-01
   7.6695792e-01
   7.6819290e-01
   7.6942301e-01
   7.7065931e-01
   7.7189200e-01
   7.7312963e-01
   7.7436672e-01
   7.7560804e-01
   7.7685005e-01
   7.7809525e-01
   7.7933482e-01
   7.8058183e-01
   7.8182939e-01
   7.8307681e-01
   7.8432779e-01
   7.8558115e-01
   7.8683219e-01
   7.8808321e-01
   7.8934123e-01
   7.9059853e-01
   7.9185796e-01
   7.9312048e-01
   7.9437755e-01
   7.9563707e-01
   7.9689954e-01
   7.9816198e-01
   7.9942800e-01
   8.0069749e-01
   8.0196436e-01
   8.0323705e-01
   8.0451035e-01
   8.0578566e-01
   8.0705761e-01
   8.0833157e-01
   8.0960981e-01
   8.1088861e-01
   8.1216778e-01
   8.1345105e-01
   8.1472933e-01
   8.1601421e-01
   8.1729531e-01
   8.1857909e-01
   8.1986943e-01
   8.2115825e-01
   8.2244214e-01
   8.2373617e-01
   8.2502687e-01
   8.2631995e-01
   8.2761478e-01
   8.2891069e-01
   8.3020519e-01
   8.3150698e-01
   8.3280589e-01
   8.3410889e-01
   8.3540789e-01
   8.3671361e-01
   8.3801763e-01
   8.3932387e-01
   8.4062995e-01
   8.4193516e-01
   8.4324473e-01
   8.4455905e-01
   8.4587502e-01
   8.4718770e-01
   8.4850434e-01
   8.4982455e-01
   8.5114213e-01
   8.5246368e-01
   8.5378791e-01
   8.5510718e-01
   8.5643255e-01
   8.5775877e-01
   8.5908629e-01
   8.6041297e-01
   8.6174347e-01
   8.6307331e-01
   8.6440488e-01
   8.6574044e-01
   8.6707718e-01
   8.6841779e-01
   8.6975400e-01
   8.7109179e-01
   8.7243254e-01
   8.7376994e-01
   8.7510928e-01
   8.7645218e-01
   8.7780189e-01
   8.7915054e-01
   8.8050119e-01
   8.8184797e-01
   8.8320281e-01
   8.8455296e-01
   8.8590601e-01
   8.8726076e-01
   8.8862079e-01
   8.8998010e-01
   8.9134002e-01
   8.9270483e-01
   8.9406850e-01
   8.9543460e-01
   8.9680111e-01
   8.9816734e-01
   8.9953341e-01
   9.0090575e-01
   9.0227620e-01
   9.0364988e-01
   9.0502615e-01
   9.0640237e-01
   9.0777978e-01
   9.0915392e-01
   9.1052945e-01
   9.1191138e-01
   9.1329318e-01
   9.1467828e-01
   9.1606115e-01
   9.1744696e-01
   9.1883383e-01
   9.2021982e-01
   9.2161374e-01
   9.2300335e-01
   9.2439905e-01
   9.2579524e-01
   9.2719151e-01
   9.2858964e-01
   9.2998774e-01
   9.3138906e-01
   9.3279288e-01
   9.3419697e-01
   9.3560553e-01
   9.3700735e-01
   9.3841476e-01
   9.3982576e-01
   9.4123071e-01
   9.4264282e-01
   9.4405407e-01
   9.4546958e-01
   9.4688494e-01
   9.4830093e-01
   9.4972095e-01
   9.5114149e-01
   9.5256346e-01
   9.5398675e-01
   9.5541150e-01
   9.5683405e-01
   9.5826408e-01
   9.5969173e-01
   9.6111915e-01
   9.6254565e-01
   9.6398014e-01
   9.6541391e-01
   9.6684953e-01
   9.6828901e-01
   9.6972338e-01
   9.7116404e-01
   9.7260680e-01
   9.7405116e-01
   9.7549282e-01
   9.7694104e-01
   9.7838996e-01
   9.7984352e-01
   9.8129409e-01
   9.8274351e-01
   9.8419656e-01
   9.8564881e-01
   9.8710160e-01
   9.8855867e-01
   9.9001418e-01
   9.9147733e-01
   9.9294275e-01
   9.9440665e-01
   9.9586934e-01
   9.9734150e-01
   9.9881095e-01
   1.0002783e+00
   1.0017482e+00
   1.0032195e+00
   1.0046912e+00
   1.0061674e+00
   1.0076465e+00
   1.0091259e+00
   1.0106070e+00
   1.0120859e+00
   1.0135691e+00
   1.0150521e+00
   1.0165400e+00
   1.0180299e+00
   1.0195210e+00
   1.0210172e+00
   1.0225095e+00
   1.0239974e+00
   1.0254923e+00
   1.0269856e+00
   1.0284819e+00
   1.0299715e+00
   1.0314679e+00
   1.0329666e+00
   1.0344690e+00
   1.0359743e+00
   1.0374766e+00
   1.0389859e+00
   1.0404965e+00
   1.0420045e+00
   1.0435137e+00
   1.0450291e+00
   1.0465399e+00
   1.0480575e+00
   1.0495739e+00
   1.0510942e+00
   1.0526165e+00
   1.0541383e+00
   1.0556612e+00
   1.0571828e+00
   1.0587022e+00
   1.0602264e+00
   1.0617539e+00
   1.0632822e+00
   1.0648141e+00
   1.0663449e+00
   1.0678779e+00
   1.0694068e+00
   1.0709402e+00
   1.0724769e+00
   1.0740133e+00
   1.0755569e+00
   1.0770963e+00
   1.0786425e+00
   1.0801894e+00
   1.0817353e+00
   1.0832878e+00
   1.0848372e+00
   1.0863874e+00
   1.0879408e+00
   1.0894902e+00
   1.0910445e+00
   1.0926026e+00
   1.0941603e+00
   1.0957178e+00
   1.0972786e+00
   1.0988433e+00
   1.1004098e+00
   1.1019742e+00
   1.1035358e+00
   1.1051038e+00
   1.1066759e+00
   1.1082508e+00
   1.1098269e+00
   1.1114028e+00
   1.1129796e+00
   1.1145555e+00
   1.1161316e+00
   1.1177123e+00
   1.1192961e+00
   1.1208797e+00
   1.1224650e+00
   1.1240513e+00
   1.1256371e+00
   1.1272222e+00
   1.1288115e+00
   1.1304054e+00
   1.1320013e+00
   1.1336011e+00
   1.1351958e+00
   1.1367967e+00
   1.1383981e+00
   1.1399974e+00
   1.1415987e+00
   1.1432050e+00
   1.1448102e+00
   1.1464221e+00
   1.1480307e+00
   1.1496428e+00
   1.1512552e+00
   1.1528676e+00
   1.1544817e+00
   1.1560984e+00
   1.1577156e+00
   1.1593330e+00
   1.1609510e+00
   1.1625754e+00
   1.1641966e+00
   1.1658235e+00
   1.1674486e+00
   1.1690693e+00
   1.1706964e+00
   1.1723259e+00
   1.1739597e+00
   1.1755900e+00
   1.1772250e+00
   1.1788630e+00
   1.1805031e+00
   1.1821432e+00
   1.1837854e+00
   1.1854266e+00
   1.1870712e+00
   1.1887162e+00
   1.1903622e+00
   1.1920074e+00
   1.1936576e+00
   1.1953080e+00
   1.1969571e+00
   1.1986109e+00
   1.2002638e+00
   1.2019201e+00
   1.2035841e+00
   1.2052451e+00
   1.2069025e+00
   1.2085697e+00
   1.2102368e+00
   1.2119024e+00
   1.2135710e+00
   1.2152430e+00
   1.2169093e+00
   1.2185861e+00
   1.2202567e+00
   1.2219358e+00
   1.2236178e+00
   1.2253004e+00
   1.2269814e+00
   1.2286618e+00
   1.2303491e+00
   1.2320322e+00
   1.2337192e+00
   1.2354057e+00
   1.2370962e+00
   1.2387874e+00
   1.2404842e+00
   1.2421771e+00
   1.2438790e+00
   1.2455756e+00
   1.2472797e+00
   1.2489798e+00
   1.2506822e+00
   1.2523912e+00
   1.2541008e+00
   1.2558056e+00
   1.2575150e+00
   1.2592216e+00
   1.2609281e+00
   1.2626459e+00
   1.2643633e+00
   1.2660778e+00
   1.2678039e+00
   1.2695275e+00
   1.2712481e+00
   1.2729699e+00
   1.2746947e+00
   1.2764229e+00
   1.2781521e+00
   1.2798868e+00
   1.2816173e+00
   1.2833479e+00
   1.2850812e+00
   1.2868213e+00
   1.2885637e+00
   1.2903027e+00
   1.2920441e+00
   1.2937861e+00
   1.2955319e+00
   1.2972753e+00
   1.2990234e+00
   1.3007757e+00
   1.3025254e+00
   1.3042792e+00
   1.3060351e+00
   1.3077902e+00
   1.3095487e+00
   1.3113045e+00
   1.3130625e+00
   1.3148234e+00
   1.3165865e+00
   1.3183537e+00
   1.3201224e+00
   1.3218892e+00
   1.3236593e+00
   1.3254270e+00
   1.3272002e+00
   1.3289716e+00
   1.3307496e+00
   1.3325275e+00
   1.3343102e+00
   1.3360954e+00
   1.3378769e+00
   1.3396661e+00
   1.3414496e+00
   1.3432356e+00
   1.3450202e+00
   1.3468107e+00
   1.3485987e+00
   1.3503932e+00
   1.3521871e+00
   1.3539799e+00
   1.3557785e+00
   1.3575769e+00
   1.3593802e+00
   1.3611802e+00
   1.3629833e+00
   1.3647878e+00
   1.3665954e+00
   1.3684050e+00
   1.3702163e+00
   1.3720256e+00
   1.3738401e+00
   1.3756608e+00
   1.3774808e+00
   1.3793029e+00
   1.3811239e+00
   1.3829442e+00
   1.3847721e+00
   1.3866023e+00
   1.3884286e+00
   1.3902585e+00
   1.3920859e+00
   1.3939163e+00
   1.3957543e+00
   1.3975913e+00
   1.3994285e+00
   1.4012657e+00
   1.4031042e+00
   1.4049424e+00
   1.4067881e+00
   1.4086280e+00
   1.4104787e+00
   1.4123207e+00
   1.4141685e+00
   1.4160204e+00
   1.4178750e+00
   1.4197303e+00
   1.4215877e+00
   1.4234411e+00
   1.4253023e+00
   1.4271590e+00
   1.4290227e+00
   1.4308834e+00
   1.4327521e+00
   1.4346120e+00
   1.4364818e+00
   1.4383463e+00
   1.4402169e+00
   1.4420875e+00
   1.4439620e+00
   1.4458362e+00
   1.4477114e+00
   1.4495908e+00
   1.4514690e+00
   1.4533453e+00
   1.4552280e+00
   1.4571169e+00
   1.4590030e+00
   1.4608945e+00
   1.4627860e+00
   1.4646764e+00
   1.4665672e+00
   1.4684642e+00
   1.4703618e+00
   1.4722566e+00
   1.4741499e+00
   1.4760574e+00
   1.4779622e+00
   1.4798642e+00
   1.4817681e+00
   1.4836785e+00
   1.4855873e+00
   1.4874937e+00
   1.4894040e+00
   1.4913187e+00
   1.4932342e+00
   1.4951473e+00
   1.4970637e+00
   1.4989863e+00
   1.5009087e+00
   1.5028279e+00
   1.5047531e+00
   1.5066774e+00
   1.5086079e+00
   1.5105374e+00
   1.5124721e+00
   1.5144075e+00
   1.5163459e+00
   1.5182884e+00
   1.5202277e+00
   1.5221708e+00
   1.5241154e+00
   1.5260655e+00
   1.5280193e+00
   1.5299689e+00
   1.5319173e+00
   1.5338716e+00
   1.5358281e+00
   1.5377832e+00
   1.5397405e+00
   1.5417003e+00
   1.5436554e+00
   1.5456175e+00
   1.5475803e+00
   1.5495456e+00
   1.5515086e+00
   1.5534775e+00
   1.5554420e+00
   1.5574102e+00
   1.5593790e+00
   1.5613523e+00
   1.5633241e+00
   1.5653081e+00
   1.5672874e+00
   1.5692728e+00
   1.5712567e+00
   1.5732406e+00
   1.5752200e+00
   1.5772061e+00
   1.5791932e+00
   1.5811857e+00
   1.5831770e+00
   1.5851696e+00
   1.5871612e+00
   1.5891574e+00
   1.5911499e+00
   1.5931483e+00
   1.5951528e+00
   1.5971547e+00
   1.5991592e+00
   1.6011632e+00
   1.6031701e+00
   1.6051766e+00
   1.6071936e+00
   1.6092072e+00
   1.6112233e+00
   1.6132380e+00
   1.6152574e+00
   1.6172780e+00
   1.6192993e+00
   1.6213211e+00
   1.6233493e+00
   1.6253767e+00
   1.6274033e+00
   1.6294334e+00
   1.6314597e+00
   1.6334955e+00
   1.6355254e+00
   1.6375598e+00
   1.6396002e+00
   1.6416425e+00
   1.6436818e+00
   1.6457259e+00
   1.6477714e+00
   1.6498158e+00
   1.6518584e+00
   1.6539020e+00
   1.6559580e+00
   1.6580125e+00
   1.6600653e+00
   1.6621265e+00
   1.6641906e+00
   1.6662513e+00
   1.6683116e+00
   1.6703731e+00
   1.6724405e+00
   1.6745098e+00
   1.6765782e+00
   1.6786449e+00
   1.6807184e+00
   1.6827932e+00
   1.6848638e+00
   1.6869449e+00
   1.6890260e+00
   1.6911078e+00
   1.6931903e+00
   1.6952728e+00
   1.6973576e+00
   1.6994485e+00
   1.7015339e+00
   1.7036229e+00
   1.7057179e+00
   1.7078079e+00
   1.7099014e+00
   1.7119991e+00
   1.7140995e+00
   1.7162027e+00
   1.7183040e+00
   1.7204146e+00
   1.7225215e+00
   1.7246311e+00
   1.7267434e+00
   1.7288532e+00
   1.7309606e+00
   1.7330735e+00
   1.7351905e+00
   1.7373112e+00
   1.7394296e+00
   1.7415537e+00
   1.7436779e+00
   1.7458108e+00
   1.7479347e+00
   1.7500618e+00
   1.7521961e+00
   1.7543288e+00
   1.7564634e+00
   1.7585968e+00
   1.7607330e+00
   1.7628773e+00
   1.7650228e+00
   1.7671616e+00
   1.7693058e+00
   1.7714552e+00
   1.7735991e+00
   1.7757501e+00
   1.7778975e+00
   1.7800490e+00
   1.7822001e+00
   1.7843561e+00
   1.7865109e+00
   1.7886700e+00
   1.7908278e+00
   1.7929602e+00
   1.7950813e+00
   1.7972229e+00
   1.7993548e+00
   1.8014948e+00
   1.8036309e+00
   1.8057844e+00
   1.8079420e+00
   1.8100997e+00
   1.8122620e+00
   1.8144252e+00
   1.8166053e+00
   1.8187811e+00
   1.8209625e+00
   1.8231380e+00
   1.8253120e+00
   1.8275007e+00
   1.8296858e+00
   1.8318819e+00
   1.8340840e+00
   1.8362867e+00
   1.8384924e+00
   1.8406987e+00
   1.8429103e+00
   1.8451243e+00
   1.8473450e+00
   1.8495693e+00
   1.8517943e+00
   1.8540250e+00
   1.8562601e+00
   1.8584948e+00
   1.8607465e+00
   1.8629955e+00
   1.8652488e+00
   1.8674896e+00
   1.8697365e+00
   1.8719892e+00
   1.8742579e+00
   1.8765162e+00
   1.8787768e+00
   1.8810366e+00
   1.8833080e+00
   1.8855912e+00
   1.8878716e+00
   1.8901600e+00
   1.8924445e+00
   1.8947247e+00
   1.8970206e+00
   1.8993178e+00
   1.9016290e+00
   1.9039404e+00
   1.9062378e+00
   1.9085445e+00
   1.9108683e+00
   1.9131833e+00
   1.9154943e+00
   1.9178372e+00
   1.9201635e+00
   1.9225077e+00
   1.9248396e+00
   1.9271893e+00
   1.9295297e+00
   1.9318867e+00
   1.9342416e+00
   1.9366075e+00
   1.9389747e+00
   1.9413375e+00
   1.9437004e+00
   1.9460724e+00
   1.9484574e+00
   1.9508359e+00
   1.9532161e+00
   1.9555985e+00
   1.9580002e+00
   1.9604006e+00
   1.9628028e+00
   1.9652099e+00
   1.9676123e+00
   1.9700285e+00
   1.9724531e+00
   1.9748742e+00
   1.9772972e+00
   1.9797233e+00
   1.9821569e+00
   1.9845801e+00
   1.9870221e+00
   1.9894602e+00
   1.9919093e+00
   1.9943570e+00
   1.9968166e+00
   1.9992910e+00
   2.0017671e+00
   2.0042348e+00
   2.0066980e+00
   2.0091808e+00
   2.0116610e+00
   2.0141498e+00
   2.0166337e+00
   2.0191120e+00
   2.0216119e+00
   2.0241150e+00
   2.0266220e+00
   2.0291298e+00
   2.0316340e+00
   2.0341403e+00
   2.0366390e+00
   2.0391517e+00
   2.0416747e+00
   2.0442021e+00
   2.0467356e+00
   2.0492686e+00
   2.0518089e+00
   2.0543373e+00
   2.0568756e+00
   2.0594261e+00
   2.0619845e+00
   2.0645382e+00
   2.0670960e+00
   2.0696718e+00
   2.0722338e+00
   2.0748120e+00
   2.0773867e+00
   2.0799684e+00
   2.0825446e+00
   2.0851306e+00
   2.0877083e+00
   2.0902956e+00
   2.0928887e+00
   2.0954797e+00
   2.0980957e+00
   2.1006986e+00
   2.1033145e+00
   2.1059381e+00
   2.1085536e+00
   2.1111599e+00
   2.1137830e+00
   2.1164082e+00
   2.1190466e+00
   2.1216747e+00
   2.1243162e+00
   2.1269609e+00
   2.1296182e+00
   2.1322695e+00
   2.1349251e+00
   2.1375866e+00
   2.1402577e+00
   2.1429269e+00
   2.1456036e+00
   2.1482700e+00
   2.1509518e+00
   2.1536398e+00
   2.1563402e+00
   2.1590320e+00
   2.1617341e+00
   2.1644281e+00
   2.1671322e+00
   2.1698458e+00
   2.1725631e+00
   2.1752752e+00
   2.1780105e+00
   2.1807408e+00
   2.1834818e+00
   2.1862148e+00
   2.1889515e+00
   2.1916956e+00
   2.1944328e+00
   2.1971757e+00
   2.1999395e+00
   2.2027059e+00
   2.2054669e+00
   2.2082320e+00
   2.2110058e+00
   2.2137919e+00
   2.2165765e+00
   2.2193484e+00
   2.2221362e+00
   2.2249217e+00
   2.2277132e+00
   2.2305186e+00
   2.2333113e+00
   2.2361016e+00
   2.2388992e+00
   2.2417082e+00
   2.2445256e+00
   2.2473551e+00
   2.2501744e+00
   2.2529966e+00
   2.2558348e+00
   2.2586677e+00
   2.2615061e+00
   2.2643459e+00
   2.2671991e+00
   2.2700615e+00
   2.2729108e+00
   2.2757631e+00
   2.2786390e+00
   2.2815135e+00
   2.2843882e+00
   2.2872677e+00
   2.2901539e+00
   2.2930298e+00
   2.2959133e+00
   2.2988072e+00
   2.3017153e+00
   2.3046201e+00
   2.3075304e+00
   2.3104434e+00
   2.3133625e+00
   2.3162761e+00
   2.3191920e+00
   2.3221289e+00
   2.3250592e+00
   2.3279913e+00
   2.3309340e+00
   2.3338859e+00
   2.3368444e+00
   2.3397783e+00
   2.3427329e+00
   2.3456946e+00
   2.3486624e+00
   2.3516314e+00
   2.3546215e+00
   2.3575927e+00
   2.3605779e+00
   2.3635511e+00
   2.3665333e+00
   2.3695146e+00
   2.3725100e+00
   2.3755142e+00
   2.3785104e+00
   2.3815212e+00
   2.3845414e+00
   2.3875551e+00
   2.3905701e+00
   2.3935940e+00
   2.3966269e+00
   2.3996616e+00
   2.4026928e+00
   2.4057321e+00
   2.4087623e+00
   2.4118307e+00
   2.4148723e+00
   2.4179382e+00
   2.4210059e+00
   2.4240804e+00
   2.4271495e+00
   2.4302149e+00
   2.4332968e+00
   2.4363791e+00
   2.4394590e+00
   2.4425531e+00
   2.4456477e+00
   2.4487561e+00
   2.4518569e+00
   2.4549561e+00
   2.4580719e+00
   2.4612078e+00
   2.4643236e+00
   2.4674483e+00
   2.4705880e+00
   2.4737124e+00
   2.4768572e+00
   2.4800003e+00
   2.4831530e+00
   2.4863113e+00
   2.4894644e+00
   2.4926184e+00
   2.4957778e+00
   2.4989500e+00
   2.5021310e+00
   2.5053101e+00
   2.5084824e+00
   2.5116683e+00
   2.5148607e+00
   2.5180581e+00
   2.5212504e+00
   2.5244539e+00
   2.5276675e+00
   2.5308721e+00
   2.5340802e+00
   2.5372919e+00
   2.5404983e+00
   2.5437251e+00
   2.5469615e+00
   2.5502032e+00
   2.5534405e+00
   2.5566794e+00
   2.5599253e+00
   2.5631766e+00
   2.5664326e+00
   2.5697025e+00
   2.5729695e+00
   2.5762418e+00
   2.5795257e+00
   2.5828207e+00
   2.5861077e+00
   2.5893964e+00
   2.5926967e+00
   2.5960014e+00
   2.5993072e+00
   2.6026115e+00
   2.6059258e+00
   2.6092435e+00
   2.6125556e+00
   2.6158807e+00
   2.6192067e+00
   2.6225338e+00
   2.6258782e+00
   2.6292099e+00
   2.6325568e+00
   2.6359192e+00
   2.6392670e+00
   2.6426361e+00
   2.6460052e+00
   2.6493855e+00
   2.6527493e+00
   2.6561165e+00
   2.6594914e+00
   2.6628783e+00
   2.6662580e+00
   2.6696488e+00
   2.6730412e+00
   2.6764455e+00
   2.6798503e+00
   2.6832726e+00
   2.6866873e+00
   2.6901163e+00
   2.6935279e+00
   2.6969676e+00
   2.7004046e+00
   2.7038400e+00
   2.7072719e+00
   2.7107290e+00
   2.7141791e+00
   2.7176206e+00
   2.7210700e+00
   2.7245404e+00
   2.7280164e+00
   2.7315011e+00
   2.7349837e+00
   2.7384782e+00
   2.7419649e+00
   2.7454601e+00
   2.7489423e+00
   2.7524347e+00
   2.7559339e+00
   2.7594641e+00
   2.7629673e+00
   2.7665056e+00
   2.7700193e+00
   2.7735469e+00
   2.7770843e+00
   2.7806269e+00
   2.7841749e+00
   2.7877161e+00
   2.7912723e+00
   2.7948257e+00
   2.7983771e+00
   2.8019528e+00
   2.8055056e+00
   2.8090784e+00
   2.8126454e+00
   2.8162253e+00
   2.8198164e+00
   2.8234078e+00
   2.8270164e+00
   2.8306078e+00
   2.8342231e+00
   2.8378260e+00
   2.8414346e+00
   2.8450298e+00
   2.8486462e+00
   2.8522606e+00
   2.8559019e+00
   2.8595204e+00
   2.8631603e+00
   2.8668016e+00
   2.8704457e+00
   2.8740982e+00
   2.8777541e+00
   2.8814156e+00
   2.8850757e+00
   2.8887483e+00
   2.8924180e+00
   2.8961118e+00
   2.8997941e+00
   2.9034785e+00
   2.9071755e+00
   2.9108649e+00
   2.9145611e+00
   2.9182535e+00
   2.9219451e+00
   2.9256611e+00
   2.9293795e+00
   2.9331021e+00
   2.9368215e+00
   2.9405462e+00
   2.9442793e+00
   2.9480369e+00
   2.9517711e+00
   2.9555110e+00
   2.9592623e+00
   2.9630281e+00
   2.9667870e+00
   2.9705526e+00
   2.9743238e+00
   2.9781063e+00
   2.9818988e+00
   2.9856991e+00
   2.9894830e+00
   2.9932721e+00
   2.9970693e+00
   3.0008735e+00
   3.0046757e+00
   3.0085004e+00
   3.0123202e+00
   3.0161419e+00
   3.0199771e+00
   3.0238099e+00
   3.0276439e+00
   3.0314845e+00
   3.0353273e+00
   3.0391787e+00
   3.0430385e+00
   3.0469160e+00
   3.0507727e+00
   3.0546438e+00
   3.0585200e+00
   3.0623976e+00
   3.0662865e+00
   3.0701705e+00
   3.0740568e+00
   3.0779648e+00
   3.0818633e+00
   3.0857721e+00
   3.0896767e+00
   3.0935879e+00
   3.0975045e+00
   3.1014321e+00
   3.1053631e+00
   3.1093022e+00
   3.1132447e+00
   3.1171950e+00
   3.1211387e+00
   3.1250865e+00
   3.1290448e+00
   3.1330125e+00
   3.1369690e+00
   3.1409270e+00
   3.1448930e+00
   3.1488744e+00
   3.1528586e+00
   3.1568371e+00
   3.1608291e+00
   3.1648378e+00
   3.1688535e+00
   3.1728852e+00
   3.1769057e+00
   3.1809316e+00
   3.1849607e+00
   3.1889900e+00
   3.1930361e+00
   3.1970664e+00
   3.2011070e+00
   3.2051543e+00
   3.2092259e+00
   3.2132890e+00
   3.2173636e+00
   3.2214133e+00
   3.2254721e+00
   3.2295416e+00
   3.2336227e+00
   3.2377115e+00
   3.2418035e+00
   3.2459010e+00
   3.2500084e+00
   3.2541070e+00
   3.2582146e+00
   3.2623301e+00
   3.2664671e+00
   3.2705822e+00
   3.2747139e+00
   3.2788528e+00
   3.2829953e+00
   3.2871623e+00
   3.2913239e+00
   3.2954730e+00
   3.2996388e+00
   3.3038050e+00
   3.3079786e+00
   3.3121508e+00
   3.3163285e+00
   3.3205084e+00
   3.3247026e+00
   3.3288875e+00
   3.3330886e+00
   3.3373018e+00
   3.3415134e+00
   3.3457211e+00
   3.3499413e+00
   3.3541678e+00
   3.3584001e+00
   3.3626248e+00
   3.3668646e+00
   3.3711064e+00
   3.3753482e+00
   3.3795997e+00
   3.3838547e+00
   3.3881192e+00
   3.3923724e+00
   3.3966276e+00
   3.4009060e+00
   3.4051842e+00
   3.4094749e+00
   3.4137699e+00
   3.4180618e+00
   3.4223672e+00
   3.4266665e+00
   3.4309701e+00
   3.4352903e+00
   3.4396086e+00
   3.4439315e+00
   3.4482677e+00
   3.4526200e+00
   3.4569514e+00
   3.4612915e+00
   3.4656396e+00
   3.4700030e+00
   3.4743706e+00
   3.4787345e+00
   3.4830974e+00
   3.4874771e+00
   3.4918525e+00
   3.4962471e+00
   3.5006350e+00
   3.5050402e+00
   3.5094584e+00
   3.5138688e+00
   3.5182770e+00
   3.5226974e+00
   3.5271332e+00
   3.5315545e+00
   3.5359895e+00
   3.5404222e+00
   3.5448683e+00
   3.5493147e+00
   3.5537639e+00
   3.5582073e+00
   3.5626734e+00
   3.5671550e+00
   3.5716300e+00
   3.5761045e+00
   3.5805949e+00
   3.5850766e+00
   3.5895706e+00
   3.5940625e+00
   3.5985698e+00
   3.6030789e+00
   3.6075975e+00
   3.6121080e+00
   3.6166368e+00
   3.6211572e+00
   3.6256794e+00
   3.6302206e+00
   3.6347738e+00
   3.6393113e+00
   3.6438755e+00
   3.6484302e+00
   3.6529946e+00
   3.6575706e+00
   3.6621335e+00
   3.6667094e+00
   3.6712988e+00
   3.6758860e+00
   3.6804793e+00
   3.6850772e+00
   3.6896666e+00
   3.6942714e+00
   3.6988886e+00
   3.7035050e+00
   3.7081174e+00
   3.7127481e+00
   3.7173720e+00
   3.7220024e+00
   3.7266363e+00
   3.7312875e+00
   3.7359588e+00
   3.7406204e+00
   3.7452830e+00
   3.7499565e+00
   3.7546410e+00
   3.7593320e+00
   3.7640145e+00
   3.7687028e+00
   3.7734079e+00
   3.7781032e+00
   3.7828091e+00
   3.7875139e+00
   3.7922197e+00
   3.7969405e+00
   3.8016480e+00
   3.8063705e+00
   3.8111073e+00
   3.8158530e+00
   3.8205863e+00
   3.8253375e+00
   3.8300911e+00
   3.8348573e+00
   3.8396329e+00
   3.8444118e+00
   3.8491850e+00
   3.8539672e+00
   3.8587478e+00
   3.8635467e+00
   3.8683583e+00
   3.8731529e+00
   3.8779661e+00
   3.8827608e+00
   3.8875868e+00
   3.8924101e+00
   3.8972369e+00
   3.9020844e+00
   3.9069181e+00
   3.9117598e+00
   3.9166240e+00
   3.9214704e+00
   3.9263323e+00
   3.9311923e+00
   3.9360502e+00
   3.9409276e+00
   3.9458129e+00
   3.9506926e+00
   3.9555949e+00
   3.9604928e+00
   3.9653983e+00
   3.9703075e+00
   3.9752095e+00
   3.9801351e+00
   3.9850534e+00
   3.9899895e+00
   3.9949252e+00
   3.9998513e+00
   4.0047973e+00
   4.0097458e+00
   4.0147119e+00
   4.0196529e+00
   4.0246007e+00
   4.0295740e+00
   4.0345621e+00
   4.0395497e+00
   4.0445211e+00
   4.0495030e+00
   4.0545168e+00
   4.0595287e+00
   4.0645462e+00
   4.0695543e+00
   4.0745597e+00
   4.0795915e+00
   4.0846176e+00
   4.0896502e+00
   4.0946923e+00
   4.0997353e+00
   4.1047685e+00
   4.1098268e+00
   4.1148801e+00
   4.1199539e+00
   4.1250133e+00
   4.1300832e+00
   4.1351568e+00
   4.1402363e+00
   4.1453094e+00
   4.1504131e+00
   4.1555131e+00
   4.1606301e+00
   4.1657387e+00
   4.1708439e+00
   4.1759670e+00
   4.1811076e+00
   4.1862577e+00
   4.1914035e+00
   4.1965545e+00
   4.2016937e+00
   4.2068402e+00
   4.2119839e+00
   4.2171508e+00
   4.2223277e+00
   4.2274940e+00
   4.2326626e+00
   4.2378412e+00
   4.2430344e+00
   4.2482231e+00
   4.2534100e+00
   4.2586264e+00
   4.2638410e+00
   4.2690594e+00
   4.2742873e+00
   4.2795240e+00
   4.2847636e+00
   4.2900161e+00
   4.2952668e+00
   4.3005152e+00
   4.3057876e+00
   4.3110503e+00
   4.3163220e+00
   4.3215902e+00
   4.3268672e+00
   4.3321569e+00
   4.3374325e+00
   4.3427306e+00
   4.3480139e+00
   4.3533112e+00
   4.3586226e+00
   4.3639524e+00
   4.3692830e+00
   4.3746222e+00
   4.3799654e+00
   4.3853187e+00
   4.3906607e+00
   4.3960148e+00
   4.4013584e+00
   4.4067255e+00
   4.4120887e+00
   4.4174604e+00
   4.4228308e+00
   4.4281953e+00
   4.4335831e+00
   4.4389786e+00
   4.4443782e+00
   4.4497821e+00
   4.4551957e+00
   4.4606254e+00
   4.4660420e+00
   4.4714815e+00
   4.4769080e+00
   4.4823503e+00
   4.4878078e+00
   4.4932513e+00
   4.4987088e+00
   4.5041643e+00
   4.5096337e+00
   4.5151008e+00
   4.5205624e+00
   4.5260301e+00
   4.5315388e+00
   4.5370384e+00
   4.5425441e+00
   4.5480516e+00
   4.5535623e+00
   4.5590707e+00
   4.5646144e+00
   4.5701476e+00
   4.5756633e+00
   4.5812124e+00
   4.5867480e+00
   4.5922867e+00
   4.5978487e+00
   4.6033963e+00
   4.6089484e+00
   4.6145128e+00
   4.6200959e+00
   4.6256748e+00
   4.6312561e+00
   4.6368482e+00
   4.6424342e+00
   4.6480375e+00
   4.6536474e+00
   4.6592545e+00
   4.6648769e+00
   4.6704946e+00
   4.6761372e+00
   4.6817762e+00
   4.6874105e+00
   4.6930700e+00
   4.6987174e+00
   4.7043748e+00
   4.7100252e+00
   4.7156982e+00
   4.7213674e+00
   4.7270525e+00
   4.7327439e+00
   4.7384295e+00
   4.7441249e+00
   4.7498300e+00
   4.7555303e+00
   4.7612456e+00
   4.7669703e+00
   4.7727038e+00
   4.7784535e+00
   4.7841856e+00
   4.7899448e+00
   4.7956855e+00
   4.8014401e+00
   4.8071979e+00
   4.8129660e+00
   4.8187357e+00
   4.8245134e+00
   4.8303010e+00
   4.8360823e+00
   4.8418824e+00
   4.8476820e+00
   4.8534692e+00
   4.8592899e+00
   4.8651222e+00
   4.8709493e+00
   4.8767841e+00
   4.8826058e+00
   4.8884317e+00
   4.8942801e+00
   4.9001313e+00
   4.9059982e+00
   4.9118779e+00
   4.9177720e+00
   4.9236622e+00
   4.9295611e+00
   4.9354449e+00
   4.9413415e+00
   4.9472385e+00
   4.9531336e+00
   4.9590525e+00
   4.9649905e+00
   4.9709259e+00
   4.9768566e+00
   4.9827892e+00
   4.9887534e+00
   4.9947126e+00
   5.0006745e+00
   5.0066327e+00
   5.0126069e+00
   5.0185835e+00
   5.0245496e+00
   5.0305385e+00
   5.0365282e+00
   5.0425284e+00
   5.0485483e+00
   5.0545552e+00
   5.0605535e+00
   5.0665741e+00
   5.0725955e+00
   5.0786271e+00
   5.0846598e+00
   5.0907033e+00
   5.0967634e+00
   5.1028155e+00
   5.1088680e+00
   5.1149221e+00
   5.1209969e+00
   5.1270743e+00
   5.1331681e+00
   5.1392605e+00
   5.1453482e+00
   5.1514307e+00
   5.1575492e+00
   5.1636596e+00
   5.1697842e+00
   5.1759124e+00
   5.1820372e+00
   5.1881805e+00
   5.1943041e+00
   5.2004493e+00
   5.2065931e+00
   5.2127381e+00
   5.2189079e+00
   5.2250822e+00
   5.2312703e+00
   5.2374256e+00
   5.2435977e+00
   5.2497956e+00
   5.2559919e+00
   5.2621961e+00
   5.2683856e+00
   5.2746040e+00
   5.2808135e+00
   5.2870170e+00
   5.2932485e+00
   5.2994657e+00
   5.3057086e+00
   5.3119434e+00
   5.3181943e+00
   5.3244478e+00
   5.3307148e+00
   5.3369941e+00
   5.3432502e+00
   5.3495484e+00
   5.3558404e+00
   5.3621356e+00
   5.3684213e+00
   5.3747331e+00
   5.3810467e+00
   5.3873595e+00
   5.3936933e+00
   5.4000257e+00
   5.4063643e+00
   5.4127013e+00
   5.4190420e+00
   5.4253822e+00
   5.4317401e+00
   5.4381132e+00
   5.4444939e+00
   5.4508824e+00
   5.4572759e+00
   5.4636849e+00
   5.4700976e+00
   5.4764916e+00
   5.4829090e+00
   5.4893175e+00
   5.4957553e+00
   5.5021895e+00
   5.5086170e+00
   5.5150805e+00
   5.5215198e+00
   5.5279858e+00
   5.5344455e+00
   5.5409188e+00
   5.5473983e+00
   5.5538840e+00
   5.5603853e+00
   5.5668827e+00
   5.5733835e+00
   5.5798847e+00
   5.5864141e+00
   5.5929324e+00
   5.5994601e+00
   5.6059875e+00
   5.6125266e+00
   5.6190726e+00
   5.6256420e+00
   5.6321960e+00
   5.6387608e+00
   5.6453077e+00
   5.6518934e+00
   5.6584711e+00
   5.6650838e+00
   5.6716774e+00
   5.6782655e+00
   5.6848600e+00
   5.6914644e+00
   5.6980665e+00
   5.7046688e+00
   5.7112940e+00
   5.7179333e+00
   5.7245700e+00
   5.7311976e+00
   5.7378506e+00
   5.7445093e+00
   5.7511478e+00
   5.7578055e+00
   5.7644854e+00
   5.7711800e+00
   5.7778660e+00
   5.7845738e+00
   5.7912886e+00
   5.7979928e+00
   5.8047030e+00
   5.8114123e+00
   5.8181459e+00
   5.8248835e+00
   5.8316313e+00
   5.8383839e+00
   5.8451369e+00
   5.8518910e+00
   5.8586476e+00
   5.8654230e+00
   5.8722000e+00
   5.8789751e+00
   5.8857679e+00
   5.8925458e+00
   5.8993613e+00
   5.9061553e+00
   5.9129618e+00
   5.9197704e+00
   5.9266034e+00
   5.9334281e+00
   5.9402655e+00
   5.9471042e+00
   5.9539556e+00
   5.9607998e+00
   5.9676635e+00
   5.9745232e+00
   5.9813849e+00
   5.9882755e+00
   5.9951606e+00
   6.0020562e+00
   6.0089705e+00
   6.0158868e+00
   6.0227907e+00
   6.0296968e+00
   6.0366148e+00
   6.0435546e+00
   6.0504682e+00
   6.0574163e+00
   6.0643399e+00
   6.0712994e+00
   6.0782567e+00
   6.0852247e+00
   6.0922012e+00
   6.0991942e+00
   6.1061765e+00
   6.1131672e+00
   6.1201791e+00
   6.1271926e+00
   6.1341947e+00
   6.1412178e+00
   6.1482229e+00
   6.1552841e+00
   6.1623249e+00
   6.1693784e+00
   6.1764362e+00
   6.1834945e+00
   6.1905557e+00
   6.1976254e+00
   6.2046997e+00
   6.2117671e+00
   6.2188423e+00
   6.2259234e+00
   6.2330410e+00
   6.2401572e+00
   6.2472397e+00
   6.2543587e+00
   6.2614744e+00
   6.2686068e+00
   6.2757517e+00
   6.2829053e+00
   6.2900806e+00
   6.2972410e+00
   6.3044116e+00
   6.3115846e+00
   6.3187701e+00
   6.3259312e+00
   6.3331345e+00
   6.3403355e+00
   6.3475229e+00
   6.3547505e+00
   6.3619540e+00
   6.3691601e+00
   6.3763971e+00
   6.3836270e+00
   6.3908626e+00
   6.3980936e+00
   6.4053227e+00
   6.4125829e+00
   6.4198386e+00
   6.4271363e+00
   6.4344131e+00
   6.4417019e+00
   6.4489956e+00
   6.4562831e+00
   6.4635966e+00
   6.4709005e+00
   6.4782214e+00
   6.4855422e+00
   6.4928828e+00
   6.5002301e+00
   6.5075767e+00
   6.5149358e+00
   6.5223071e+00
   6.5296906e+00
   6.5370519e+00
   6.5444271e+00
   6.5518127e+00
   6.5591944e+00
   6.5665697e+00
   6.5739943e+00
   6.5814060e+00
   6.5888032e+00
   6.5962153e+00
   6.6036178e+00
   6.6110426e+00
   6.6184826e+00
   6.6259188e+00
   6.6333700e+00
   6.6408305e+00
   6.6483051e+00
   6.6557769e+00
   6.6632388e+00
   6.6707176e+00
   6.6782072e+00
   6.6857068e+00
   6.6931835e+00
   6.7006721e+00
   6.7081856e+00
   6.7156833e+00
   6.7231993e+00
   6.7307259e+00
   6.7382819e+00
   6.7458316e+00
   6.7534004e+00
   6.7609699e+00
   6.7685328e+00
   6.7761048e+00
   6.7836967e+00
   6.7912915e+00
   6.7988761e+00
   6.8064791e+00
   6.8141087e+00
   6.8217341e+00
   6.8293554e+00
   6.8369873e+00
   6.8446105e+00
   6.8522671e+00
   6.8599134e+00
   6.8675722e+00
   6.8752432e+00
   6.8829221e+00
   6.8905884e+00
   6.8982572e+00
   6.9059534e+00
   6.9136392e+00
   6.9213411e+00
   6.9290203e+00
   6.9367344e+00
   6.9444498e+00
   6.9521653e+00
   6.9598849e+00
   6.9676212e+00
   6.9753632e+00
   6.9831000e+00
   6.9908580e+00
   6.9986000e+00
   7.0063640e+00
   7.0141485e+00
   7.0219234e+00
   7.0297257e+00
   7.0375394e+00
   7.0453471e+00
   7.0531495e+00
   7.0609613e+00
   7.0687961e+00
   7.0766327e+00
   7.0844758e+00
   7.0923204e+00
   7.1001703e+00
   7.1080358e+00
   7.1159064e+00
   7.1237871e+00
   7.1316553e+00
   7.1395379e+00
   7.1474294e+00
   7.1553251e+00
   7.1632232e+00
   7.1711308e+00
   7.1790548e+00
   7.1869882e+00
   7.1949280e+00
   7.2028607e+00
   7.2108158e+00
   7.2187705e+00
   7.2267563e+00
   7.2347295e+00
   7.2426975e+00
   7.2506640e+00
   7.2586488e+00
   7.2666288e+00
   7.2746194e+00
   7.2826084e+00
   7.2906225e+00
   7.2986402e+00
   7.3066613e+00
   7.3146686e+00
   7.3227097e+00
   7.3307428e+00
   7.3387910e+00
   7.3468396e+00
   7.3549108e+00
   7.3629865e+00
   7.3710514e+00
   7.3791274e+00
   7.3872339e+00
   7.3953132e+00
   7.4034150e+00
   7.4115150e+00
   7.4196428e+00
   7.4277853e+00
   7.4359057e+00
   7.4440280e+00
   7.4521716e+00
   7.4603163e+00
   7.4684646e+00
   7.4766306e+00
   7.4847901e+00
   7.4929659e+00
   7.5011543e+00
   7.5093455e+00
   7.5175564e+00
   7.5257598e+00
   7.5339758e+00
   7.5422005e+00
   7.5504215e+00
   7.5586491e+00
   7.5668970e+00
   7.5751296e+00
   7.5833868e+00
   7.5916424e+00
   7.5999118e+00
   7.6081867e+00
   7.6164739e+00
   7.6247631e+00
   7.6330534e+00
   7.6413769e+00
   7.6496733e+00
   7.6579903e+00
   7.6663126e+00
   7.6746387e+00
   7.6829811e+00
   7.6913114e+00
   7.6996651e+00
   7.7080207e+00
   7.7163973e+00
   7.7247746e+00
   7.7331506e+00
   7.7415461e+00
   7.7499515e+00
   7.7583621e+00
   7.7667732e+00
   7.7752068e+00
   7.7836437e+00
   7.7920847e+00
   7.8005263e+00
   7.8089755e+00
   7.8174392e+00
   7.8258861e+00
   7.8343350e+00
   7.8427984e+00
   7.8512599e+00
   7.8597357e+00
   7.8682351e+00
   7.8767259e+00
   7.8852461e+00
   7.8937580e+00
   7.9022903e+00
   7.9108305e+00
   7.9193672e+00
   7.9279228e+00
   7.9364492e+00
   7.9449938e+00
   7.9535536e+00
   7.9621204e+00
   7.9706969e+00
   7.9792624e+00
   7.9878726e+00
   7.9964618e+00
   8.0050917e+00
   8.0136852e+00
   8.0222871e+00
   8.0309062e+00
   8.0395406e+00
   8.0481556e+00
   8.0568035e+00
   8.0654374e+00
   8.0740718e+00
   8.0827473e+00
   8.0913925e+00
   8.1000849e+00
   8.1087563e+00
   8.1174214e+00
   8.1260840e+00
   8.1347817e+00
   8.1435009e+00
   8.1522129e+00
   8.1609154e+00
   8.1696297e+00
   8.1783608e+00
   8.1870996e+00
   8.1958463e+00
   8.2045884e+00
   8.2133590e+00
   8.2221326e+00
   8.2309085e+00
   8.2397070e+00
   8.2484950e+00
   8.2572654e+00
   8.2660678e+00
   8.2748817e+00
   8.2836890e+00
   8.2924911e+00
   8.3013133e+00
   8.3101521e+00
   8.3189925e+00
   8.3278453e+00
   8.3367207e+00
   8.3455915e+00
   8.3544675e+00
   8.3633421e+00
   8.3722153e+00
   8.3811013e+00
   8.3900197e+00
   8.3989000e+00
   8.4078096e+00
   8.4167003e+00
   8.4256190e+00
   8.4345549e+00
   8.4434946e+00
   8.4524576e+00
   8.4613841e+00
   8.4703328e+00
   8.4793098e+00
   8.4882893e+00
   8.4972809e+00
   8.5062522e+00
   8.5152576e+00
   8.5242590e+00
   8.5332660e+00
   8.5422831e+00
   8.5512990e+00
   8.5603302e+00
   8.5693694e+00
   8.5784213e+00
   8.5874700e+00
   8.5965368e+00
   8.6055772e+00
   8.6146655e+00
   8.6237494e+00
   8.6328127e+00
   8.6419047e+00
   8.6509738e+00
   8.6600748e+00
   8.6691803e+00
   8.6783155e+00
   8.6874523e+00
   8.6965698e+00
   8.7056920e+00
   8.7148296e+00
   8.7239570e+00
   8.7331212e+00
   8.7423108e+00
   8.7514995e+00
   8.7606737e+00
   8.7698541e+00
   8.7790648e+00
   8.7882842e+00
   8.7975007e+00
   8.8067230e+00
   8.8159213e+00
   8.8251423e+00
   8.8343752e+00
   8.8436326e+00
   8.8529104e+00
   8.8621640e+00
   8.8714105e+00
   8.8807206e+00
   8.8900094e+00
   8.8993125e+00
   8.9085964e+00
   8.9179010e+00
   8.9272176e+00
   8.9365539e+00
   8.9458733e+00
   8.9552031e+00
   8.9645390e+00
   8.9739062e+00
   8.9832816e+00
   8.9926581e+00
   9.0020400e+00
   9.0114252e+00
   9.0208147e+00
   9.0301936e+00
   9.0395806e+00
   9.0489840e+00
   9.0583923e+00
   9.0677929e+00
   9.0772263e+00
   9.0866569e+00
   9.0960869e+00
   9.1055135e+00
   9.1149661e+00
   9.1244414e+00
   9.1339160e+00
   9.1434089e+00
   9.1529233e+00
   9.1624203e+00
   9.1719259e+00
   9.1814231e+00
   9.1909399e+00
   9.2004393e+00
   9.2099927e+00
   9.2195237e+00
   9.2290784e+00
   9.2386293e+00
   9.2481939e+00
   9.2577930e+00
   9.2673634e+00
   9.2769647e+00
   9.2865423e+00
   9.2961473e+00
   9.3057557e+00
   9.3153496e+00
   9.3249834e+00
   9.3346072e+00
   9.3442346e+00
   9.3538622e+00
   9.3635413e+00
   9.3731882e+00
   9.3828542e+00
   9.3925293e+00
   9.4022254e+00
   9.4119097e+00
   9.4216189e+00
   9.4313145e+00
   9.4410123e+00
   9.4507276e+00
   9.4604564e+00
   9.4701784e+00
   9.4799291e+00
   9.4896724e+00
   9.4994183e+00
   9.5091871e+00
   9.5189654e+00
   9.5287359e+00
   9.5385276e+00
   9.5483186e+00
   9.5581365e+00
   9.5679188e+00
   9.5777405e+00
   9.5875674e+00
   9.5974080e+00
   9.6072649e+00
   9.6170841e+00
   9.6269397e+00
   9.6368093e+00
   9.6466703e+00
   9.6565295e+00
   9.6664234e+00
   9.6763198e+00
   9.6862286e+00
   9.6961359e+00
   9.7060521e+00
   9.7159824e+00
   9.7259119e+00
   9.7358525e+00
   9.7457782e+00
   9.7557157e+00
   9.7656602e+00
   9.7756424e+00
   9.7855910e+00
   9.7955654e+00
   9.8055705e+00
   9.8155746e+00
   9.8256010e+00
   9.8356150e+00
   9.8456474e+00
   9.8556724e+00
   9.8656780e+00
   9.8757075e+00
   9.8857472e+00
   9.8958008e+00
   9.9058686e+00
   9.9159369e+00
   9.9260105e+00
   9.9360790e+00
   9.9461755e+00
   9.9562455e+00
   9.9663634e+00
   9.9764867e+00
   9.9866043e+00
   9.9967522e+00
   1.0006879e+01
   1.0017020e+01
   1.0027178e+01
   1.0037347e+01
   1.0047506e+01
   1.0057687e+01
   1.0067867e+01
   1.0078039e+01
   1.0088269e+01
   1.0098487e+01
   1.0108695e+01
   1.0118886e+01
   1.0129095e+01
   1.0139313e+01
   1.0149557e+01
   1.0159800e+01
   1.0170068e+01
   1.0180353e+01
   1.0190628e+01
   1.0200917e+01
   1.0211203e+01
   1.0221507e+01
   1.0231802e+01
   1.0242115e+01
   1.0252415e+01
   1.0262759e+01
   1.0273097e+01
   1.0283419e+01
   1.0293770e+01
   1.0304120e+01
   1.0314477e+01
   1.0324865e+01
   1.0335251e+01
   1.0345625e+01
   1.0356025e+01
   1.0366412e+01
   1.0376792e+01
   1.0387192e+01
   1.0397616e+01
   1.0408071e+01
   1.0418520e+01
   1.0428972e+01
   1.0439447e+01
   1.0449897e+01
   1.0460359e+01
   1.0470838e+01
