   1.9320022e-08
   6.9779958e-08
   1.1222942e-07
   1.2247265e-07
   1.6660913e-07
   2.0425179e-07
   2.4457153e-07
   2.4776112e-07
   2.4993129e-07
   2.5284045e-07
   2.5657152e-07
   2.5724310e-07
   2.6007458e-07
   2.7233746e-07
   2.7977591e-07
   3.1733143e-07
   3.5324313e-07
   3.6906055e-07
   3.8448308e-07
   3.9444628e-07
   3.9516213e-07
   4.0378650e-07
   4.1451390e-07
   4.1755467e-07
   4.1816840e-07
   4.1924142e-07
   4.2225656e-07
   4.2567557e-07
   4.2708178e-07
   4.3100673e-07
   4.3540825e-07
   4.3696159e-07
   4.3824801e-07
   4.8700667e-07
   4.9493470e-07
   5.2104830e-07
   5.2120279e-07
   5.4404383e-07
   5.7877958e-07
   5.7983933e-07
   5.8207083e-07
   6.0999186e-07
   6.4960773e-07
   6.9907050e-07
   7.0754000e-07
   7.1452165e-07
   7.2096585e-07
   7.4051662e-07
   7.4172648e-07
   7.4375601e-07
   7.4396460e-07
   7.8799931e-07
   8.5081956e-07
   8.5502044e-07
   8.9503921e-07
   9.0570466e-07
   9.4712814e-07
   9.9778544e-07
   1.0141152e-06
   1.0470729e-06
   1.0651332e-06
   1.0786977e-06
   1.0845039e-06
   1.1217164e-06
   1.1255777e-06
   1.1725272e-06
   1.1820335e-06
   1.1889994e-06
   1.1915324e-06
   1.2223379e-06
   1.2451058e-06
   1.2522213e-06
   1.2773258e-06
   1.2792578e-06
   1.3185648e-06
   1.3674536e-06
   1.3710671e-06
   1.4091706e-06
   1.4175100e-06
   1.4260609e-06
   1.4452682e-06
   1.4465969e-06
   1.4748748e-06
   1.5013399e-06
   1.5420465e-06
   1.5808188e-06
   1.5813464e-06
   1.6155808e-06
   1.6507173e-06
   1.6528420e-06
   1.6911215e-06
   1.7295201e-06
   1.7315491e-06
   1.7341004e-06
   1.7365771e-06
   1.7376575e-06
   1.7383210e-06
   1.7433401e-06
   1.7757199e-06
   1.8170717e-06
   1.8603933e-06
   1.8716306e-06
   1.8776748e-06
   1.8885828e-06
   1.9203863e-06
   1.9216506e-06
   1.9442705e-06
   1.9575825e-06
   1.9598623e-06
   1.9622833e-06
   2.0007815e-06
   2.0497178e-06
   2.0502907e-06
   2.0514305e-06
   2.1002969e-06
   2.1419467e-06
   2.1433721e-06
   2.1448589e-06
   2.1612278e-06
   2.1858961e-06
   2.2299676e-06
   2.2666732e-06
   2.3038695e-06
   2.3141873e-06
   2.3178484e-06
   2.3322855e-06
   2.3663824e-06
   2.3669048e-06
   2.3681266e-06
   2.3687593e-06
   2.3909850e-06
   2.3964722e-06
   2.4477819e-06
   2.4510295e-06
   2.4725883e-06
   2.4765351e-06
   2.5165303e-06
   2.5181984e-06
   2.5214768e-06
   2.5241631e-06
   2.5471514e-06
   2.5678794e-06
   2.6011155e-06
   2.6088817e-06
   2.6539393e-06
   2.6821012e-06
   2.6954602e-06
   2.7026445e-06
   2.7128409e-06
   2.7161480e-06
   2.7203665e-06
   2.7239926e-06
   2.7320055e-06
   2.7427696e-06
   2.7832546e-06
   2.8165994e-06
   2.8501689e-06
   2.8837456e-06
   2.9128741e-06
   2.9268153e-06
   2.9431097e-06
   2.9835556e-06
   2.9981267e-06
   3.0411629e-06
   3.0602526e-06
   3.0666560e-06
   3.0768465e-06
   3.0881842e-06
   3.0899112e-06
   3.0964134e-06
   3.1183119e-06
   3.1247413e-06
   3.1570518e-06
   3.1578621e-06
   3.1594512e-06
   3.1893674e-06
   3.2192667e-06
   3.2347784e-06
   3.2560329e-06
   3.2813803e-06
   3.2975637e-06
   3.3234401e-06
   3.3265500e-06
   3.3281295e-06
   3.3310287e-06
   3.3345126e-06
   3.3353610e-06
   3.3850279e-06
   3.3926711e-06
   3.3984345e-06
   3.4037028e-06
   3.4117991e-06
   3.4447657e-06
   3.4992164e-06
   3.5460197e-06
   3.5766996e-06
   3.5911896e-06
   3.5987904e-06
   3.6020342e-06
   3.6025149e-06
   3.6108372e-06
   3.6176512e-06
   3.6250565e-06
   3.6347854e-06
   3.6392165e-06
   3.6596930e-06
   3.6991665e-06
   3.7317313e-06
   3.7561756e-06
   3.7923054e-06
   3.7952632e-06
   3.7980459e-06
   3.8390035e-06
   3.8852704e-06
   3.9222378e-06
   3.9234499e-06
   3.9324816e-06
   3.9394543e-06
   3.9722560e-06
   4.0019194e-06
   4.0282265e-06
   4.0296618e-06
   4.0705158e-06
   4.0797087e-06
   4.1151337e-06
   4.1530824e-06
   4.1687374e-06
   4.1708924e-06
   4.1892103e-06
   4.1907211e-06
   4.2179722e-06
   4.2302522e-06
   4.2393880e-06
   4.2640169e-06
   4.2660985e-06
   4.2708626e-06
   4.2733148e-06
   4.3347906e-06
   4.3450496e-06
   4.3592150e-06
   4.3637031e-06
   4.3986417e-06
   4.4024616e-06
   4.4230869e-06
   4.4275858e-06
   4.4631546e-06
   4.4646146e-06
   4.5094792e-06
   4.5150950e-06
   4.5216107e-06
   4.5415128e-06
   4.5655952e-06
   4.5930287e-06
   4.6326250e-06
   4.6662405e-06
   4.6698090e-06
   4.7115814e-06
   4.7168231e-06
   4.7474668e-06
   4.7508432e-06
   4.7524556e-06
   4.7548276e-06
   4.7562814e-06
   4.7590983e-06
   4.7618051e-06
   4.7964961e-06
   4.8109438e-06
   4.8223625e-06
   4.8430889e-06
   4.8551258e-06
   4.8914329e-06
   4.8941097e-06
   4.8944922e-06
   4.8959216e-06
   4.9368295e-06
   4.9457298e-06
   4.9528125e-06
   4.9750408e-06
   4.9975949e-06
   5.0232820e-06
   5.0536644e-06
   5.0645735e-06
   5.0725112e-06
   5.1012239e-06
   5.1199306e-06
   5.1342077e-06
   5.1372306e-06
   5.1392709e-06
   5.1725443e-06
   5.1961262e-06
   5.1996794e-06
   5.2044831e-06
   5.2443270e-06
   5.2791681e-06
   5.3231897e-06
   5.3566292e-06
   5.3571691e-06
   5.4008614e-06
   5.4487951e-06
   5.4507637e-06
   5.4874708e-06
   5.5087347e-06
   5.5092462e-06
   5.5103965e-06
   5.5399533e-06
   5.5523842e-06
   5.5974785e-06
   5.6002653e-06
   5.6036364e-06
   5.6381503e-06
   5.6419599e-06
   5.6524841e-06
   5.6987897e-06
   5.7000735e-06
   5.7353954e-06
   5.7518743e-06
   5.7769821e-06
   5.8305718e-06
   5.8882271e-06
   5.8924367e-06
   5.8949665e-06
   5.8966039e-06
   5.9339087e-06
   5.9719482e-06
   5.9743794e-06
   6.0062672e-06
   6.0429953e-06
   6.0876154e-06
   6.1348107e-06
   6.1380843e-06
   6.1652979e-06
   6.1747118e-06
   6.1861751e-06
   6.1959130e-06
   6.2280193e-06
   6.2313074e-06
   6.2622278e-06
   6.2857599e-06
   6.2904526e-06
   6.2913546e-06
   6.2924335e-06
   6.2944186e-06
   6.3111443e-06
   6.3327391e-06
   6.3342494e-06
   6.3719897e-06
   6.4036519e-06
   6.4213589e-06
   6.4325240e-06
   6.4440661e-06
   6.4507013e-06
   6.4548730e-06
   6.4930858e-06
   6.5290979e-06
   6.5406689e-06
   6.5845868e-06
   6.6091866e-06
   6.6158901e-06
   6.6265425e-06
   6.6370583e-06
   6.6830841e-06
   6.7338676e-06
   6.7450614e-06
   6.7990054e-06
   6.8363214e-06
   6.8764009e-06
   6.9132451e-06
   6.9493986e-06
   6.9799078e-06
   7.0137558e-06
   7.0588049e-06
   7.0683624e-06
   7.1070807e-06
   7.1397134e-06
   7.1495805e-06
   7.1616932e-06
   7.1704910e-06
   7.1899150e-06
   7.1924552e-06
   7.1947750e-06
   7.1968818e-06
   7.2001611e-06
   7.2261220e-06
   7.2563777e-06
   7.2915133e-06
   7.3233368e-06
   7.3256422e-06
   7.3574834e-06
   7.3662720e-06
   7.3786715e-06
   7.3825138e-06
   7.3900983e-06
   7.4136410e-06
   7.4147372e-06
   7.4565855e-06
   7.4945546e-06
   7.4962495e-06
   7.4980214e-06
   7.5024498e-06
   7.5456584e-06
   7.6080078e-06
   7.6501763e-06
   7.6697109e-06
   7.6896943e-06
   7.6982573e-06
   7.7315312e-06
   7.7324034e-06
   7.7347929e-06
   7.7377948e-06
   7.7414594e-06
   7.7855610e-06
   7.8205695e-06
   7.8578574e-06
   7.8934220e-06
   7.9399219e-06
   7.9523138e-06
   7.9842716e-06
   7.9868380e-06
   7.9893124e-06
   7.9901271e-06
   8.0238088e-06
   8.0507721e-06
   8.0534089e-06
   8.0916203e-06
   8.1102496e-06
   8.1130416e-06
   8.1142917e-06
   8.1156080e-06
   8.1195413e-06
   8.1459886e-06
   8.1480424e-06
   8.1678816e-06
   8.1964828e-06
   8.2016960e-06
   8.2042184e-06
   8.2061715e-06
   8.2557387e-06
   8.2612283e-06
   8.2762361e-06
   8.2801525e-06
   8.3113974e-06
   8.3137839e-06
   8.3576697e-06
   8.4010439e-06
   8.4422335e-06
   8.4810230e-06
   8.5207979e-06
   8.5251612e-06
   8.5660160e-06
   8.6116610e-06
   8.6663666e-06
   8.6684170e-06
   8.6703607e-06
   8.7109105e-06
   8.7184987e-06
   8.7489990e-06
   8.7728342e-06
   8.7748230e-06
   8.7863352e-06
   8.8118372e-06
   8.8450281e-06
   8.8835320e-06
   8.9188921e-06
   8.9306628e-06
   8.9362263e-06
   8.9513399e-06
   8.9933036e-06
   8.9959506e-06
   8.9990080e-06
   9.0097142e-06
   9.0206025e-06
   9.0211625e-06
   9.0214107e-06
   9.0242635e-06
   9.0281412e-06
   9.0292676e-06
   9.0637220e-06
   9.0972541e-06
   9.0988575e-06
   9.1013464e-06
   9.1348220e-06
   9.1465170e-06
   9.1950759e-06
   9.2269478e-06
   9.2573930e-06
   9.2590462e-06
   9.2604211e-06
   9.2609721e-06
   9.2752640e-06
   9.2842953e-06
   9.2923509e-06
   9.3045574e-06
   9.3077754e-06
   9.3428913e-06
   9.3694142e-06
   9.3983445e-06
   9.4146144e-06
   9.4588769e-06
   9.5105470e-06
   9.5636602e-06
   9.5648208e-06
   9.5956643e-06
   9.6235978e-06
   9.6254235e-06
   9.6518916e-06
   9.6739180e-06
   9.6747422e-06
   9.7284663e-06
   9.7921244e-06
   9.7931654e-06
   9.8199710e-06
   9.8598050e-06
   9.8609084e-06
   9.8622269e-06
   9.8899854e-06
   9.9024971e-06
   9.9126212e-06
   9.9461460e-06
   9.9480496e-06
   9.9710122e-06
   9.9939057e-06
   1.0008832e-05
   1.0013569e-05
   1.0044310e-05
   1.0057919e-05
   1.0071665e-05
   1.0085109e-05
   1.0129270e-05
   1.0131169e-05
   1.0154900e-05
   1.0176437e-05
   1.0177266e-05
   1.0178351e-05
   1.0179715e-05
   1.0180936e-05
   1.0184070e-05
   1.0231255e-05
   1.0253411e-05
   1.0273301e-05
   1.0325357e-05
   1.0338722e-05
   1.0352533e-05
   1.0353392e-05
   1.0383273e-05
   1.0405781e-05
   1.0406817e-05
   1.0408186e-05
   1.0441436e-05
   1.0468198e-05
   1.0512923e-05
   1.0518558e-05
   1.0558142e-05
   1.0561550e-05
   1.0588672e-05
   1.0596075e-05
   1.0635396e-05
   1.0656164e-05
   1.0662567e-05
   1.0686295e-05
   1.0726063e-05
   1.0736637e-05
   1.0740498e-05
   1.0771327e-05
   1.0798383e-05
   1.0801604e-05
   1.0822257e-05
   1.0854396e-05
   1.0902690e-05
   1.0942092e-05
   1.0954907e-05
   1.0962235e-05
   1.0988133e-05
   1.0990136e-05
   1.1021372e-05
   1.1027396e-05
   1.1040183e-05
   1.1050400e-05
   1.1091605e-05
   1.1134289e-05
   1.1175200e-05
   1.1188723e-05
   1.1202354e-05
   1.1208085e-05
   1.1251827e-05
   1.1271793e-05
   1.1279599e-05
   1.1290749e-05
   1.1307312e-05
   1.1334160e-05
   1.1352027e-05
   1.1383347e-05
   1.1384223e-05
   1.1386631e-05
   1.1388596e-05
   1.1425872e-05
   1.1448099e-05
   1.1449706e-05
   1.1452033e-05
   1.1453528e-05
   1.1492417e-05
   1.1497177e-05
   1.1497842e-05
   1.1504792e-05
   1.1532079e-05
   1.1581994e-05
   1.1596730e-05
   1.1608054e-05
   1.1646785e-05
   1.1703796e-05
   1.1748142e-05
   1.1807098e-05
   1.1818821e-05
   1.1872883e-05
   1.1922299e-05
   1.1983802e-05
   1.1984610e-05
   1.2029674e-05
   1.2067673e-05
   1.2070290e-05
   1.2073429e-05
   1.2091491e-05
   1.2097168e-05
   1.2099538e-05
   1.2105564e-05
   1.2131878e-05
   1.2132738e-05
   1.2134105e-05
   1.2134979e-05
   1.2165340e-05
   1.2172165e-05
   1.2179869e-05
   1.2191758e-05
   1.2203181e-05
   1.2207514e-05
   1.2269915e-05
   1.2271045e-05
   1.2279820e-05
   1.2286137e-05
   1.2289373e-05
   1.2323576e-05
   1.2346973e-05
   1.2347770e-05
   1.2369412e-05
   1.2395343e-05
   1.2433669e-05
   1.2444799e-05
   1.2455924e-05
   1.2462005e-05
   1.2467162e-05
   1.2471277e-05
   1.2495569e-05
   1.2497815e-05
   1.2500173e-05
   1.2503209e-05
   1.2504498e-05
   1.2534114e-05
   1.2567883e-05
   1.2606397e-05
   1.2647289e-05
   1.2697986e-05
   1.2742110e-05
   1.2744108e-05
   1.2770428e-05
   1.2780506e-05
   1.2785509e-05
   1.2803502e-05
   1.2838659e-05
   1.2839997e-05
   1.2884250e-05
   1.2891920e-05
   1.2902971e-05
   1.2910295e-05
   1.2925733e-05
   1.2978484e-05
   1.3013065e-05
   1.3047007e-05
   1.3077117e-05
   1.3088439e-05
   1.3128395e-05
   1.3156664e-05
   1.3184688e-05
   1.3185628e-05
   1.3188665e-05
   1.3189954e-05
   1.3192537e-05
   1.3198236e-05
   1.3214607e-05
   1.3233611e-05
   1.3271055e-05
   1.3307871e-05
   1.3337084e-05
   1.3341377e-05
   1.3391597e-05
   1.3437635e-05
   1.3474201e-05
   1.3511141e-05
   1.3543509e-05
   1.3562216e-05
   1.3580986e-05
   1.3627215e-05
   1.3668975e-05
   1.3722821e-05
   1.3724112e-05
   1.3728481e-05
   1.3729831e-05
   1.3753023e-05
   1.3756876e-05
   1.3796058e-05
   1.3798467e-05
   1.3800773e-05
   1.3801771e-05
   1.3835859e-05
   1.3841947e-05
   1.3860747e-05
   1.3912995e-05
   1.3915538e-05
   1.3916988e-05
   1.3920647e-05
   1.3923054e-05
   1.3924440e-05
   1.3927997e-05
   1.3929617e-05
   1.3982633e-05
   1.3998591e-05
   1.4034392e-05
   1.4036267e-05
   1.4037843e-05
   1.4071946e-05
   1.4075860e-05
   1.4092157e-05
   1.4124690e-05
   1.4126483e-05
   1.4163824e-05
   1.4211158e-05
   1.4262805e-05
   1.4310961e-05
   1.4341656e-05
   1.4377772e-05
   1.4379042e-05
   1.4382401e-05
   1.4425767e-05
   1.4431592e-05
   1.4434579e-05
   1.4441069e-05
   1.4490561e-05
   1.4530003e-05
   1.4542340e-05
   1.4558472e-05
   1.4572920e-05
   1.4575620e-05
   1.4613270e-05
   1.4645434e-05
   1.4646700e-05
   1.4647504e-05
   1.4650164e-05
   1.4653758e-05
   1.4655368e-05
   1.4655633e-05
   1.4658372e-05
   1.4687614e-05
   1.4716174e-05
   1.4752638e-05
   1.4786374e-05
   1.4789274e-05
   1.4792968e-05
   1.4796866e-05
   1.4798940e-05
   1.4822104e-05
   1.4835180e-05
   1.4852618e-05
   1.4855481e-05
   1.4890784e-05
   1.4895981e-05
   1.4898816e-05
   1.4937508e-05
   1.4985785e-05
   1.5044764e-05
   1.5067241e-05
   1.5072968e-05
   1.5100718e-05
   1.5104074e-05
   1.5104893e-05
   1.5147862e-05
   1.5192378e-05
   1.5195372e-05
   1.5196661e-05
   1.5214876e-05
   1.5225581e-05
   1.5233390e-05
   1.5234949e-05
   1.5266265e-05
   1.5267996e-05
   1.5293777e-05
   1.5313561e-05
   1.5332498e-05
   1.5363485e-05
   1.5364790e-05
   1.5365703e-05
   1.5369076e-05
   1.5370247e-05
   1.5373437e-05
   1.5377433e-05
   1.5408604e-05
   1.5413423e-05
   1.5422673e-05
   1.5431353e-05
   1.5457605e-05
   1.5458288e-05
   1.5481754e-05
   1.5507175e-05
   1.5522817e-05
   1.5528464e-05
   1.5554321e-05
   1.5557195e-05
   1.5559067e-05
   1.5559839e-05
   1.5562701e-05
   1.5600733e-05
   1.5614020e-05
   1.5643664e-05
   1.5644920e-05
   1.5648153e-05
   1.5649350e-05
   1.5679545e-05
   1.5682634e-05
   1.5701356e-05
   1.5748472e-05
   1.5756476e-05
   1.5770902e-05
   1.5815473e-05
   1.5819078e-05
   1.5849371e-05
   1.5902129e-05
   1.5904780e-05
   1.5940840e-05
   1.5980676e-05
   1.5983212e-05
   1.5983598e-05
   1.6006277e-05
   1.6025548e-05
   1.6046322e-05
   1.6057446e-05
   1.6087014e-05
   1.6092172e-05
   1.6118179e-05
   1.6124527e-05
   1.6130566e-05
   1.6134216e-05
   1.6158411e-05
   1.6200354e-05
   1.6210134e-05
   1.6233673e-05
   1.6234894e-05
   1.6236114e-05
   1.6236443e-05
   1.6271991e-05
   1.6305281e-05
   1.6337009e-05
   1.6375370e-05
   1.6407113e-05
   1.6411910e-05
   1.6457011e-05
   1.6459259e-05
   1.6499632e-05
   1.6531957e-05
   1.6555191e-05
   1.6560143e-05
   1.6569260e-05
   1.6580714e-05
   1.6634011e-05
   1.6635894e-05
   1.6651789e-05
   1.6661553e-05
   1.6706987e-05
   1.6708897e-05
   1.6709490e-05
   1.6709748e-05
   1.6710191e-05
   1.6712888e-05
   1.6714255e-05
   1.6739404e-05
   1.6746024e-05
   1.6751874e-05
   1.6789826e-05
   1.6791903e-05
   1.6821133e-05
   1.6830170e-05
   1.6849323e-05
   1.6886537e-05
   1.6929263e-05
   1.6952806e-05
   1.6968518e-05
   1.7007267e-05
   1.7069468e-05
   1.7141486e-05
   1.7213597e-05
   1.7251531e-05
   1.7258648e-05
   1.7272334e-05
   1.7282242e-05
   1.7286604e-05
   1.7331438e-05
   1.7335419e-05
   1.7337921e-05
   1.7379305e-05
   1.7389618e-05
   1.7401373e-05
   1.7406560e-05
   1.7443057e-05
   1.7445305e-05
   1.7447448e-05
   1.7451170e-05
   1.7453689e-05
   1.7455415e-05
   1.7456600e-05
   1.7494613e-05
   1.7532240e-05
   1.7533099e-05
   1.7554164e-05
   1.7564790e-05
   1.7577545e-05
   1.7599820e-05
   1.7626160e-05
   1.7674597e-05
   1.7716096e-05
   1.7729517e-05
   1.7777198e-05
   1.7805115e-05
   1.7829539e-05
   1.7856215e-05
   1.7862307e-05
   1.7909292e-05
   1.7913954e-05
   1.7915305e-05
   1.7937171e-05
   1.7954464e-05
   1.7992352e-05
   1.7994919e-05
   1.8028720e-05
   1.8054496e-05
   1.8056453e-05
   1.8059936e-05
   1.8061879e-05
   1.8086926e-05
   1.8111710e-05
   1.8132688e-05
   1.8158344e-05
   1.8204506e-05
   1.8246024e-05
   1.8248491e-05
   1.8275838e-05
   1.8285489e-05
   1.8310684e-05
   1.8311850e-05
   1.8332571e-05
   1.8345237e-05
   1.8378954e-05
   1.8381803e-05
   1.8383100e-05
   1.8385517e-05
   1.8421282e-05
   1.8432648e-05
   1.8455168e-05
   1.8455607e-05
   1.8457392e-05
   1.8461164e-05
   1.8463550e-05
   1.8502526e-05
   1.8507653e-05
   1.8540754e-05
   1.8575640e-05
   1.8607369e-05
   1.8643459e-05
   1.8682021e-05
   1.8684822e-05
   1.8686716e-05
   1.8690412e-05
   1.8691488e-05
   1.8691908e-05
   1.8694833e-05
   1.8719641e-05
   1.8727211e-05
   1.8734298e-05
   1.8778987e-05
   1.8780196e-05
   1.8819378e-05
   1.8826439e-05
   1.8858741e-05
   1.8923119e-05
   1.8929281e-05
   1.8930124e-05
   1.8937596e-05
   1.8948800e-05
   1.8954487e-05
   1.8959551e-05
   1.8983652e-05
   1.8984627e-05
   1.9017718e-05
   1.9046823e-05
   1.9048577e-05
   1.9082565e-05
   1.9087456e-05
   1.9123185e-05
   1.9154325e-05
   1.9162565e-05
   1.9172222e-05
   1.9204607e-05
   1.9230341e-05
   1.9263607e-05
   1.9302274e-05
   1.9327968e-05
   1.9352790e-05
   1.9382540e-05
   1.9413673e-05
   1.9424965e-05
   1.9448395e-05
   1.9450315e-05
   1.9487048e-05
   1.9496424e-05
   1.9510068e-05
   1.9522936e-05
   1.9524127e-05
   1.9525836e-05
   1.9529610e-05
   1.9564895e-05
   1.9573825e-05
   1.9606295e-05
   1.9640340e-05
   1.9659646e-05
   1.9700351e-05
   1.9701881e-05
   1.9740825e-05
   1.9778561e-05
   1.9781346e-05
   1.9816439e-05
   1.9822315e-05
   1.9822758e-05
   1.9827628e-05
   1.9829187e-05
   1.9832460e-05
   1.9838708e-05
   1.9864871e-05
   1.9866235e-05
   1.9911172e-05
   1.9915715e-05
   1.9969458e-05
   2.0001785e-05
   2.0012411e-05
   2.0016012e-05
   2.0053055e-05
   2.0075408e-05
   2.0094705e-05
   2.0096583e-05
   2.0126082e-05
   2.0127947e-05
   2.0160690e-05
   2.0207025e-05
   2.0211845e-05
   2.0225814e-05
   2.0254572e-05
   2.0287382e-05
   2.0316223e-05
   2.0330571e-05
   2.0347168e-05
   2.0381269e-05
   2.0387814e-05
   2.0408633e-05
   2.0410567e-05
   2.0452352e-05
   2.0469158e-05
   2.0477277e-05
   2.0484637e-05
   2.0497059e-05
   2.0501084e-05
   2.0502384e-05
   2.0533355e-05
   2.0560508e-05
   2.0562477e-05
   2.0608568e-05
   2.0655292e-05
   2.0655774e-05
   2.0682868e-05
   2.0698320e-05
   2.0703761e-05
   2.0721167e-05
   2.0723252e-05
   2.0743108e-05
   2.0747520e-05
   2.0765696e-05
   2.0768590e-05
   2.0797333e-05
   2.0825396e-05
   2.0828234e-05
   2.0871490e-05
   2.0901530e-05
   2.0903538e-05
   2.0905997e-05
   2.0943161e-05
   2.0955108e-05
   2.0969251e-05
   2.1012018e-05
   2.1061470e-05
   2.1098295e-05
   2.1099835e-05
   2.1105439e-05
   2.1154172e-05
   2.1205050e-05
   2.1243169e-05
   2.1255519e-05
   2.1282271e-05
   2.1309549e-05
   2.1318625e-05
   2.1328788e-05
   2.1331567e-05
   2.1372048e-05
   2.1381186e-05
   2.1387262e-05
   2.1390168e-05
   2.1403864e-05
   2.1448810e-05
   2.1501324e-05
   2.1505514e-05
   2.1514628e-05
   2.1523397e-05
   2.1533959e-05
   2.1563165e-05
   2.1566089e-05
   2.1567216e-05
   2.1619327e-05
   2.1631069e-05
   2.1638007e-05
   2.1654664e-05
   2.1673891e-05
   2.1689902e-05
   2.1698247e-05
   2.1718033e-05
   2.1763570e-05
   2.1772419e-05
   2.1781691e-05
   2.1795420e-05
   2.1804324e-05
   2.1818459e-05
   2.1844449e-05
   2.1875299e-05
   2.1892706e-05
   2.1900719e-05
   2.1935140e-05
   2.1936510e-05
   2.1941762e-05
   2.1943988e-05
   2.1994092e-05
   2.2047437e-05
   2.2048644e-05
   2.2091591e-05
   2.2133189e-05
   2.2136269e-05
   2.2179954e-05
   2.2191803e-05
   2.2195926e-05
   2.2203630e-05
   2.2206233e-05
   2.2208331e-05
   2.2235109e-05
   2.2264843e-05
   2.2273591e-05
   2.2282344e-05
   2.2288796e-05
   2.2320584e-05
   2.2321549e-05
   2.2324378e-05
   2.2341336e-05
   2.2363398e-05
   2.2365189e-05
   2.2366605e-05
   2.2411414e-05
   2.2451522e-05
   2.2491473e-05
   2.2501007e-05
   2.2508488e-05
   2.2544166e-05
   2.2544640e-05
   2.2548848e-05
   2.2551353e-05
   2.2586642e-05
   2.2622720e-05
   2.2624746e-05
   2.2680061e-05
   2.2692061e-05
   2.2702128e-05
   2.2711777e-05
   2.2743872e-05
   2.2758571e-05
   2.2780732e-05
   2.2820597e-05
   2.2830485e-05
   2.2835963e-05
   2.2838680e-05
   2.2846066e-05
   2.2850649e-05
   2.2910135e-05
   2.2964554e-05
   2.2975653e-05
   2.2997172e-05
   2.2998834e-05
   2.3000422e-05
   2.3002044e-05
   2.3003385e-05
   2.3022278e-05
   2.3025145e-05
   2.3026067e-05
   2.3037594e-05
   2.3099610e-05
   2.3102111e-05
   2.3104825e-05
   2.3123630e-05
   2.3141780e-05
   2.3142959e-05
   2.3143861e-05
   2.3189807e-05
   2.3226893e-05
   2.3230268e-05
   2.3232236e-05
   2.3233528e-05
   2.3255771e-05
   2.3278469e-05
   2.3280335e-05
   2.3284769e-05
   2.3309201e-05
   2.3335239e-05
   2.3354128e-05
   2.3359938e-05
   2.3386326e-05
   2.3387369e-05
   2.3420213e-05
   2.3431286e-05
   2.3441962e-05
   2.3472012e-05
   2.3515261e-05
   2.3524272e-05
   2.3536678e-05
   2.3549430e-05
   2.3555230e-05
   2.3595236e-05
   2.3597146e-05
   2.3599607e-05
   2.3641206e-05
   2.3654859e-05
   2.3683942e-05
   2.3716960e-05
   2.3757990e-05
   2.3761840e-05
   2.3764728e-05
   2.3766161e-05
   2.3813799e-05
   2.3865414e-05
   2.3897043e-05
   2.3933634e-05
   2.3935263e-05
   2.3970537e-05
   2.4004118e-05
   2.4039184e-05
   2.4076646e-05
   2.4077012e-05
   2.4101481e-05
   2.4138668e-05
   2.4190927e-05
   2.4210216e-05
   2.4226221e-05
   2.4243566e-05
   2.4257113e-05
   2.4299991e-05
   2.4301844e-05
   2.4302426e-05
   2.4353218e-05
   2.4411045e-05
   2.4457668e-05
   2.4475157e-05
   2.4480512e-05
   2.4496218e-05
   2.4506092e-05
   2.4528456e-05
   2.4560411e-05
   2.4592015e-05
   2.4623043e-05
   2.4635034e-05
   2.4658111e-05
   2.4659734e-05
   2.4661779e-05
   2.4676720e-05
   2.4681545e-05
   2.4694812e-05
   2.4722491e-05
   2.4724950e-05
   2.4725569e-05
   2.4744102e-05
   2.4745838e-05
   2.4763584e-05
   2.4796937e-05
   2.4797784e-05
   2.4822946e-05
   2.4832835e-05
   2.4838741e-05
   2.4881512e-05
   2.4932642e-05
   2.4935404e-05
   2.4982260e-05
   2.4985242e-05
   2.5011697e-05
   2.5039053e-05
   2.5040286e-05
   2.5042098e-05
   2.5078359e-05
   2.5089914e-05
   2.5128673e-05
   2.5173209e-05
   2.5217924e-05
   2.5218865e-05
   2.5270102e-05
   2.5280083e-05
   2.5309118e-05
   2.5323094e-05
   2.5342413e-05
   2.5344159e-05
   2.5346262e-05
   2.5348369e-05
   2.5350137e-05
   2.5353414e-05
   2.5356589e-05
   2.5388383e-05
   2.5402952e-05
   2.5427327e-05
   2.5429468e-05
   2.5432989e-05
   2.5459623e-05
   2.5466039e-05
   2.5480472e-05
   2.5489254e-05
   2.5491328e-05
   2.5521151e-05
   2.5521720e-05
   2.5533841e-05
   2.5559486e-05
   2.5561721e-05
   2.5564645e-05
   2.5565768e-05
   2.5566343e-05
   2.5596175e-05
   2.5606900e-05
   2.5616748e-05
   2.5654668e-05
   2.5673867e-05
   2.5699678e-05
   2.5751086e-05
   2.5795541e-05
   2.5831520e-05
   2.5880999e-05
   2.5931086e-05
   2.5943027e-05
   2.5947242e-05
   2.5952605e-05
   2.5963302e-05
   2.6010019e-05
   2.6051329e-05
   2.6056474e-05
   2.6081482e-05
   2.6108433e-05
   2.6119279e-05
   2.6146889e-05
   2.6149736e-05
   2.6198092e-05
   2.6246519e-05
   2.6270478e-05
   2.6292382e-05
   2.6345002e-05
   2.6385218e-05
   2.6387072e-05
   2.6388186e-05
   2.6417738e-05
   2.6421869e-05
   2.6470139e-05
   2.6507350e-05
   2.6530409e-05
   2.6553723e-05
   2.6560339e-05
   2.6580862e-05
   2.6581836e-05
   2.6629623e-05
   2.6629811e-05
   2.6639437e-05
   2.6660503e-05
   2.6691511e-05
   2.6701882e-05
   2.6720619e-05
   2.6760893e-05
   2.6798478e-05
   2.6837686e-05
   2.6887737e-05
   2.6890947e-05
   2.6912286e-05
   2.6934124e-05
   2.6936576e-05
   2.6969881e-05
   2.7003634e-05
   2.7004593e-05
   2.7029512e-05
   2.7035969e-05
   2.7050168e-05
   2.7050812e-05
   2.7051620e-05
   2.7053029e-05
   2.7055779e-05
   2.7058700e-05
   2.7085646e-05
   2.7107277e-05
   2.7123016e-05
   2.7129566e-05
   2.7163715e-05
   2.7215612e-05
   2.7226574e-05
   2.7240577e-05
   2.7257312e-05
   2.7262809e-05
   2.7270293e-05
   2.7316829e-05
   2.7318735e-05
   2.7355972e-05
   2.7392028e-05
   2.7393006e-05
   2.7419591e-05
   2.7425718e-05
   2.7429460e-05
   2.7456761e-05
   2.7503023e-05
   2.7538425e-05
   2.7569645e-05
   2.7604059e-05
   2.7638727e-05
   2.7644200e-05
   2.7657109e-05
   2.7696468e-05
   2.7697170e-05
   2.7698551e-05
   2.7747955e-05
   2.7752470e-05
   2.7789608e-05
   2.7790047e-05
   2.7791422e-05
   2.7814350e-05
   2.7844979e-05
   2.7910466e-05
   2.7960829e-05
   2.7982787e-05
   2.7984243e-05
   2.8002358e-05
   2.8027916e-05
   2.8055957e-05
   2.8068955e-05
   2.8075115e-05
   2.8101197e-05
   2.8144755e-05
   2.8183543e-05
   2.8186169e-05
   2.8188780e-05
   2.8236198e-05
   2.8238061e-05
   2.8239529e-05
   2.8271976e-05
   2.8275478e-05
   2.8308320e-05
   2.8338654e-05
   2.8363618e-05
   2.8368364e-05
   2.8370185e-05
   2.8375536e-05
   2.8403676e-05
   2.8426451e-05
   2.8435349e-05
   2.8445461e-05
   2.8492784e-05
   2.8525135e-05
   2.8563039e-05
   2.8564468e-05
   2.8565621e-05
   2.8590529e-05
   2.8596662e-05
   2.8633827e-05
   2.8669287e-05
   2.8716032e-05
   2.8751939e-05
   2.8770006e-05
   2.8794672e-05
   2.8796816e-05
   2.8845955e-05
   2.8848984e-05
   2.8851430e-05
   2.8885110e-05
   2.8890702e-05
   2.8907337e-05
   2.8908941e-05
   2.8935963e-05
   2.8939967e-05
   2.8947742e-05
   2.8959930e-05
   2.8993094e-05
   2.8994103e-05
   2.9050635e-05
   2.9113625e-05
   2.9118960e-05
   2.9120795e-05
   2.9154533e-05
   2.9178837e-05
   2.9194643e-05
   2.9203847e-05
   2.9211268e-05
   2.9226705e-05
   2.9268004e-05
   2.9269359e-05
   2.9271622e-05
   2.9316182e-05
   2.9333249e-05
   2.9342573e-05
   2.9351976e-05
   2.9353923e-05
   2.9360555e-05
   2.9389206e-05
   2.9391583e-05
   2.9434735e-05
   2.9481178e-05
   2.9482492e-05
   2.9484501e-05
   2.9486879e-05
   2.9506365e-05
   2.9516972e-05
   2.9524101e-05
   2.9581312e-05
   2.9583139e-05
   2.9587240e-05
   2.9593388e-05
   2.9593611e-05
   2.9620108e-05
   2.9644455e-05
   2.9679307e-05
   2.9717938e-05
   2.9753947e-05
   2.9783888e-05
   2.9831720e-05
   2.9834005e-05
   2.9853691e-05
   2.9857842e-05
   2.9887244e-05
   2.9889193e-05
   2.9934107e-05
   2.9968663e-05
   2.9971057e-05
   3.0004535e-05
   3.0011611e-05
   3.0019227e-05
   3.0039261e-05
   3.0072053e-05
   3.0130122e-05
   3.0131574e-05
   3.0163125e-05
   3.0186401e-05
   3.0226785e-05
   3.0278132e-05
   3.0295762e-05
   3.0318039e-05
   3.0358913e-05
   3.0364397e-05
   3.0395325e-05
   3.0396420e-05
   3.0417576e-05
   3.0445500e-05
   3.0479358e-05
   3.0483805e-05
   3.0491522e-05
   3.0532374e-05
   3.0534372e-05
   3.0535260e-05
   3.0560893e-05
   3.0567032e-05
   3.0609603e-05
   3.0652157e-05
   3.0681472e-05
   3.0681939e-05
   3.0683776e-05
   3.0717526e-05
   3.0751921e-05
   3.0753968e-05
   3.0755454e-05
   3.0755853e-05
   3.0758710e-05
   3.0760390e-05
   3.0794773e-05
   3.0800602e-05
   3.0838964e-05
   3.0842356e-05
   3.0863550e-05
   3.0866061e-05
   3.0873405e-05
   3.0879467e-05
   3.0905856e-05
   3.0908036e-05
   3.0947722e-05
   3.0956734e-05
   3.1006366e-05
   3.1009962e-05
   3.1030884e-05
   3.1032326e-05
   3.1034444e-05
   3.1063447e-05
   3.1066399e-05
   3.1108535e-05
   3.1155643e-05
   3.1199374e-05
   3.1207140e-05
   3.1213790e-05
   3.1244958e-05
   3.1278523e-05
   3.1318239e-05
   3.1320277e-05
   3.1322300e-05
   3.1343143e-05
   3.1370406e-05
   3.1371759e-05
   3.1397778e-05
   3.1404982e-05
   3.1421502e-05
   3.1424616e-05
   3.1444781e-05
   3.1457915e-05
   3.1494111e-05
   3.1497806e-05
   3.1522441e-05
   3.1544696e-05
   3.1556925e-05
   3.1561906e-05
   3.1591601e-05
   3.1594032e-05
   3.1595447e-05
   3.1632947e-05
   3.1636277e-05
   3.1642478e-05
   3.1644413e-05
   3.1678917e-05
   3.1718316e-05
   3.1723212e-05
   3.1760757e-05
   3.1804070e-05
   3.1807563e-05
   3.1821854e-05
   3.1828313e-05
   3.1836962e-05
   3.1864493e-05
   3.1898958e-05
   3.1926218e-05
   3.1929347e-05
   3.1935010e-05
   3.1936689e-05
   3.1939856e-05
   3.1974965e-05
   3.1989729e-05
   3.2014071e-05
   3.2038928e-05
   3.2065290e-05
   3.2065977e-05
   3.2068280e-05
   3.2103294e-05
   3.2116381e-05
   3.2140702e-05
   3.2142033e-05
   3.2142296e-05
   3.2144769e-05
   3.2165355e-05
   3.2182433e-05
   3.2185635e-05
   3.2217253e-05
   3.2221170e-05
   3.2230976e-05
   3.2259153e-05
   3.2261205e-05
   3.2264428e-05
   3.2289658e-05
   3.2310969e-05
   3.2312085e-05
   3.2353935e-05
   3.2361761e-05
   3.2386784e-05
   3.2389623e-05
   3.2427914e-05
   3.2456301e-05
   3.2458497e-05
   3.2502067e-05
   3.2538382e-05
   3.2583656e-05
   3.2628082e-05
   3.2630497e-05
   3.2657303e-05
   3.2663320e-05
   3.2671854e-05
   3.2678977e-05
   3.2724396e-05
   3.2725916e-05
   3.2760899e-05
   3.2791372e-05
   3.2795290e-05
   3.2812584e-05
   3.2825888e-05
   3.2883799e-05
   3.2927593e-05
   3.2965119e-05
   3.2993388e-05
   3.2999509e-05
   3.3004852e-05
   3.3012687e-05
   3.3018567e-05
   3.3054082e-05
   3.3055888e-05
   3.3057405e-05
   3.3104791e-05
   3.3106254e-05
   3.3111247e-05
   3.3116373e-05
   3.3140234e-05
   3.3177693e-05
   3.3185293e-05
   3.3189984e-05
   3.3210076e-05
   3.3212950e-05
   3.3244476e-05
   3.3249975e-05
   3.3258083e-05
   3.3291610e-05
   3.3318455e-05
   3.3333521e-05
   3.3338607e-05
   3.3341024e-05
   3.3344167e-05
   3.3380691e-05
   3.3388338e-05
   3.3449851e-05
   3.3472808e-05
   3.3501293e-05
   3.3504428e-05
   3.3536765e-05
   3.3576727e-05
   3.3592494e-05
   3.3603430e-05
   3.3651262e-05
   3.3698680e-05
   3.3723033e-05
   3.3730853e-05
   3.3737226e-05
   3.3775955e-05
   3.3777494e-05
   3.3819131e-05
   3.3827249e-05
   3.3853291e-05
   3.3855063e-05
   3.3873559e-05
   3.3882373e-05
   3.3909482e-05
   3.3912402e-05
   3.3914195e-05
   3.3916340e-05
   3.3946528e-05
   3.3979104e-05
   3.3980583e-05
   3.3982584e-05
   3.3983810e-05
   3.3999579e-05
   3.4004293e-05
   3.4009393e-05
   3.4017276e-05
   3.4032446e-05
   3.4058961e-05
   3.4062080e-05
   3.4065090e-05
   3.4067505e-05
   3.4092479e-05
   3.4094176e-05
   3.4102996e-05
   3.4106278e-05
   3.4116311e-05
   3.4165800e-05
   3.4182393e-05
   3.4187201e-05
   3.4225610e-05
   3.4228868e-05
   3.4231957e-05
   3.4272719e-05
   3.4287069e-05
   3.4320280e-05
   3.4344892e-05
   3.4352404e-05
   3.4372648e-05
   3.4421346e-05
   3.4423551e-05
   3.4437016e-05
   3.4448947e-05
   3.4453193e-05
   3.4480718e-05
   3.4482003e-05
   3.4487168e-05
   3.4489568e-05
   3.4519683e-05
   3.4561267e-05
   3.4585312e-05
   3.4600374e-05
   3.4626118e-05
   3.4633045e-05
   3.4669459e-05
   3.4670227e-05
   3.4689663e-05
   3.4697565e-05
   3.4744996e-05
   3.4788723e-05
   3.4827385e-05
   3.4829345e-05
   3.4888604e-05
   3.4898837e-05
   3.4904966e-05
   3.4961786e-05
   3.4964836e-05
   3.4967628e-05
   3.4968473e-05
   3.4971863e-05
   3.4975485e-05
   3.4976328e-05
   3.4978518e-05
   3.5020267e-05
   3.5024655e-05
   3.5057909e-05
   3.5110327e-05
   3.5154048e-05
   3.5156550e-05
   3.5178889e-05
   3.5199279e-05
   3.5212963e-05
   3.5252619e-05
   3.5253530e-05
   3.5284795e-05
   3.5306515e-05
   3.5309724e-05
   3.5313630e-05
   3.5315455e-05
   3.5366919e-05
   3.5419684e-05
   3.5464424e-05
   3.5471475e-05
   3.5476092e-05
   3.5479006e-05
   3.5532451e-05
   3.5579291e-05
   3.5585648e-05
   3.5593230e-05
   3.5639725e-05
   3.5641119e-05
   3.5697538e-05
   3.5749058e-05
   3.5752313e-05
   3.5767867e-05
   3.5781870e-05
   3.5784841e-05
   3.5833111e-05
   3.5885286e-05
   3.5899479e-05
   3.5912750e-05
   3.5944757e-05
   3.5949416e-05
   3.5951182e-05
   3.5955638e-05
   3.5958075e-05
   3.5979197e-05
   3.5981522e-05
   3.5994175e-05
   3.6022773e-05
   3.6027300e-05
   3.6066395e-05
   3.6069462e-05
   3.6105927e-05
   3.6107702e-05
   3.6108959e-05
   3.6142348e-05
   3.6148077e-05
   3.6149592e-05
   3.6178193e-05
   3.6179320e-05
   3.6181346e-05
   3.6212323e-05
   3.6219526e-05
   3.6234934e-05
   3.6268737e-05
   3.6272013e-05
   3.6273073e-05
   3.6275163e-05
   3.6299268e-05
   3.6313846e-05
   3.6347868e-05
   3.6349516e-05
   3.6351429e-05
   3.6353429e-05
   3.6396269e-05
   3.6444608e-05
   3.6494606e-05
   3.6502666e-05
   3.6528627e-05
   3.6563829e-05
   3.6567701e-05
   3.6583332e-05
   3.6593538e-05
   3.6608067e-05
   3.6609666e-05
   3.6637556e-05
   3.6668302e-05
   3.6715179e-05
   3.6725230e-05
   3.6729444e-05
   3.6736278e-05
   3.6755136e-05
   3.6761846e-05
   3.6765595e-05
   3.6799328e-05
   3.6827472e-05
   3.6844135e-05
   3.6891811e-05
   3.6894373e-05
   3.6897271e-05
   3.6946640e-05
   3.6987579e-05
   3.6989320e-05
   3.6990387e-05
   3.6992931e-05
   3.6993538e-05
   3.7019349e-05
   3.7027017e-05
   3.7037561e-05
   3.7081455e-05
   3.7083609e-05
   3.7131154e-05
   3.7132721e-05
   3.7167789e-05
   3.7196588e-05
   3.7200056e-05
   3.7208011e-05
   3.7215695e-05
   3.7240946e-05
   3.7265095e-05
   3.7269294e-05
   3.7285818e-05
   3.7290693e-05
   3.7293558e-05
   3.7296220e-05
   3.7325688e-05
   3.7342467e-05
   3.7399646e-05
   3.7436947e-05
   3.7443163e-05
   3.7455593e-05
   3.7487770e-05
   3.7493409e-05
   3.7539183e-05
   3.7541317e-05
   3.7544365e-05
   3.7544992e-05
   3.7578599e-05
   3.7615727e-05
   3.7668140e-05
   3.7677081e-05
   3.7701988e-05
   3.7715824e-05
   3.7726729e-05
   3.7772873e-05
   3.7796739e-05
   3.7827191e-05
   3.7881119e-05
   3.7924424e-05
   3.7927149e-05
   3.7967036e-05
   3.7970691e-05
   3.7985074e-05
   3.7994133e-05
   3.8014631e-05
   3.8016249e-05
   3.8055863e-05
   3.8094797e-05
   3.8115747e-05
   3.8133051e-05
   3.8136340e-05
   3.8138684e-05
   3.8141172e-05
   3.8142986e-05
   3.8144562e-05
   3.8147000e-05
   3.8148410e-05
   3.8149150e-05
   3.8166360e-05
   3.8180612e-05
   3.8180808e-05
   3.8207689e-05
   3.8223290e-05
   3.8243179e-05
   3.8256175e-05
   3.8315640e-05
   3.8321722e-05
   3.8351774e-05
   3.8392488e-05
   3.8394503e-05
   3.8396805e-05
   3.8434929e-05
   3.8441818e-05
   3.8504784e-05
   3.8508346e-05
   3.8510816e-05
   3.8512232e-05
   3.8560094e-05
   3.8574920e-05
   3.8593535e-05
   3.8604306e-05
   3.8638918e-05
   3.8639589e-05
   3.8677611e-05
   3.8688402e-05
   3.8720960e-05
   3.8751184e-05
   3.8779385e-05
   3.8810055e-05
   3.8815564e-05
   3.8826419e-05
   3.8859116e-05
   3.8899682e-05
   3.8931285e-05
   3.8934570e-05
   3.8935565e-05
   3.8937619e-05
   3.8964361e-05
   3.8972581e-05
   3.8979832e-05
   3.9015206e-05
   3.9017373e-05
   3.9019610e-05
   3.9022348e-05
   3.9024283e-05
   3.9039061e-05
   3.9056982e-05
   3.9058843e-05
   3.9085348e-05
   3.9096933e-05
   3.9124505e-05
   3.9184463e-05
   3.9242769e-05
   3.9245044e-05
   3.9246529e-05
   3.9247901e-05
   3.9292539e-05
   3.9299762e-05
   3.9305598e-05
   3.9326622e-05
   3.9349981e-05
   3.9351850e-05
   3.9373371e-05
   3.9414045e-05
   3.9420907e-05
   3.9454843e-05
   3.9456329e-05
   3.9505108e-05
   3.9512549e-05
   3.9539500e-05
   3.9540726e-05
   3.9556970e-05
   3.9577042e-05
   3.9578404e-05
   3.9623102e-05
   3.9662258e-05
   3.9695533e-05
   3.9725523e-05
   3.9755096e-05
   3.9760412e-05
   3.9790715e-05
   3.9793435e-05
   3.9825340e-05
   3.9834038e-05
   3.9845810e-05
   3.9869921e-05
   3.9872298e-05
   3.9873065e-05
   3.9921690e-05
   3.9984727e-05
   4.0036405e-05
   4.0052808e-05
   4.0090505e-05
   4.0130756e-05
   4.0170739e-05
   4.0171492e-05
   4.0173555e-05
   4.0215979e-05
   4.0217594e-05
   4.0228734e-05
   4.0238006e-05
   4.0249620e-05
   4.0258198e-05
   4.0264589e-05
   4.0291369e-05
   4.0341822e-05
   4.0389889e-05
   4.0393142e-05
   4.0423783e-05
   4.0464090e-05
   4.0486305e-05
   4.0519650e-05
   4.0553448e-05
   4.0581957e-05
   4.0611077e-05
   4.0645076e-05
   4.0672528e-05
   4.0681269e-05
   4.0690120e-05
   4.0722562e-05
   4.0723366e-05
   4.0757333e-05
   4.0764587e-05
   4.0768497e-05
   4.0783518e-05
   4.0812178e-05
   4.0812788e-05
   4.0838574e-05
   4.0842932e-05
   4.0850579e-05
   4.0861273e-05
   4.0903273e-05
   4.0929988e-05
   4.0932154e-05
   4.0958161e-05
   4.1005092e-05
   4.1051026e-05
   4.1080356e-05
   4.1114291e-05
   4.1116412e-05
   4.1146915e-05
   4.1151458e-05
   4.1152982e-05
   4.1188933e-05
   4.1190876e-05
   4.1225232e-05
   4.1233635e-05
   4.1244014e-05
   4.1271778e-05
   4.1275600e-05
   4.1278048e-05
   4.1310866e-05
   4.1314086e-05
   4.1329631e-05
   4.1330050e-05
   4.1368735e-05
   4.1381461e-05
   4.1416657e-05
   4.1419644e-05
   4.1454505e-05
   4.1458070e-05
   4.1468083e-05
   4.1498268e-05
   4.1521998e-05
   4.1542913e-05
   4.1575606e-05
   4.1606078e-05
   4.1607372e-05
   4.1646344e-05
   4.1686230e-05
   4.1716421e-05
   4.1730502e-05
   4.1778536e-05
   4.1813303e-05
   4.1834825e-05
   4.1835737e-05
   4.1838669e-05
   4.1863058e-05
   4.1870552e-05
   4.1901299e-05
   4.1903917e-05
   4.1906242e-05
   4.1920440e-05
   4.1925015e-05
   4.1959624e-05
   4.1961946e-05
   4.1965026e-05
   4.2004163e-05
   4.2039106e-05
   4.2079174e-05
   4.2081357e-05
   4.2120710e-05
   4.2122849e-05
   4.2126827e-05
   4.2147181e-05
   4.2154774e-05
   4.2159449e-05
   4.2191626e-05
   4.2193390e-05
   4.2220812e-05
   4.2240158e-05
   4.2257523e-05
   4.2281417e-05
   4.2283252e-05
   4.2284178e-05
   4.2300389e-05
   4.2301960e-05
   4.2305416e-05
   4.2328762e-05
   4.2356620e-05
   4.2380171e-05
   4.2416177e-05
   4.2423147e-05
   4.2442891e-05
   4.2480095e-05
   4.2519665e-05
   4.2522254e-05
   4.2526462e-05
   4.2529213e-05
   4.2557683e-05
   4.2583819e-05
   4.2618928e-05
   4.2668479e-05
   4.2707424e-05
   4.2710810e-05
   4.2742513e-05
   4.2744791e-05
   4.2761535e-05
   4.2784745e-05
   4.2788145e-05
   4.2790381e-05
   4.2792233e-05
   4.2792848e-05
   4.2795703e-05
   4.2797482e-05
   4.2799233e-05
   4.2801900e-05
   4.2802887e-05
   4.2805542e-05
   4.2856415e-05
   4.2927095e-05
   4.2975259e-05
   4.3008629e-05
   4.3042438e-05
   4.3048093e-05
   4.3055615e-05
   4.3062381e-05
   4.3073426e-05
   4.3077382e-05
   4.3097112e-05
   4.3099877e-05
   4.3127528e-05
   4.3136895e-05
   4.3152311e-05
   4.3156444e-05
   4.3159458e-05
   4.3160412e-05
   4.3178746e-05
   4.3192749e-05
   4.3193456e-05
   4.3196511e-05
   4.3199880e-05
   4.3247199e-05
   4.3254939e-05
   4.3264872e-05
   4.3278689e-05
   4.3282822e-05
   4.3326532e-05
   4.3328078e-05
   4.3360030e-05
   4.3397853e-05
   4.3398866e-05
   4.3434231e-05
   4.3467298e-05
   4.3472393e-05
   4.3474571e-05
   4.3475924e-05
   4.3478277e-05
   4.3508284e-05
   4.3546786e-05
   4.3587465e-05
   4.3595233e-05
   4.3606064e-05
   4.3609837e-05
   4.3615741e-05
   4.3632352e-05
   4.3644670e-05
   4.3680460e-05
   4.3699430e-05
   4.3713693e-05
   4.3763126e-05
   4.3782420e-05
   4.3797453e-05
   4.3799063e-05
   4.3833031e-05
   4.3838820e-05
   4.3851770e-05
   4.3858728e-05
   4.3871605e-05
   4.3886010e-05
   4.3900900e-05
   4.3953111e-05
   4.3989874e-05
   4.4024048e-05
   4.4058110e-05
   4.4093851e-05
   4.4139396e-05
   4.4141739e-05
   4.4178101e-05
   4.4215688e-05
   4.4228568e-05
   4.4238179e-05
   4.4245512e-05
   4.4253870e-05
   4.4257087e-05
   4.4269388e-05
   4.4282771e-05
   4.4284638e-05
   4.4299444e-05
   4.4301157e-05
   4.4345505e-05
   4.4350254e-05
   4.4362283e-05
   4.4367512e-05
   4.4372811e-05
   4.4384856e-05
   4.4398515e-05
   4.4414109e-05
   4.4438420e-05
   4.4440150e-05
   4.4441565e-05
   4.4482356e-05
   4.4497884e-05
   4.4499316e-05
   4.4526424e-05
   4.4531090e-05
   4.4550222e-05
   4.4565577e-05
   4.4577673e-05
   4.4584039e-05
   4.4635382e-05
   4.4636506e-05
   4.4675266e-05
   4.4684891e-05
   4.4698793e-05
   4.4728049e-05
   4.4748390e-05
   4.4776573e-05
   4.4798415e-05
   4.4808956e-05
   4.4831045e-05
   4.4859340e-05
   4.4861012e-05
   4.4884134e-05
   4.4915382e-05
   4.4963526e-05
   4.4964239e-05
   4.4997320e-05
   4.4998009e-05
   4.5043777e-05
   4.5075527e-05
   4.5104795e-05
   4.5107339e-05
   4.5112908e-05
   4.5150006e-05
   4.5152920e-05
   4.5192956e-05
   4.5236922e-05
   4.5275908e-05
   4.5287370e-05
   4.5297220e-05
   4.5299543e-05
   4.5305512e-05
   4.5324396e-05
   4.5325072e-05
   4.5327180e-05
   4.5328322e-05
   4.5330334e-05
   4.5334218e-05
   4.5336732e-05
   4.5339224e-05
   4.5364227e-05
   4.5365940e-05
   4.5393435e-05
   4.5448120e-05
   4.5448855e-05
   4.5457870e-05
   4.5474329e-05
   4.5507137e-05
   4.5513626e-05
   4.5548289e-05
   4.5570838e-05
   4.5581958e-05
   4.5607811e-05
   4.5610014e-05
   4.5611037e-05
   4.5630683e-05
   4.5648464e-05
   4.5650669e-05
   4.5652708e-05
   4.5656107e-05
   4.5675335e-05
   4.5701190e-05
   4.5705047e-05
   4.5706571e-05
   4.5710608e-05
   4.5755026e-05
   4.5806844e-05
   4.5843427e-05
   4.5845542e-05
   4.5868218e-05
   4.5870818e-05
   4.5873377e-05
   4.5875637e-05
   4.5877249e-05
   4.5904954e-05
   4.5914217e-05
   4.5914984e-05
   4.5956062e-05
   4.5958606e-05
   4.5960344e-05
   4.5990798e-05
   4.6024346e-05
   4.6026160e-05
   4.6050644e-05
   4.6056008e-05
   4.6063324e-05
   4.6067409e-05
   4.6070750e-05
   4.6107175e-05
   4.6136327e-05
   4.6156544e-05
   4.6169352e-05
   4.6173671e-05
   4.6220232e-05
   4.6223019e-05
   4.6226775e-05
   4.6253937e-05
   4.6285010e-05
   4.6308921e-05
   4.6339683e-05
   4.6341070e-05
   4.6345287e-05
   4.6347171e-05
   4.6347562e-05
   4.6385871e-05
   4.6390359e-05
   4.6395427e-05
   4.6399983e-05
   4.6403006e-05
   4.6429621e-05
   4.6459520e-05
   4.6486634e-05
   4.6489024e-05
   4.6520178e-05
   4.6524259e-05
   4.6530243e-05
   4.6556613e-05
   4.6579740e-05
   4.6599561e-05
   4.6601375e-05
   4.6614614e-05
   4.6624808e-05
   4.6633256e-05
   4.6649320e-05
   4.6686625e-05
   4.6694098e-05
   4.6698074e-05
   4.6718937e-05
   4.6721626e-05
   4.6755516e-05
   4.6756224e-05
   4.6788542e-05
   4.6790730e-05
   4.6794217e-05
   4.6797088e-05
   4.6830556e-05
   4.6840342e-05
   4.6880817e-05
   4.6890733e-05
   4.6903906e-05
   4.6913860e-05
   4.6924558e-05
   4.6950462e-05
   4.6963558e-05
   4.6969746e-05
   4.6974254e-05
   4.6980682e-05
   4.6982906e-05
   4.7007162e-05
   4.7074522e-05
   4.7089862e-05
   4.7108872e-05
   4.7110388e-05
   4.7114231e-05
   4.7116387e-05
   4.7145184e-05
   4.7164426e-05
   4.7165472e-05
   4.7168223e-05
   4.7170632e-05
   4.7172856e-05
   4.7218764e-05
   4.7224749e-05
   4.7257286e-05
   4.7259463e-05
   4.7281799e-05
   4.7291913e-05
   4.7296824e-05
   4.7328622e-05
   4.7332952e-05
   4.7372695e-05
   4.7409696e-05
   4.7411762e-05
   4.7413319e-05
   4.7414189e-05
   4.7415366e-05
   4.7459491e-05
   4.7506612e-05
   4.7549560e-05
   4.7604280e-05
   4.7605144e-05
   4.7635394e-05
   4.7659159e-05
   4.7659789e-05
   4.7661157e-05
   4.7691816e-05
   4.7717981e-05
   4.7753243e-05
   4.7763219e-05
   4.7771673e-05
   4.7799554e-05
   4.7800789e-05
   4.7827239e-05
   4.7832425e-05
   4.7840634e-05
   4.7868412e-05
   4.7889204e-05
   4.7895152e-05
   4.7902431e-05
   4.7922438e-05
   4.7962230e-05
   4.8006392e-05
   4.8033442e-05
   4.8061611e-05
   4.8063104e-05
   4.8109927e-05
   4.8155388e-05
   4.8181772e-05
   4.8206081e-05
   4.8207428e-05
   4.8209519e-05
   4.8227342e-05
   4.8253689e-05
   4.8256842e-05
   4.8259619e-05
   4.8314950e-05
   4.8367368e-05
   4.8368493e-05
   4.8369322e-05
   4.8414433e-05
   4.8420509e-05
   4.8431141e-05
   4.8459450e-05
   4.8463646e-05
   4.8467091e-05
   4.8479809e-05
   4.8488734e-05
   4.8497255e-05
   4.8500460e-05
   4.8513668e-05
   4.8516435e-05
   4.8520987e-05
   4.8560657e-05
   4.8561981e-05
   4.8564010e-05
   4.8614336e-05
   4.8646024e-05
   4.8678463e-05
   4.8719402e-05
   4.8755337e-05
   4.8788299e-05
   4.8790209e-05
   4.8812068e-05
   4.8839254e-05
   4.8843086e-05
   4.8881057e-05
   4.8893620e-05
   4.8901524e-05
   4.8903914e-05
   4.8936878e-05
   4.8973280e-05
   4.8983912e-05
   4.8990231e-05
   4.9000892e-05
   4.9007623e-05
   4.9041217e-05
   4.9042643e-05
   4.9045214e-05
   4.9046327e-05
   4.9047394e-05
   4.9047861e-05
   4.9087159e-05
   4.9124777e-05
   4.9125698e-05
   4.9128253e-05
   4.9158961e-05
   4.9198067e-05
   4.9200005e-05
   4.9233454e-05
   4.9237374e-05
   4.9268966e-05
   4.9271737e-05
   4.9312678e-05
   4.9356827e-05
   4.9398718e-05
   4.9446981e-05
   4.9449495e-05
   4.9480058e-05
   4.9484770e-05
   4.9487899e-05
   4.9495446e-05
   4.9502742e-05
   4.9505168e-05
   4.9530153e-05
   4.9531966e-05
   4.9579475e-05
   4.9611986e-05
   4.9631714e-05
   4.9661855e-05
   4.9713478e-05
   4.9762308e-05
   4.9784229e-05
   4.9808393e-05
   4.9842806e-05
   4.9885246e-05
   4.9887529e-05
   4.9907681e-05
   4.9934255e-05
   4.9935529e-05
   4.9949582e-05
   4.9960164e-05
   4.9962662e-05
   5.0007621e-05
   5.0016770e-05
   5.0049901e-05
   5.0052117e-05
   5.0053778e-05
   5.0054718e-05
   5.0055329e-05
   5.0056772e-05
   5.0059063e-05
   5.0089340e-05
   5.0117878e-05
   5.0121891e-05
   5.0122544e-05
   5.0124894e-05
   5.0129055e-05
   5.0173649e-05
   5.0186565e-05
   5.0199701e-05
   5.0238568e-05
   5.0269436e-05
   5.0302415e-05
   5.0339925e-05
   5.0345496e-05
   5.0356575e-05
   5.0377643e-05
   5.0393526e-05
   5.0409569e-05
   5.0434790e-05
   5.0467888e-05
   5.0504907e-05
   5.0508376e-05
   5.0511519e-05
   5.0513870e-05
   5.0516893e-05
   5.0564686e-05
   5.0569001e-05
   5.0616961e-05
   5.0618080e-05
   5.0644080e-05
   5.0674660e-05
   5.0675842e-05
   5.0696076e-05
   5.0708431e-05
   5.0744256e-05
   5.0744858e-05
   5.0745502e-05
   5.0780851e-05
   5.0790157e-05
   5.0794762e-05
   5.0799868e-05
   5.0822845e-05
   5.0865228e-05
   5.0917585e-05
   5.0919956e-05
   5.0949404e-05
   5.0960838e-05
   5.0970323e-05
   5.0987211e-05
   5.1031889e-05
   5.1085180e-05
   5.1088541e-05
   5.1089054e-05
   5.1091152e-05
   5.1114157e-05
   5.1147968e-05
   5.1188232e-05
   5.1225422e-05
   5.1228610e-05
   5.1253173e-05
   5.1266942e-05
   5.1305897e-05
   5.1334871e-05
   5.1337841e-05
   5.1366583e-05
   5.1370235e-05
   5.1406755e-05
   5.1435092e-05
   5.1479543e-05
   5.1510051e-05
   5.1529279e-05
   5.1569235e-05
   5.1573778e-05
   5.1577490e-05
   5.1621372e-05
   5.1624135e-05
   5.1631220e-05
   5.1664191e-05
   5.1678843e-05
   5.1687613e-05
   5.1723861e-05
   5.1764245e-05
   5.1774086e-05
   5.1811836e-05
   5.1813261e-05
   5.1815862e-05
   5.1836250e-05
   5.1859497e-05
   5.1863528e-05
   5.1905528e-05
   5.1916348e-05
   5.1932942e-05
   5.1968441e-05
   5.1993889e-05
   5.2028541e-05
   5.2030352e-05
   5.2033319e-05
   5.2037924e-05
   5.2081588e-05
   5.2089531e-05
   5.2097123e-05
   5.2108869e-05
   5.2152729e-05
   5.2153293e-05
   5.2205406e-05
   5.2256187e-05
   5.2292542e-05
   5.2294945e-05
   5.2327962e-05
   5.2329095e-05
   5.2331552e-05
   5.2332713e-05
   5.2333957e-05
   5.2373771e-05
   5.2385487e-05
   5.2421306e-05
   5.2471928e-05
   5.2511760e-05
   5.2513996e-05
   5.2515588e-05
   5.2553523e-05
   5.2594875e-05
   5.2597764e-05
   5.2618745e-05
   5.2631440e-05
   5.2680459e-05
   5.2681109e-05
   5.2714593e-05
   5.2757525e-05
   5.2759714e-05
   5.2806777e-05
   5.2850672e-05
   5.2851491e-05
   5.2876152e-05
   5.2898486e-05
   5.2931148e-05
   5.2976279e-05
   5.3027526e-05
   5.3034410e-05
   5.3042547e-05
   5.3056970e-05
   5.3100922e-05
   5.3151668e-05
   5.3199165e-05
   5.3216983e-05
   5.3232534e-05
   5.3266070e-05
   5.3267644e-05
   5.3303343e-05
   5.3336492e-05
   5.3376203e-05
   5.3380083e-05
   5.3435341e-05
   5.3459073e-05
   5.3462262e-05
   5.3465980e-05
   5.3513388e-05
   5.3551979e-05
   5.3579702e-05
   5.3627780e-05
   5.3643684e-05
   5.3666696e-05
   5.3681582e-05
   5.3682398e-05
   5.3687055e-05
   5.3712455e-05
   5.3731692e-05
   5.3760494e-05
   5.3778993e-05
   5.3789396e-05
   5.3803572e-05
   5.3815424e-05
   5.3839892e-05
   5.3871176e-05
   5.3895332e-05
   5.3898313e-05
   5.3933095e-05
   5.3937490e-05
   5.3966262e-05
   5.3999850e-05
   5.4028033e-05
   5.4055736e-05
   5.4088198e-05
   5.4089561e-05
   5.4090110e-05
   5.4091602e-05
   5.4094146e-05
   5.4096748e-05
   5.4120897e-05
   5.4124592e-05
   5.4163169e-05
   5.4214116e-05
   5.4225445e-05
   5.4261858e-05
   5.4284705e-05
   5.4304562e-05
   5.4326893e-05
   5.4336948e-05
   5.4344261e-05
   5.4364681e-05
   5.4382282e-05
   5.4403811e-05
   5.4445543e-05
   5.4481494e-05
   5.4486032e-05
   5.4488713e-05
   5.4528774e-05
   5.4545266e-05
   5.4573148e-05
   5.4605535e-05
   5.4641625e-05
   5.4645559e-05
   5.4671454e-05
   5.4677171e-05
   5.4685479e-05
   5.4690936e-05
   5.4698704e-05
   5.4715491e-05
   5.4720475e-05
   5.4732529e-05
   5.4740568e-05
   5.4760737e-05
   5.4764028e-05
   5.4797182e-05
   5.4808770e-05
   5.4825161e-05
   5.4851537e-05
   5.4858651e-05
   5.4859894e-05
   5.4899128e-05
   5.4901194e-05
   5.4929833e-05
   5.4932798e-05
   5.4939670e-05
   5.4972416e-05
   5.4974257e-05
   5.5010072e-05
   5.5054527e-05
   5.5084286e-05
   5.5093764e-05
   5.5117806e-05
   5.5118892e-05
   5.5142145e-05
   5.5158538e-05
   5.5190115e-05
   5.5229306e-05
   5.5230500e-05
   5.5231515e-05
   5.5233053e-05
   5.5272997e-05
   5.5305181e-05
   5.5307363e-05
   5.5311970e-05
   5.5345004e-05
   5.5351181e-05
   5.5397275e-05
   5.5430630e-05
   5.5467223e-05
   5.5500373e-05
   5.5508574e-05
   5.5528794e-05
   5.5531404e-05
   5.5566666e-05
   5.5603360e-05
   5.5605837e-05
   5.5636076e-05
   5.5666845e-05
   5.5669190e-05
   5.5706885e-05
   5.5716610e-05
   5.5749731e-05
   5.5782745e-05
   5.5820976e-05
   5.5880349e-05
   5.5897209e-05
   5.5932873e-05
   5.5961846e-05
   5.5970917e-05
   5.5980020e-05
   5.6016118e-05
   5.6018816e-05
   5.6036167e-05
   5.6058856e-05
   5.6061740e-05
   5.6064184e-05
   5.6098873e-05
   5.6131033e-05
   5.6166881e-05
   5.6171615e-05
   5.6210144e-05
   5.6256055e-05
   5.6304523e-05
   5.6305150e-05
   5.6306022e-05
   5.6306483e-05
   5.6348517e-05
   5.6360963e-05
   5.6370082e-05
   5.6375313e-05
   5.6402626e-05
   5.6439275e-05
   5.6466671e-05
   5.6470003e-05
   5.6473206e-05
   5.6497271e-05
   5.6529835e-05
   5.6531175e-05
   5.6561763e-05
   5.6600442e-05
   5.6602035e-05
   5.6602296e-05
   5.6603642e-05
   5.6604718e-05
   5.6609100e-05
   5.6614003e-05
   5.6634551e-05
   5.6646162e-05
   5.6649277e-05
   5.6653056e-05
   5.6679098e-05
   5.6682968e-05
   5.6695272e-05
   5.6736957e-05
   5.6745908e-05
   5.6758092e-05
   5.6769812e-05
   5.6783701e-05
   5.6809614e-05
   5.6841214e-05
   5.6848756e-05
   5.6850316e-05
   5.6860974e-05
   5.6903215e-05
   5.6903870e-05
   5.6930581e-05
   5.6970046e-05
   5.7023190e-05
   5.7031884e-05
   5.7043174e-05
   5.7048461e-05
   5.7064764e-05
   5.7066416e-05
   5.7104045e-05
   5.7110935e-05
   5.7149115e-05
   5.7152743e-05
   5.7154662e-05
   5.7199557e-05
   5.7200521e-05
   5.7245294e-05
   5.7276410e-05
   5.7279597e-05
   5.7326519e-05
   5.7356771e-05
   5.7382451e-05
   5.7383956e-05
   5.7402612e-05
   5.7414188e-05
   5.7422956e-05
   5.7429567e-05
   5.7432741e-05
   5.7471971e-05
   5.7512076e-05
   5.7527829e-05
   5.7538074e-05
   5.7573511e-05
   5.7573788e-05
   5.7608505e-05
   5.7616808e-05
   5.7656579e-05
   5.7658535e-05
   5.7692230e-05
   5.7707592e-05
   5.7716222e-05
   5.7726148e-05
   5.7764281e-05
   5.7786284e-05
   5.7811847e-05
   5.7813508e-05
   5.7815756e-05
   5.7840852e-05
   5.7848336e-05
   5.7867442e-05
   5.7907497e-05
   5.7922227e-05
   5.7949394e-05
   5.7987060e-05
   5.8027174e-05
   5.8027487e-05
   5.8059860e-05
   5.8066209e-05
   5.8077437e-05
   5.8080138e-05
   5.8119970e-05
   5.8145187e-05
   5.8149431e-05
   5.8165190e-05
   5.8177256e-05
   5.8185149e-05
   5.8194753e-05
   5.8197661e-05
   5.8224842e-05
   5.8226316e-05
   5.8227810e-05
   5.8266379e-05
   5.8296720e-05
   5.8327481e-05
   5.8375177e-05
   5.8405357e-05
   5.8433743e-05
   5.8435988e-05
   5.8476414e-05
   5.8519265e-05
   5.8543039e-05
   5.8547750e-05
   5.8569348e-05
   5.8599117e-05
   5.8606061e-05
   5.8607291e-05
   5.8616334e-05
   5.8663288e-05
   5.8665802e-05
   5.8666691e-05
   5.8702593e-05
   5.8710861e-05
   5.8714658e-05
   5.8719961e-05
   5.8758110e-05
   5.8785413e-05
   5.8790072e-05
   5.8800780e-05
   5.8807256e-05
   5.8833080e-05
   5.8863816e-05
   5.8882685e-05
   5.8884963e-05
   5.8906383e-05
   5.8935342e-05
   5.8946179e-05
   5.8981917e-05
   5.9005595e-05
   5.9033342e-05
   5.9033709e-05
   5.9035845e-05
   5.9036928e-05
   5.9038952e-05
   5.9075165e-05
   5.9081197e-05
   5.9108936e-05
   5.9109678e-05
   5.9110888e-05
   5.9111796e-05
   5.9114443e-05
   5.9134068e-05
   5.9150421e-05
   5.9178130e-05
   5.9181083e-05
   5.9208209e-05
   5.9209336e-05
   5.9221815e-05
   5.9227340e-05
   5.9236470e-05
   5.9248764e-05
   5.9250692e-05
   5.9296174e-05
   5.9337243e-05
   5.9374812e-05
   5.9413240e-05
   5.9445332e-05
   5.9448531e-05
   5.9451579e-05
   5.9454168e-05
   5.9511807e-05
   5.9568087e-05
   5.9570830e-05
   5.9571117e-05
   5.9615543e-05
   5.9620860e-05
   5.9631315e-05
   5.9633747e-05
   5.9644113e-05
   5.9646424e-05
   5.9657239e-05
   5.9676339e-05
   5.9676772e-05
   5.9678413e-05
   5.9679858e-05
   5.9681262e-05
   5.9682054e-05
   5.9682541e-05
   5.9703325e-05
   5.9726090e-05
   5.9727206e-05
   5.9769566e-05
   5.9800389e-05
   5.9816607e-05
   5.9820300e-05
   5.9848771e-05
   5.9874588e-05
   5.9885860e-05
   5.9905296e-05
   5.9919551e-05
   5.9946965e-05
   5.9955141e-05
   5.9977238e-05
   5.9999958e-05
   6.0018119e-05
   6.0020333e-05
   6.0053623e-05
   6.0080058e-05
   6.0082530e-05
   6.0104203e-05
   6.0114128e-05
   6.0127425e-05
   6.0167601e-05
   6.0169148e-05
   6.0209245e-05
   6.0213860e-05
   6.0258936e-05
   6.0292647e-05
   6.0331123e-05
   6.0403313e-05
   6.0415930e-05
   6.0431831e-05
   6.0434673e-05
   6.0463184e-05
   6.0470219e-05
   6.0480388e-05
   6.0516486e-05
   6.0561418e-05
   6.0572176e-05
   6.0604986e-05
   6.0606630e-05
   6.0640395e-05
   6.0643024e-05
   6.0649358e-05
   6.0654811e-05
   6.0679511e-05
   6.0681283e-05
   6.0685395e-05
   6.0723076e-05
   6.0776861e-05
   6.0778542e-05
   6.0780539e-05
   6.0796916e-05
   6.0817472e-05
   6.0836499e-05
   6.0846984e-05
   6.0849774e-05
   6.0855747e-05
   6.0864704e-05
   6.0873009e-05
   6.0907527e-05
   6.0943241e-05
   6.0955175e-05
   6.0967175e-05
   6.1014829e-05
   6.1016494e-05
   6.1017124e-05
   6.1017721e-05
   6.1020608e-05
   6.1070682e-05
   6.1094876e-05
   6.1115667e-05
   6.1155885e-05
   6.1159315e-05
   6.1160382e-05
   6.1195702e-05
   6.1231413e-05
   6.1233359e-05
   6.1236615e-05
   6.1283340e-05
   6.1318872e-05
   6.1348653e-05
   6.1388412e-05
   6.1391852e-05
   6.1426132e-05
   6.1466500e-05
   6.1493308e-05
   6.1522235e-05
   6.1523399e-05
   6.1537199e-05
   6.1543217e-05
   6.1555753e-05
   6.1565872e-05
   6.1582610e-05
   6.1617588e-05
   6.1619319e-05
   6.1622260e-05
   6.1642617e-05
   6.1663319e-05
   6.1663897e-05
   6.1696121e-05
   6.1727604e-05
   6.1730050e-05
   6.1748351e-05
   6.1771648e-05
   6.1773838e-05
   6.1774047e-05
   6.1810239e-05
   6.1828661e-05
   6.1855922e-05
   6.1857674e-05
   6.1895037e-05
   6.1916980e-05
   6.1937522e-05
   6.1979848e-05
   6.1983570e-05
   6.2012921e-05
   6.2047386e-05
   6.2048417e-05
   6.2075479e-05
   6.2076727e-05
   6.2081284e-05
   6.2117602e-05
   6.2118953e-05
   6.2192819e-05
   6.2256754e-05
   6.2284345e-05
   6.2289175e-05
   6.2312367e-05
   6.2347191e-05
   6.2353116e-05
   6.2361079e-05
   6.2368071e-05
   6.2404142e-05
   6.2404643e-05
   6.2405047e-05
   6.2409398e-05
   6.2450867e-05
   6.2460349e-05
   6.2493140e-05
   6.2531736e-05
   6.2541614e-05
   6.2571769e-05
   6.2573358e-05
   6.2575721e-05
   6.2615699e-05
   6.2625155e-05
   6.2630554e-05
   6.2631373e-05
   6.2657838e-05
   6.2660407e-05
   6.2698267e-05
   6.2730309e-05
   6.2732353e-05
   6.2733999e-05
   6.2764255e-05
   6.2779242e-05
   6.2805819e-05
   6.2806711e-05
   6.2806911e-05
   6.2807896e-05
   6.2810592e-05
   6.2811963e-05
   6.2814877e-05
   6.2852155e-05
   6.2893664e-05
   6.2898625e-05
   6.2922919e-05
   6.2928446e-05
   6.2959369e-05
   6.2961067e-05
   6.2962473e-05
   6.2983706e-05
   6.2985774e-05
   6.2995010e-05
   6.3040462e-05
   6.3052134e-05
   6.3057782e-05
   6.3059793e-05
   6.3101621e-05
   6.3153635e-05
   6.3199533e-05
   6.3200676e-05
   6.3201352e-05
   6.3240242e-05
   6.3247249e-05
   6.3289577e-05
   6.3345588e-05
   6.3389883e-05
   6.3392684e-05
   6.3393833e-05
   6.3428247e-05
   6.3433677e-05
   6.3438059e-05
   6.3472822e-05
   6.3510337e-05
   6.3514074e-05
   6.3541846e-05
   6.3592134e-05
   6.3601940e-05
   6.3640241e-05
   6.3642284e-05
   6.3664725e-05
   6.3673207e-05
   6.3691119e-05
   6.3705961e-05
   6.3710383e-05
   6.3742284e-05
   6.3743396e-05
   6.3780426e-05
   6.3820635e-05
   6.3823151e-05
   6.3826965e-05
   6.3855533e-05
   6.3861952e-05
   6.3910971e-05
   6.3912941e-05
   6.3913270e-05
   6.3965206e-05
   6.4003801e-05
   6.4045480e-05
   6.4052145e-05
   6.4059650e-05
   6.4068533e-05
   6.4074087e-05
   6.4079486e-05
   6.4083850e-05
   6.4104285e-05
   6.4105151e-05
   6.4128286e-05
   6.4148470e-05
   6.4195550e-05
   6.4242153e-05
   6.4278928e-05
   6.4315153e-05
   6.4347725e-05
   6.4359340e-05
   6.4397814e-05
   6.4420550e-05
   6.4426393e-05
   6.4446762e-05
   6.4449388e-05
   6.4453200e-05
   6.4455806e-05
   6.4458445e-05
   6.4489490e-05
   6.4525311e-05
   6.4526799e-05
   6.4573677e-05
   6.4580329e-05
   6.4582957e-05
   6.4623383e-05
   6.4625681e-05
   6.4627510e-05
   6.4629787e-05
   6.4631107e-05
   6.4651949e-05
   6.4660028e-05
   6.4672693e-05
   6.4713869e-05
   6.4716601e-05
   6.4717474e-05
   6.4720389e-05
   6.4753517e-05
   6.4785347e-05
   6.4787333e-05
   6.4821698e-05
   6.4850238e-05
   6.4876111e-05
   6.4878601e-05
   6.4900509e-05
   6.4901695e-05
   6.4904530e-05
   6.4957982e-05
   6.4966718e-05
   6.4986934e-05
   6.5001642e-05
   6.5006743e-05
   6.5057166e-05
   6.5057641e-05
   6.5059491e-05
   6.5091247e-05
   6.5096131e-05
   6.5100559e-05
   6.5116989e-05
   6.5173125e-05
   6.5176244e-05
   6.5203882e-05
   6.5214669e-05
   6.5247282e-05
   6.5248301e-05
   6.5301665e-05
   6.5314216e-05
   6.5317696e-05
   6.5321942e-05
   6.5327851e-05
   6.5329404e-05
   6.5371213e-05
   6.5409897e-05
   6.5428755e-05
   6.5441045e-05
   6.5466016e-05
   6.5468097e-05
   6.5499479e-05
   6.5505802e-05
   6.5510289e-05
   6.5517089e-05
   6.5520202e-05
   6.5534332e-05
   6.5563903e-05
   6.5603520e-05
   6.5636073e-05
   6.5667840e-05
   6.5681153e-05
   6.5721962e-05
   6.5722771e-05
   6.5724256e-05
   6.5725797e-05
   6.5759507e-05
   6.5788921e-05
   6.5791504e-05
   6.5827994e-05
   6.5875352e-05
   6.5875946e-05
   6.5931317e-05
   6.5977629e-05
   6.6020889e-05
   6.6030011e-05
   6.6034920e-05
   6.6043409e-05
   6.6046676e-05
   6.6055164e-05
   6.6071128e-05
   6.6085771e-05
   6.6123231e-05
   6.6177407e-05
   6.6180615e-05
   6.6206628e-05
   6.6207388e-05
   6.6208802e-05
   6.6240352e-05
   6.6244011e-05
   6.6270317e-05
   6.6297667e-05
   6.6339165e-05
   6.6384026e-05
   6.6423942e-05
   6.6425163e-05
   6.6427861e-05
   6.6432019e-05
   6.6446684e-05
   6.6454515e-05
   6.6456598e-05
   6.6495330e-05
   6.6496460e-05
   6.6531806e-05
   6.6565858e-05
   6.6567795e-05
   6.6569260e-05
   6.6571452e-05
   6.6572258e-05
   6.6572912e-05
   6.6603986e-05
   6.6650741e-05
   6.6653111e-05
   6.6673478e-05
   6.6694678e-05
   6.6735621e-05
   6.6789070e-05
   6.6812546e-05
   6.6825391e-05
   6.6826132e-05
   6.6861988e-05
   6.6866809e-05
   6.6892362e-05
   6.6893361e-05
   6.6894990e-05
   6.6937660e-05
   6.6949453e-05
   6.6953114e-05
   6.6982825e-05
   6.6983939e-05
   6.7005181e-05
   6.7027446e-05
   6.7056095e-05
   6.7063174e-05
   6.7091709e-05
   6.7094909e-05
   6.7134495e-05
   6.7139640e-05
   6.7146747e-05
   6.7181562e-05
   6.7183680e-05
   6.7184654e-05
   6.7188209e-05
   6.7189733e-05
   6.7194139e-05
   6.7195388e-05
   6.7196746e-05
   6.7221824e-05
   6.7227262e-05
   6.7262302e-05
   6.7280925e-05
   6.7297347e-05
   6.7320874e-05
   6.7359206e-05
   6.7399471e-05
   6.7414512e-05
   6.7428512e-05
   6.7454895e-05
   6.7487502e-05
   6.7497155e-05
   6.7527578e-05
   6.7529211e-05
   6.7574372e-05
   6.7617116e-05
   6.7619300e-05
   6.7621075e-05
   6.7643775e-05
   6.7652380e-05
   6.7657087e-05
   6.7664937e-05
   6.7671793e-05
   6.7703921e-05
   6.7735397e-05
   6.7766833e-05
   6.7771346e-05
   6.7772921e-05
   6.7824450e-05
   6.7845961e-05
   6.7852565e-05
   6.7881270e-05
   6.7884279e-05
   6.7886319e-05
   6.7887660e-05
   6.7889693e-05
   6.7915988e-05
   6.7950211e-05
   6.7952178e-05
   6.7988216e-05
   6.8011078e-05
   6.8013412e-05
   6.8019048e-05
   6.8020006e-05
   6.8020479e-05
   6.8043666e-05
   6.8052610e-05
   6.8095727e-05
   6.8097167e-05
   6.8110518e-05
   6.8133089e-05
   6.8176740e-05
   6.8211959e-05
   6.8212736e-05
   6.8214537e-05
   6.8231159e-05
   6.8253890e-05
   6.8256051e-05
   6.8256363e-05
   6.8305899e-05
   6.8361424e-05
   6.8406910e-05
   6.8446189e-05
   6.8447260e-05
   6.8473038e-05
   6.8494898e-05
   6.8496446e-05
   6.8512330e-05
   6.8526834e-05
   6.8538553e-05
   6.8541627e-05
   6.8550705e-05
   6.8580931e-05
   6.8615545e-05
   6.8618483e-05
   6.8621024e-05
   6.8655950e-05
   6.8699924e-05
   6.8733415e-05
   6.8784648e-05
   6.8796001e-05
   6.8820355e-05
   6.8822285e-05
   6.8824198e-05
   6.8841983e-05
   6.8867397e-05
   6.8871137e-05
   6.8872922e-05
   6.8877071e-05
   6.8913943e-05
   6.8916626e-05
   6.8950868e-05
   6.8953213e-05
   6.8955496e-05
   6.8957631e-05
   6.8977501e-05
   6.8979919e-05
   6.8996758e-05
   6.9001905e-05
   6.9007831e-05
   6.9032999e-05
   6.9081754e-05
   6.9085002e-05
   6.9089591e-05
   6.9133519e-05
   6.9135061e-05
   6.9178388e-05
   6.9182531e-05
   6.9186621e-05
   6.9189590e-05
   6.9198881e-05
   6.9209260e-05
   6.9212488e-05
   6.9266077e-05
   6.9286006e-05
   6.9291437e-05
   6.9331206e-05
   6.9334088e-05
   6.9336695e-05
   6.9338760e-05
   6.9380062e-05
   6.9384946e-05
   6.9422300e-05
   6.9423860e-05
   6.9464200e-05
   6.9498579e-05
   6.9500514e-05
   6.9503958e-05
   6.9506171e-05
   6.9554808e-05
   6.9597241e-05
   6.9597864e-05
   6.9631462e-05
   6.9664106e-05
   6.9667259e-05
   6.9668761e-05
   6.9669099e-05
   6.9698687e-05
   6.9707045e-05
   6.9727902e-05
   6.9730435e-05
   6.9733517e-05
   6.9734666e-05
   6.9735400e-05
   6.9759163e-05
   6.9771853e-05
   6.9779603e-05
   6.9786151e-05
   6.9798224e-05
   6.9819547e-05
   6.9825428e-05
   6.9877284e-05
   6.9894371e-05
   6.9905757e-05
   6.9928585e-05
   6.9958317e-05
   6.9971528e-05
   6.9979971e-05
   7.0017496e-05
   7.0058619e-05
   7.0106710e-05
   7.0109154e-05
   7.0153811e-05
   7.0157129e-05
   7.0169183e-05
   7.0202395e-05
   7.0222207e-05
   7.0232826e-05
   7.0268613e-05
   7.0293604e-05
   7.0311274e-05
   7.0312029e-05
   7.0315431e-05
   7.0338949e-05
   7.0367012e-05
   7.0370182e-05
   7.0374720e-05
   7.0377947e-05
   7.0416586e-05
   7.0422008e-05
   7.0466378e-05
   7.0519228e-05
   7.0575384e-05
   7.0601407e-05
   7.0609023e-05
   7.0612094e-05
   7.0623550e-05
   7.0639883e-05
   7.0670250e-05
   7.0671889e-05
   7.0716788e-05
   7.0717262e-05
   7.0719745e-05
   7.0742731e-05
   7.0756739e-05
   7.0768172e-05
   7.0773511e-05
   7.0784450e-05
   7.0797208e-05
   7.0827349e-05
   7.0829312e-05
   7.0831124e-05
   7.0877356e-05
   7.0918596e-05
   7.0921610e-05
   7.0968678e-05
   7.0973859e-05
   7.0984356e-05
   7.1026009e-05
   7.1042720e-05
   7.1061634e-05
   7.1062145e-05
   7.1063331e-05
   7.1108587e-05
   7.1150478e-05
   7.1151850e-05
   7.1154331e-05
   7.1188995e-05
   7.1238529e-05
   7.1241838e-05
   7.1244573e-05
   7.1246730e-05
   7.1297013e-05
   7.1336588e-05
   7.1337794e-05
   7.1338943e-05
   7.1369904e-05
   7.1375813e-05
   7.1394253e-05
   7.1421467e-05
   7.1425414e-05
   7.1438191e-05
   7.1450582e-05
   7.1494735e-05
   7.1498239e-05
   7.1503628e-05
   7.1535757e-05
   7.1542429e-05
   7.1549711e-05
   7.1572694e-05
   7.1615042e-05
   7.1635335e-05
   7.1646634e-05
   7.1678550e-05
   7.1713936e-05
   7.1749923e-05
   7.1750623e-05
   7.1752821e-05
   7.1780055e-05
   7.1791237e-05
   7.1823393e-05
   7.1826422e-05
   7.1828658e-05
   7.1865287e-05
   7.1868730e-05
   7.1879277e-05
   7.1894389e-05
   7.1896513e-05
   7.1897433e-05
   7.1956754e-05
   7.1967814e-05
   7.1976255e-05
   7.2023365e-05
   7.2026043e-05
   7.2027080e-05
   7.2049012e-05
   7.2074144e-05
   7.2114690e-05
   7.2125165e-05
   7.2162255e-05
   7.2164478e-05
   7.2192979e-05
   7.2214156e-05
   7.2242850e-05
   7.2265439e-05
   7.2282186e-05
   7.2290661e-05
   7.2309747e-05
   7.2334774e-05
   7.2355917e-05
   7.2357703e-05
   7.2359895e-05
   7.2382363e-05
   7.2402789e-05
   7.2443207e-05
   7.2445702e-05
   7.2483953e-05
   7.2521831e-05
   7.2522789e-05
   7.2524628e-05
   7.2526728e-05
   7.2529230e-05
   7.2577246e-05
   7.2580154e-05
   7.2586406e-05
   7.2610433e-05
   7.2659778e-05
   7.2664668e-05
   7.2703225e-05
   7.2736692e-05
   7.2776172e-05
   7.2785004e-05
   7.2798820e-05
   7.2840469e-05
   7.2841126e-05
   7.2888687e-05
   7.2896915e-05
   7.2929295e-05
   7.2948880e-05
   7.2961612e-05
   7.2962255e-05
   7.2979734e-05
   7.3029046e-05
   7.3031854e-05
   7.3032570e-05
   7.3033853e-05
   7.3054342e-05
   7.3058502e-05
   7.3071665e-05
   7.3106555e-05
   7.3151475e-05
   7.3196225e-05
   7.3222536e-05
   7.3229427e-05
   7.3254239e-05
   7.3255672e-05
   7.3281013e-05
   7.3305709e-05
   7.3309848e-05
   7.3312064e-05
   7.3314530e-05
   7.3352666e-05
   7.3361904e-05
   7.3409606e-05
   7.3468375e-05
   7.3523292e-05
   7.3523600e-05
   7.3524224e-05
   7.3560536e-05
   7.3571826e-05
   7.3614272e-05
   7.3615474e-05
   7.3630309e-05
   7.3631502e-05
   7.3634895e-05
   7.3653881e-05
   7.3704564e-05
   7.3750431e-05
   7.3760732e-05
   7.3769067e-05
   7.3777276e-05
   7.3781780e-05
   7.3787392e-05
   7.3793127e-05
   7.3820208e-05
   7.3823970e-05
   7.3828372e-05
   7.3831785e-05
   7.3832311e-05
   7.3890336e-05
   7.3899156e-05
   7.3905181e-05
   7.3955986e-05
   7.3956840e-05
   7.3957100e-05
   7.3963002e-05
   7.3973506e-05
   7.3978041e-05
   7.3995443e-05
   7.4029914e-05
   7.4038274e-05
   7.4045767e-05
   7.4082513e-05
   7.4104824e-05
   7.4111358e-05
   7.4125914e-05
   7.4141025e-05
   7.4151070e-05
   7.4186813e-05
   7.4188016e-05
   7.4190944e-05
   7.4192410e-05
   7.4194473e-05
   7.4225665e-05
   7.4230949e-05
   7.4231519e-05
   7.4237738e-05
   7.4248963e-05
   7.4256652e-05
   7.4296945e-05
   7.4298018e-05
   7.4335399e-05
   7.4337813e-05
   7.4372225e-05
   7.4388353e-05
   7.4406238e-05
   7.4435943e-05
   7.4448734e-05
   7.4457021e-05
   7.4466595e-05
   7.4479655e-05
   7.4494873e-05
   7.4541623e-05
   7.4568835e-05
   7.4590813e-05
   7.4619668e-05
   7.4633620e-05
   7.4688307e-05
   7.4724913e-05
   7.4738644e-05
   7.4745723e-05
   7.4774623e-05
   7.4806851e-05
   7.4842873e-05
   7.4880272e-05
   7.4885856e-05
   7.4894965e-05
   7.4899540e-05
   7.4919092e-05
   7.4954561e-05
   7.4992295e-05
   7.5029685e-05
   7.5067404e-05
   7.5104362e-05
   7.5117486e-05
   7.5121912e-05
   7.5147083e-05
   7.5195930e-05
   7.5247133e-05
   7.5248895e-05
   7.5277136e-05
   7.5281325e-05
   7.5290073e-05
   7.5320247e-05
   7.5348132e-05
   7.5368102e-05
   7.5381800e-05
   7.5390094e-05
   7.5395498e-05
   7.5406087e-05
   7.5443377e-05
   7.5444491e-05
   7.5475592e-05
   7.5477272e-05
   7.5510247e-05
   7.5536046e-05
   7.5568337e-05
   7.5570428e-05
   7.5571466e-05
   7.5615194e-05
   7.5660394e-05
   7.5661801e-05
   7.5690329e-05
   7.5737496e-05
   7.5738829e-05
   7.5768990e-05
   7.5776033e-05
   7.5816440e-05
   7.5821158e-05
   7.5863883e-05
   7.5908125e-05
   7.5909287e-05
   7.5954023e-05
   7.5963577e-05
   7.5975861e-05
   7.6007289e-05
   7.6050823e-05
   7.6054869e-05
   7.6067441e-05
   7.6104980e-05
   7.6105940e-05
   7.6132112e-05
   7.6162049e-05
   7.6196696e-05
   7.6234059e-05
   7.6234776e-05
   7.6243017e-05
   7.6251489e-05
   7.6282307e-05
   7.6305528e-05
   7.6313633e-05
   7.6317546e-05
   7.6343241e-05
   7.6355936e-05
   7.6361950e-05
   7.6372391e-05
   7.6386609e-05
   7.6406730e-05
   7.6457283e-05
   7.6472290e-05
   7.6489966e-05
   7.6531943e-05
   7.6538915e-05
   7.6546992e-05
   7.6574966e-05
   7.6601839e-05
   7.6624013e-05
   7.6626725e-05
   7.6651872e-05
   7.6680842e-05
   7.6684957e-05
   7.6726606e-05
   7.6757492e-05
   7.6761694e-05
   7.6764010e-05
   7.6793564e-05
   7.6819961e-05
   7.6858549e-05
   7.6864539e-05
   7.6871679e-05
   7.6876397e-05
   7.6913946e-05
   7.6942772e-05
   7.6973156e-05
   7.6975596e-05
   7.6977147e-05
   7.6977653e-05
   7.7024891e-05
   7.7036783e-05
   7.7075134e-05
   7.7119733e-05
   7.7122819e-05
   7.7146175e-05
   7.7148243e-05
   7.7183506e-05
   7.7218506e-05
   7.7219930e-05
   7.7259585e-05
   7.7282656e-05
   7.7294012e-05
   7.7308298e-05
   7.7319835e-05
   7.7331418e-05
   7.7333470e-05
   7.7376209e-05
   7.7392716e-05
   7.7430267e-05
   7.7430543e-05
   7.7474588e-05
   7.7509983e-05
   7.7557004e-05
   7.7608134e-05
   7.7640205e-05
   7.7672433e-05
   7.7712882e-05
   7.7752554e-05
   7.7754100e-05
   7.7755491e-05
   7.7757700e-05
   7.7771200e-05
   7.7791273e-05
   7.7795268e-05
   7.7823897e-05
   7.7860202e-05
   7.7875238e-05
   7.7881312e-05
   7.7890527e-05
   7.7930301e-05
   7.7941092e-05
   7.7953337e-05
   7.7994834e-05
   7.7998974e-05
   7.8002268e-05
   7.8041709e-05
   7.8076011e-05
   7.8076677e-05
   7.8077922e-05
   7.8118117e-05
   7.8124401e-05
   7.8140172e-05
   7.8141130e-05
   7.8156419e-05
   7.8162784e-05
   7.8173995e-05
   7.8179300e-05
   7.8221921e-05
   7.8237559e-05
   7.8260684e-05
   7.8292714e-05
   7.8303881e-05
   7.8314517e-05
   7.8359035e-05
   7.8362565e-05
   7.8364953e-05
   7.8365718e-05
   7.8368097e-05
   7.8396649e-05
   7.8422902e-05
   7.8423468e-05
   7.8443276e-05
   7.8468222e-05
   7.8469320e-05
   7.8471047e-05
   7.8472006e-05
   7.8498091e-05
   7.8528778e-05
   7.8545880e-05
   7.8556955e-05
   7.8562688e-05
   7.8572141e-05
   7.8624534e-05
   7.8626727e-05
   7.8663251e-05
   7.8699017e-05
   7.8700045e-05
   7.8711149e-05
   7.8723428e-05
   7.8763207e-05
   7.8763450e-05
   7.8765269e-05
   7.8791278e-05
   7.8796262e-05
   7.8836782e-05
   7.8839367e-05
   7.8842567e-05
   7.8846412e-05
   7.8848544e-05
   7.8870143e-05
   7.8873806e-05
   7.8914772e-05
   7.8962009e-05
   7.9004611e-05
   7.9008032e-05
   7.9029364e-05
   7.9061750e-05
   7.9118324e-05
   7.9163654e-05
   7.9192973e-05
   7.9224594e-05
   7.9225625e-05
   7.9268817e-05
   7.9308954e-05
   7.9346158e-05
   7.9384112e-05
   7.9419198e-05
   7.9447754e-05
   7.9476640e-05
   7.9481499e-05
   7.9487562e-05
   7.9494623e-05
   7.9532413e-05
   7.9563875e-05
   7.9572435e-05
   7.9580866e-05
   7.9583429e-05
   7.9597206e-05
   7.9601378e-05
   7.9603291e-05
   7.9604260e-05
   7.9633204e-05
   7.9662669e-05
   7.9664978e-05
   7.9665742e-05
   7.9668948e-05
   7.9711225e-05
   7.9753406e-05
   7.9754684e-05
   7.9781239e-05
   7.9791721e-05
   7.9840775e-05
   7.9842293e-05
   7.9845831e-05
   7.9849424e-05
   7.9852969e-05
   7.9916806e-05
   7.9923690e-05
   7.9930527e-05
   7.9960031e-05
   7.9961333e-05
   7.9962555e-05
   7.9962948e-05
   7.9964008e-05
   8.0000047e-05
   8.0037409e-05
   8.0038520e-05
   8.0041540e-05
   8.0059995e-05
   8.0074439e-05
   8.0099219e-05
   8.0110249e-05
   8.0142369e-05
   8.0144276e-05
   8.0167332e-05
   8.0188755e-05
   8.0190568e-05
   8.0192855e-05
   8.0195962e-05
   8.0223745e-05
   8.0253270e-05
   8.0275407e-05
   8.0300548e-05
   8.0343976e-05
   8.0350536e-05
   8.0362629e-05
   8.0392191e-05
   8.0393429e-05
   8.0425349e-05
   8.0452942e-05
   8.0453796e-05
   8.0481793e-05
   8.0484349e-05
   8.0516688e-05
   8.0560278e-05
   8.0610012e-05
   8.0648701e-05
   8.0652240e-05
   8.0678642e-05
   8.0679903e-05
   8.0725875e-05
   8.0789379e-05
   8.0835314e-05
   8.0864729e-05
   8.0866157e-05
   8.0867119e-05
   8.0892279e-05
   8.0894692e-05
   8.0902941e-05
   8.0937474e-05
   8.0952271e-05
   8.0966637e-05
   8.0968889e-05
   8.1002345e-05
   8.1025009e-05
   8.1025740e-05
   8.1027361e-05
   8.1055735e-05
   8.1068384e-05
   8.1093164e-05
   8.1141697e-05
   8.1144035e-05
   8.1150527e-05
   8.1207962e-05
   8.1209721e-05
   8.1210127e-05
   8.1254827e-05
   8.1270073e-05
   8.1277143e-05
   8.1305716e-05
   8.1357249e-05
   8.1418539e-05
   8.1450994e-05
   8.1458117e-05
   8.1472421e-05
   8.1511083e-05
   8.1529133e-05
   8.1534280e-05
   8.1547870e-05
   8.1573270e-05
   8.1574275e-05
   8.1575963e-05
   8.1578273e-05
   8.1584602e-05
   8.1602025e-05
   8.1603445e-05
   8.1605942e-05
   8.1606971e-05
   8.1637923e-05
   8.1648809e-05
   8.1661250e-05
   8.1675439e-05
   8.1693223e-05
   8.1695416e-05
   8.1703450e-05
   8.1745866e-05
   8.1746407e-05
   8.1769352e-05
   8.1772394e-05
   8.1780529e-05
   8.1811356e-05
   8.1813268e-05
   8.1852013e-05
   8.1859566e-05
   8.1889896e-05
   8.1922003e-05
   8.1960454e-05
   8.1998209e-05
   8.2002951e-05
   8.2023674e-05
   8.2054025e-05
   8.2070273e-05
   8.2076066e-05
   8.2109137e-05
   8.2111583e-05
   8.2139477e-05
   8.2150142e-05
   8.2161482e-05
   8.2163187e-05
   8.2177789e-05
   8.2212746e-05
   8.2214431e-05
   8.2216950e-05
   8.2260346e-05
   8.2290244e-05
   8.2325083e-05
   8.2369163e-05
   8.2394643e-05
   8.2402621e-05
   8.2433005e-05
   8.2434180e-05
   8.2437859e-05
   8.2440980e-05
   8.2441931e-05
   8.2451236e-05
   8.2461415e-05
   8.2469521e-05
   8.2493765e-05
   8.2517165e-05
   8.2522799e-05
   8.2529640e-05
   8.2560530e-05
   8.2600334e-05
   8.2632434e-05
   8.2677264e-05
   8.2729386e-05
   8.2749739e-05
   8.2757089e-05
   8.2804440e-05
   8.2804749e-05
   8.2806821e-05
   8.2828913e-05
   8.2834419e-05
   8.2837232e-05
   8.2843140e-05
   8.2855452e-05
   8.2865174e-05
   8.2907560e-05
   8.2909896e-05
   8.2913862e-05
   8.2915753e-05
   8.2967583e-05
   8.3014347e-05
   8.3047830e-05
   8.3055272e-05
   8.3061738e-05
   8.3065630e-05
   8.3096054e-05
   8.3099959e-05
   8.3112243e-05
   8.3123711e-05
   8.3125871e-05
   8.3148248e-05
   8.3164758e-05
   8.3167206e-05
   8.3171632e-05
   8.3194969e-05
   8.3213315e-05
   8.3216822e-05
   8.3251649e-05
   8.3265702e-05
   8.3285057e-05
   8.3319960e-05
   8.3354524e-05
   8.3388873e-05
   8.3437627e-05
   8.3446692e-05
   8.3473255e-05
   8.3525234e-05
   8.3544156e-05
   8.3552942e-05
   8.3599539e-05
   8.3601050e-05
   8.3630608e-05
   8.3665103e-05
   8.3667076e-05
   8.3668865e-05
   8.3706352e-05
   8.3736651e-05
   8.3755499e-05
   8.3762950e-05
   8.3791892e-05
   8.3792325e-05
   8.3793941e-05
   8.3795479e-05
   8.3827628e-05
   8.3861763e-05
   8.3864143e-05
   8.3906657e-05
   8.3942519e-05
   8.3988832e-05
   8.3991889e-05
   8.4049042e-05
   8.4103863e-05
   8.4111323e-05
   8.4150303e-05
   8.4190327e-05
   8.4193557e-05
   8.4206059e-05
   8.4211430e-05
   8.4221758e-05
   8.4245108e-05
   8.4279151e-05
   8.4279651e-05
   8.4280071e-05
   8.4281900e-05
   8.4282723e-05
   8.4284603e-05
   8.4287096e-05
   8.4289706e-05
   8.4345122e-05
   8.4390421e-05
   8.4394995e-05
   8.4397853e-05
   8.4399622e-05
   8.4431910e-05
   8.4458701e-05
   8.4459270e-05
   8.4460909e-05
   8.4478781e-05
   8.4503600e-05
   8.4505646e-05
   8.4508715e-05
   8.4514278e-05
   8.4516194e-05
   8.4550159e-05
   8.4599791e-05
   8.4636761e-05
   8.4648008e-05
   8.4656411e-05
   8.4664727e-05
   8.4670249e-05
   8.4700244e-05
   8.4735043e-05
   8.4764776e-05
   8.4787527e-05
   8.4795631e-05
   8.4811291e-05
   8.4845254e-05
   8.4845843e-05
   8.4846194e-05
   8.4863964e-05
   8.4874817e-05
   8.4891609e-05
   8.4902761e-05
   8.4943687e-05
   8.4944690e-05
   8.5000696e-05
   8.5016736e-05
   8.5026288e-05
   8.5033273e-05
   8.5072718e-05
   8.5073453e-05
   8.5116620e-05
   8.5156261e-05
   8.5157098e-05
   8.5158747e-05
   8.5184981e-05
   8.5189291e-05
   8.5213852e-05
   8.5262245e-05
   8.5311752e-05
   8.5315189e-05
   8.5340074e-05
   8.5343399e-05
   8.5354419e-05
   8.5365340e-05
   8.5377654e-05
   8.5384662e-05
   8.5385901e-05
   8.5393103e-05
   8.5403923e-05
   8.5445659e-05
   8.5462046e-05
   8.5478812e-05
   8.5483587e-05
   8.5559717e-05
   8.5599808e-05
   8.5616222e-05
   8.5637195e-05
   8.5686943e-05
   8.5723561e-05
   8.5748194e-05
   8.5789332e-05
   8.5836758e-05
   8.5839737e-05
   8.5888848e-05
   8.5945942e-05
   8.5970643e-05
   8.5979285e-05
   8.5985291e-05
   8.6011073e-05
   8.6011930e-05
   8.6058295e-05
   8.6062273e-05
   8.6111996e-05
   8.6133936e-05
   8.6152991e-05
   8.6154175e-05
   8.6158769e-05
   8.6190789e-05
   8.6195356e-05
   8.6202850e-05
   8.6248367e-05
   8.6286041e-05
   8.6318645e-05
   8.6348392e-05
   8.6352733e-05
   8.6355571e-05
   8.6368901e-05
   8.6378316e-05
   8.6409207e-05
   8.6446620e-05
   8.6489667e-05
   8.6490964e-05
   8.6492720e-05
   8.6493159e-05
   8.6495006e-05
   8.6500517e-05
   8.6503291e-05
   8.6504913e-05
   8.6536744e-05
   8.6580739e-05
   8.6583478e-05
   8.6584237e-05
   8.6587110e-05
   8.6648088e-05
   8.6705613e-05
   8.6732786e-05
   8.6766252e-05
   8.6788001e-05
   8.6802389e-05
   8.6855948e-05
   8.6868310e-05
   8.6894508e-05
   8.6896529e-05
   8.6935276e-05
   8.6968273e-05
   8.6996307e-05
   8.6998985e-05
   8.7032536e-05
   8.7082925e-05
   8.7095944e-05
   8.7132074e-05
   8.7160123e-05
   8.7180993e-05
   8.7182024e-05
   8.7183583e-05
   8.7183784e-05
   8.7241476e-05
   8.7301458e-05
   8.7332231e-05
   8.7355911e-05
   8.7378763e-05
   8.7392471e-05
   8.7425416e-05
   8.7472768e-05
   8.7486157e-05
   8.7514311e-05
   8.7516209e-05
   8.7518468e-05
   8.7537594e-05
   8.7559217e-05
   8.7560118e-05
   8.7593096e-05
   8.7615749e-05
   8.7631815e-05
   8.7657865e-05
   8.7713838e-05
   8.7719033e-05
   8.7723534e-05
   8.7765809e-05
   8.7766966e-05
   8.7804752e-05
   8.7840716e-05
   8.7875146e-05
   8.7878086e-05
   8.7894887e-05
   8.7932437e-05
   8.7933309e-05
   8.7959002e-05
   8.7968213e-05
   8.7979213e-05
   8.8008673e-05
   8.8011851e-05
   8.8014576e-05
   8.8037786e-05
   8.8057187e-05
   8.8103558e-05
   8.8155808e-05
   8.8189691e-05
   8.8197478e-05
   8.8228642e-05
   8.8286354e-05
   8.8298170e-05
   8.8329480e-05
   8.8331724e-05
   8.8333455e-05
   8.8349167e-05
   8.8356850e-05
   8.8387691e-05
   8.8416415e-05
   8.8420413e-05
   8.8425393e-05
   8.8436853e-05
   8.8440923e-05
   8.8445469e-05
   8.8483130e-05
   8.8526458e-05
   8.8530314e-05
   8.8578430e-05
   8.8579923e-05
   8.8581079e-05
   8.8581730e-05
   8.8601533e-05
   8.8606527e-05
   8.8608953e-05
   8.8663494e-05
   8.8693434e-05
   8.8704628e-05
   8.8738324e-05
   8.8749676e-05
   8.8766630e-05
   8.8784514e-05
   8.8797041e-05
   8.8798751e-05
   8.8823960e-05
   8.8842336e-05
   8.8843815e-05
   8.8846205e-05
   8.8864868e-05
   8.8887671e-05
   8.8925097e-05
   8.8933679e-05
   8.8952580e-05
   8.8985358e-05
   8.9000796e-05
   8.9005449e-05
   8.9037091e-05
   8.9070025e-05
   8.9102961e-05
   8.9163634e-05
   8.9249170e-05
   8.9255638e-05
   8.9259571e-05
   8.9287058e-05
   8.9302313e-05
   8.9313996e-05
   8.9321235e-05
   8.9362151e-05
   8.9405756e-05
   8.9442921e-05
   8.9445017e-05
   8.9448815e-05
   8.9480296e-05
   8.9482842e-05
   8.9494435e-05
   8.9533210e-05
   8.9551849e-05
   8.9587422e-05
   8.9639159e-05
   8.9648859e-05
   8.9692616e-05
   8.9696178e-05
   8.9739087e-05
   8.9776397e-05
   8.9798401e-05
   8.9807501e-05
   8.9816290e-05
   8.9870233e-05
   8.9900831e-05
   8.9929402e-05
   8.9931110e-05
   8.9932519e-05
   8.9985287e-05
   8.9991998e-05
   9.0002244e-05
   9.0034990e-05
   9.0037745e-05
   9.0077164e-05
   9.0123860e-05
   9.0126069e-05
   9.0154046e-05
   9.0163569e-05
   9.0169741e-05
   9.0177453e-05
   9.0206299e-05
   9.0235021e-05
   9.0237174e-05
   9.0241316e-05
   9.0276566e-05
   9.0280546e-05
   9.0284406e-05
   9.0326984e-05
   9.0334547e-05
   9.0367312e-05
   9.0369871e-05
   9.0400384e-05
   9.0418547e-05
   9.0419300e-05
   9.0446035e-05
   9.0480714e-05
   9.0527601e-05
   9.0532801e-05
   9.0542598e-05
   9.0559222e-05
   9.0562945e-05
   9.0588406e-05
   9.0589232e-05
   9.0634877e-05
   9.0669600e-05
   9.0715903e-05
   9.0727160e-05
   9.0742574e-05
   9.0744561e-05
   9.0763906e-05
   9.0791051e-05
   9.0793461e-05
   9.0826085e-05
   9.0833429e-05
   9.0870397e-05
   9.0888265e-05
   9.0904044e-05
   9.0905513e-05
   9.0906703e-05
   9.0906917e-05
   9.0908294e-05
   9.0909967e-05
   9.0946023e-05
   9.0949480e-05
   9.0975458e-05
   9.0992143e-05
   9.1002915e-05
   9.1033147e-05
   9.1033864e-05
   9.1036171e-05
   9.1063637e-05
   9.1067867e-05
   9.1115100e-05
   9.1118536e-05
   9.1119863e-05
   9.1121146e-05
   9.1153714e-05
   9.1183983e-05
   9.1202629e-05
   9.1224245e-05
   9.1265233e-05
   9.1299227e-05
   9.1302001e-05
   9.1335260e-05
   9.1370493e-05
   9.1371968e-05
   9.1373414e-05
   9.1375631e-05
   9.1398058e-05
   9.1428068e-05
   9.1466801e-05
   9.1494899e-05
   9.1495409e-05
   9.1498218e-05
   9.1533451e-05
   9.1560797e-05
   9.1561992e-05
   9.1563998e-05
   9.1565461e-05
   9.1567525e-05
   9.1567774e-05
   9.1592473e-05
   9.1594475e-05
   9.1596171e-05
   9.1615979e-05
   9.1617313e-05
   9.1660523e-05
   9.1665677e-05
   9.1670841e-05
   9.1714948e-05
   9.1747680e-05
   9.1760157e-05
   9.1760720e-05
   9.1764854e-05
   9.1767155e-05
   9.1780621e-05
   9.1784310e-05
   9.1821069e-05
   9.1863954e-05
   9.1891652e-05
   9.1897808e-05
   9.1902764e-05
   9.1907260e-05
   9.1911942e-05
   9.1922591e-05
   9.1923833e-05
   9.1962160e-05
   9.1985846e-05
   9.2010781e-05
   9.2048345e-05
   9.2057812e-05
   9.2107834e-05
   9.2111186e-05
   9.2123376e-05
   9.2136347e-05
   9.2169187e-05
   9.2179791e-05
   9.2183633e-05
   9.2187514e-05
   9.2236553e-05
   9.2293670e-05
   9.2312230e-05
   9.2342753e-05
   9.2346119e-05
   9.2347879e-05
   9.2350771e-05
   9.2352287e-05
   9.2354250e-05
   9.2355579e-05
   9.2408111e-05
   9.2460908e-05
   9.2463350e-05
   9.2463604e-05
   9.2512316e-05
   9.2565710e-05
   9.2566471e-05
   9.2594441e-05
   9.2632702e-05
   9.2672500e-05
   9.2710138e-05
   9.2753214e-05
   9.2785595e-05
   9.2796313e-05
   9.2811165e-05
   9.2861564e-05
   9.2895653e-05
   9.2902502e-05
   9.2930724e-05
   9.2950463e-05
   9.2974826e-05
   9.3000670e-05
   9.3027235e-05
   9.3082455e-05
   9.3087772e-05
   9.3132238e-05
   9.3157643e-05
   9.3166012e-05
   9.3194354e-05
   9.3196145e-05
   9.3235173e-05
   9.3272965e-05
   9.3277054e-05
   9.3319894e-05
   9.3329066e-05
   9.3337394e-05
   9.3344416e-05
   9.3351042e-05
   9.3386456e-05
   9.3387465e-05
   9.3388849e-05
   9.3420576e-05
   9.3428429e-05
   9.3441941e-05
   9.3479023e-05
   9.3523087e-05
   9.3555693e-05
   9.3597214e-05
   9.3646737e-05
   9.3679796e-05
   9.3684430e-05
   9.3707142e-05
   9.3734867e-05
   9.3744137e-05
   9.3749896e-05
   9.3769269e-05
   9.3797812e-05
   9.3814091e-05
   9.3819168e-05
   9.3854253e-05
   9.3857130e-05
   9.3896102e-05
   9.3905936e-05
   9.3939976e-05
   9.3976021e-05
   9.4015006e-05
   9.4046098e-05
   9.4054644e-05
   9.4058774e-05
   9.4083061e-05
   9.4107067e-05
   9.4144947e-05
   9.4148285e-05
   9.4181119e-05
   9.4232219e-05
   9.4235696e-05
   9.4259366e-05
   9.4266915e-05
   9.4271084e-05
   9.4278944e-05
   9.4290379e-05
   9.4327749e-05
   9.4328993e-05
   9.4331774e-05
   9.4333623e-05
   9.4387603e-05
   9.4392636e-05
   9.4424251e-05
   9.4451099e-05
   9.4485968e-05
   9.4538228e-05
   9.4580975e-05
   9.4610224e-05
   9.4624947e-05
   9.4626225e-05
   9.4658755e-05
   9.4662384e-05
   9.4665512e-05
   9.4710268e-05
   9.4713950e-05
   9.4723797e-05
   9.4757723e-05
   9.4796819e-05
   9.4811202e-05
   9.4823751e-05
   9.4828448e-05
   9.4832817e-05
   9.4837697e-05
   9.4883847e-05
   9.4884651e-05
   9.4927918e-05
   9.4940858e-05
   9.4964511e-05
   9.4967706e-05
   9.4970564e-05
   9.4971950e-05
   9.4974746e-05
   9.4985618e-05
   9.4988235e-05
   9.4996631e-05
   9.5001079e-05
   9.5016185e-05
   9.5027148e-05
   9.5061552e-05
   9.5064155e-05
   9.5066538e-05
   9.5093091e-05
   9.5106190e-05
   9.5120432e-05
   9.5137728e-05
   9.5189385e-05
   9.5229701e-05
   9.5234448e-05
   9.5238110e-05
   9.5253986e-05
   9.5267942e-05
   9.5283441e-05
   9.5291177e-05
   9.5303063e-05
   9.5305790e-05
   9.5308502e-05
   9.5310711e-05
   9.5313412e-05
   9.5314196e-05
   9.5317795e-05
   9.5320285e-05
   9.5322790e-05
   9.5366307e-05
   9.5385393e-05
   9.5391593e-05
   9.5410630e-05
   9.5412792e-05
   9.5413618e-05
   9.5448279e-05
