   3.5120508e-05
   8.7287083e-05
   1.4193327e-04
   1.7281728e-04
   2.3169848e-04
   2.5108898e-04
   3.0195709e-04
   3.5299174e-04
   4.0679549e-04
   4.5693705e-04
   4.9902039e-04
   5.4328583e-04
   5.8765730e-04
   6.2619068e-04
   6.6221090e-04
   6.9852892e-04
   7.4909903e-04
   7.6085308e-04
   7.9676214e-04
   8.2357115e-04
   8.8030090e-04
   9.3440779e-04
   9.8305938e-04
   1.0185950e-03
   1.0666084e-03
   1.1049532e-03
   1.1508605e-03
   1.2041193e-03
   1.2525918e-03
   1.2986177e-03
   1.3571671e-03
   1.3872372e-03
   1.4262925e-03
   1.4843374e-03
   1.5345253e-03
   1.5681524e-03
   1.6163070e-03
   1.6639839e-03
   1.7283898e-03
   1.7678503e-03
   1.7901159e-03
   1.8274888e-03
   1.8512169e-03
   1.8912327e-03
   1.9262245e-03
   1.9606589e-03
   1.9924203e-03
   2.0199567e-03
   2.0513673e-03
   2.1022558e-03
   2.1466879e-03
   2.1871413e-03
   2.2229870e-03
   2.2532077e-03
   2.2946659e-03
   2.3454278e-03
   2.4006950e-03
   2.4481263e-03
   2.4826993e-03
   2.5310620e-03
   2.5684347e-03
   2.6076099e-03
   2.6591384e-03
   2.6835333e-03
   2.7169780e-03
   2.7612177e-03
   2.7831389e-03
   2.8166287e-03
   2.8591658e-03
   2.8990371e-03
   2.9397718e-03
   3.0001640e-03
   3.0512927e-03
   3.0978264e-03
   3.1581084e-03
   3.1835690e-03
   3.2307548e-03
   3.2814576e-03
   3.3136773e-03
   3.3680060e-03
   3.4172453e-03
   3.4637018e-03
   3.5151308e-03
   3.5574485e-03
   3.6122751e-03
   3.6542613e-03
   3.7003607e-03
   3.7496649e-03
   3.7823561e-03
   3.8187766e-03
   3.8703982e-03
   3.9238804e-03
   3.9517891e-03
   3.9731292e-03
   4.0410695e-03
   4.1064593e-03
   4.1655646e-03
   4.2188219e-03
   4.2449460e-03
   4.3029602e-03
   4.3712214e-03
   4.4238197e-03
   4.4689966e-03
   4.5001308e-03
   4.5392539e-03
   4.5810377e-03
   4.6025027e-03
   4.6458114e-03
   4.6947720e-03
   4.7247186e-03
   4.7488267e-03
   4.7918483e-03
   4.8466982e-03
   4.8903374e-03
   4.9359530e-03
   4.9795704e-03
   5.0281296e-03
   5.0791184e-03
   5.1060209e-03
   5.1473858e-03
   5.2146370e-03
   5.2868205e-03
   5.3588098e-03
   5.3895231e-03
   5.4197053e-03
   5.4829510e-03
   5.5339136e-03
   5.5741348e-03
   5.6105021e-03
   5.6648100e-03
   5.7181245e-03
   5.7601545e-03
   5.8029486e-03
   5.8438126e-03
   5.8933198e-03
   5.9541195e-03
   6.0064466e-03
   6.0524422e-03
   6.1020854e-03
   6.1453449e-03
   6.1714391e-03
   6.1955623e-03
   6.2367956e-03
   6.2951436e-03
   6.3485967e-03
   6.4114426e-03
   6.4659027e-03
   6.5323798e-03
   6.5862330e-03
   6.6182961e-03
   6.6515465e-03
   6.7133808e-03
   6.7459084e-03
   6.7780567e-03
   6.8091781e-03
   6.8532617e-03
   6.8980299e-03
   6.9490528e-03
   6.9894380e-03
   7.0283621e-03
   7.0644083e-03
   7.1011803e-03
   7.1210182e-03
   7.1821079e-03
   7.2203373e-03
   7.2682116e-03
   7.3148511e-03
   7.3450152e-03
   7.3921074e-03
   7.4278161e-03
   7.4641690e-03
   7.5100895e-03
   7.5647098e-03
   7.6001866e-03
   7.6202158e-03
   7.6747813e-03
   7.7194741e-03
   7.7575634e-03
   7.7744338e-03
   7.8328939e-03
   7.8883191e-03
   7.9229544e-03
   7.9624567e-03
   7.9974176e-03
   8.0387301e-03
   8.0908119e-03
   8.1575876e-03
   8.2209966e-03
   8.2751187e-03
   8.3278428e-03
   8.3604355e-03
   8.4102938e-03
   8.4379716e-03
   8.4722700e-03
   8.5124542e-03
   8.5489637e-03
   8.5941670e-03
   8.6420683e-03
   8.6976025e-03
   8.7437960e-03
   8.7702873e-03
   8.8149721e-03
   8.8536575e-03
   8.9046652e-03
   8.9668467e-03
   9.0143384e-03
   9.0590102e-03
   9.1261967e-03
   9.1542107e-03
   9.1904788e-03
   9.2159888e-03
   9.2529232e-03
   9.3034405e-03
   9.3400439e-03
   9.3778751e-03
   9.4173948e-03
   9.4503935e-03
   9.4771713e-03
   9.5182497e-03
   9.5667923e-03
   9.6053023e-03
   9.6483406e-03
   9.7025255e-03
   9.7533165e-03
   9.7903694e-03
   9.8357188e-03
   9.8806911e-03
   9.9169172e-03
   9.9395285e-03
   9.9875677e-03
   1.0042597e-02
   1.0090517e-02
   1.0121112e-02
   1.0186996e-02
   1.0238099e-02
   1.0265642e-02
   1.0296182e-02
   1.0329127e-02
   1.0356534e-02
   1.0410261e-02
   1.0441091e-02
   1.0485479e-02
   1.0542245e-02
   1.0599759e-02
   1.0627700e-02
   1.0663516e-02
   1.0703441e-02
   1.0740604e-02
   1.0788821e-02
   1.0829776e-02
   1.0873380e-02
   1.0906381e-02
   1.0931176e-02
   1.0965024e-02
   1.0976446e-02
   1.1013208e-02
   1.1076127e-02
   1.1104020e-02
   1.1163089e-02
   1.1242664e-02
   1.1296537e-02
   1.1347588e-02
   1.1398818e-02
   1.1454183e-02
   1.1477178e-02
   1.1511572e-02
   1.1532827e-02
   1.1571690e-02
   1.1606425e-02
   1.1655588e-02
   1.1693316e-02
   1.1746477e-02
   1.1808276e-02
   1.1863207e-02
   1.1915163e-02
   1.1953014e-02
   1.2012595e-02
   1.2056725e-02
   1.2100443e-02
   1.2144432e-02
   1.2207253e-02
   1.2230656e-02
   1.2255522e-02
   1.2307699e-02
   1.2354267e-02
   1.2396991e-02
   1.2430416e-02
   1.2477929e-02
   1.2516031e-02
   1.2549338e-02
   1.2586371e-02
   1.2641816e-02
   1.2707775e-02
   1.2766253e-02
   1.2824432e-02
   1.2872943e-02
   1.2915357e-02
   1.2960913e-02
   1.3006268e-02
   1.3029295e-02
   1.3069381e-02
   1.3114515e-02
   1.3142132e-02
   1.3173874e-02
   1.3214663e-02
   1.3268722e-02
   1.3300050e-02
   1.3324801e-02
   1.3395556e-02
   1.3441778e-02
   1.3488328e-02
   1.3542873e-02
   1.3564673e-02
   1.3591760e-02
   1.3623952e-02
   1.3639703e-02
   1.3677040e-02
   1.3729151e-02
   1.3793042e-02
   1.3838933e-02
   1.3864352e-02
   1.3914334e-02
   1.3955592e-02
   1.4029558e-02
   1.4055557e-02
   1.4081202e-02
   1.4106886e-02
   1.4166781e-02
   1.4194495e-02
   1.4225626e-02
   1.4253889e-02
   1.4288729e-02
   1.4355850e-02
   1.4418714e-02
   1.4447501e-02
   1.4486601e-02
   1.4519549e-02
   1.4564283e-02
   1.4603921e-02
   1.4652310e-02
   1.4694462e-02
   1.4757299e-02
   1.4810331e-02
   1.4846739e-02
   1.4873645e-02
   1.4909953e-02
   1.4962089e-02
   1.4994016e-02
   1.5035228e-02
   1.5104587e-02
   1.5141498e-02
   1.5193121e-02
   1.5236827e-02
   1.5275729e-02
   1.5332244e-02
   1.5366030e-02
   1.5417969e-02
   1.5476919e-02
   1.5540754e-02
   1.5587024e-02
   1.5642223e-02
   1.5672945e-02
   1.5704450e-02
   1.5768482e-02
   1.5811034e-02
   1.5825880e-02
   1.5871575e-02
   1.5915990e-02
   1.5979338e-02
   1.6012340e-02
   1.6062372e-02
   1.6090910e-02
   1.6121270e-02
   1.6145217e-02
   1.6196276e-02
   1.6241567e-02
   1.6280608e-02
   1.6321510e-02
   1.6363204e-02
   1.6408224e-02
   1.6439308e-02
   1.6499028e-02
   1.6545025e-02
   1.6602517e-02
   1.6648060e-02
   1.6694922e-02
   1.6726397e-02
   1.6755216e-02
   1.6808624e-02
   1.6869966e-02
   1.6911419e-02
   1.6948087e-02
   1.6991192e-02
   1.7022648e-02
   1.7077873e-02
   1.7130737e-02
   1.7156653e-02
   1.7199127e-02
   1.7237317e-02
   1.7270086e-02
   1.7311584e-02
   1.7364899e-02
   1.7418560e-02
   1.7439822e-02
   1.7473581e-02
   1.7535492e-02
   1.7587246e-02
   1.7618151e-02
   1.7663326e-02
   1.7731594e-02
   1.7758437e-02
   1.7805835e-02
   1.7847628e-02
   1.7876576e-02
   1.7924029e-02
   1.7975327e-02
   1.8009899e-02
   1.8042730e-02
   1.8087707e-02
   1.8114889e-02
   1.8143809e-02
   1.8172872e-02
   1.8213514e-02
   1.8275876e-02
   1.8306670e-02
   1.8341114e-02
   1.8370213e-02
   1.8422170e-02
   1.8475111e-02
   1.8516476e-02
   1.8570695e-02
   1.8623193e-02
   1.8654958e-02
   1.8704292e-02
   1.8737183e-02
   1.8765920e-02
   1.8812221e-02
   1.8851569e-02
   1.8884168e-02
   1.8910156e-02
   1.8947628e-02
   1.9006618e-02
   1.9057001e-02
   1.9092710e-02
   1.9151233e-02
   1.9165877e-02
   1.9221082e-02
   1.9275719e-02
   1.9318451e-02
   1.9382834e-02
   1.9441741e-02
   1.9476145e-02
   1.9523088e-02
   1.9567571e-02
   1.9618790e-02
   1.9672448e-02
   1.9726428e-02
   1.9765957e-02
   1.9808923e-02
   1.9846774e-02
   1.9881297e-02
   1.9927134e-02
   1.9947050e-02
   1.9991367e-02
   2.0048057e-02
   2.0094047e-02
   2.0136061e-02
   2.0166707e-02
   2.0205981e-02
   2.0251481e-02
   2.0306126e-02
   2.0362282e-02
   2.0399325e-02
   2.0450501e-02
   2.0503491e-02
   2.0552652e-02
   2.0603672e-02
   2.0633434e-02
   2.0659800e-02
   2.0710907e-02
   2.0752686e-02
   2.0809193e-02
   2.0850699e-02
   2.0898277e-02
   2.0951380e-02
   2.1019142e-02
   2.1067468e-02
   2.1099718e-02
   2.1119120e-02
   2.1162956e-02
   2.1195807e-02
   2.1243245e-02
   2.1301577e-02
   2.1364471e-02
   2.1412177e-02
   2.1456439e-02
   2.1499599e-02
   2.1543071e-02
   2.1585700e-02
   2.1639167e-02
   2.1674088e-02
   2.1716969e-02
   2.1765922e-02
   2.1797638e-02
   2.1853883e-02
   2.1908335e-02
   2.1931376e-02
   2.1979673e-02
   2.2031724e-02
   2.2076488e-02
   2.2110569e-02
   2.2145697e-02
   2.2175420e-02
   2.2220641e-02
   2.2271968e-02
   2.2321014e-02
   2.2350477e-02
   2.2391283e-02
   2.2419834e-02
   2.2477920e-02
   2.2521819e-02
   2.2554618e-02
   2.2582887e-02
   2.2627284e-02
   2.2641490e-02
   2.2685561e-02
   2.2714482e-02
   2.2762937e-02
   2.2809360e-02
   2.2848082e-02
   2.2902414e-02
   2.2936193e-02
   2.2986065e-02
   2.3024234e-02
   2.3056692e-02
   2.3093359e-02
   2.3126770e-02
   2.3176006e-02
   2.3230080e-02
   2.3249332e-02
   2.3286821e-02
   2.3350385e-02
   2.3406977e-02
   2.3435694e-02
   2.3481476e-02
   2.3517467e-02
   2.3567018e-02
   2.3629973e-02
   2.3694292e-02
   2.3734438e-02
   2.3775867e-02
   2.3818092e-02
   2.3861680e-02
   2.3887638e-02
   2.3941712e-02
   2.3981885e-02
   2.4033740e-02
   2.4085100e-02
   2.4125173e-02
   2.4167618e-02
   2.4197916e-02
   2.4240735e-02
   2.4275722e-02
   2.4302521e-02
   2.4342609e-02
   2.4390504e-02
   2.4439461e-02
   2.4467836e-02
   2.4490180e-02
   2.4524279e-02
   2.4575043e-02
   2.4631821e-02
   2.4683416e-02
   2.4722141e-02
   2.4761951e-02
   2.4799164e-02
   2.4847939e-02
   2.4898166e-02
   2.4924281e-02
   2.4961964e-02
   2.4994476e-02
   2.5044326e-02
   2.5095734e-02
   2.5132370e-02
   2.5183210e-02
   2.5214745e-02
   2.5252427e-02
   2.5278147e-02
   2.5319365e-02
   2.5342228e-02
   2.5394381e-02
   2.5439486e-02
   2.5508393e-02
   2.5564751e-02
   2.5607468e-02
   2.5644818e-02
   2.5674786e-02
   2.5709821e-02
   2.5750671e-02
   2.5813040e-02
   2.5858294e-02
   2.5882684e-02
   2.5914747e-02
   2.5952904e-02
   2.5982211e-02
   2.6012890e-02
   2.6042617e-02
   2.6110752e-02
   2.6174528e-02
   2.6229179e-02
   2.6290270e-02
   2.6333986e-02
   2.6375911e-02
   2.6428298e-02
   2.6480841e-02
   2.6525696e-02
   2.6578454e-02
   2.6624793e-02
   2.6652321e-02
   2.6697366e-02
   2.6748912e-02
   2.6789037e-02
   2.6846752e-02
   2.6897020e-02
   2.6937041e-02
   2.6998586e-02
   2.7030984e-02
   2.7081361e-02
   2.7121763e-02
   2.7176147e-02
   2.7198985e-02
   2.7248819e-02
   2.7274723e-02
   2.7334338e-02
   2.7383090e-02
   2.7426609e-02
   2.7470081e-02
   2.7528875e-02
   2.7576424e-02
   2.7622185e-02
   2.7681846e-02
   2.7744807e-02
   2.7800697e-02
   2.7861185e-02
   2.7886035e-02
   2.7934721e-02
   2.7978688e-02
   2.7996573e-02
   2.8015801e-02
   2.8063371e-02
   2.8096530e-02
   2.8145663e-02
   2.8181828e-02
   2.8230076e-02
   2.8281091e-02
   2.8330296e-02
   2.8375720e-02
   2.8411340e-02
   2.8466057e-02
   2.8529478e-02
   2.8566725e-02
   2.8608497e-02
   2.8636477e-02
   2.8671814e-02
   2.8726238e-02
   2.8777302e-02
   2.8836704e-02
   2.8867873e-02
   2.8887129e-02
   2.8928296e-02
   2.8994171e-02
   2.8998051e-02
   2.9037865e-02
   2.9107492e-02
   2.9161213e-02
   2.9194067e-02
   2.9245202e-02
   2.9310860e-02
   2.9361918e-02
   2.9404585e-02
   2.9462775e-02
   2.9524835e-02
   2.9537850e-02
   2.9572345e-02
   2.9609084e-02
   2.9626814e-02
   2.9680917e-02
   2.9719644e-02
   2.9760510e-02
   2.9792293e-02
   2.9823387e-02
   2.9890223e-02
   2.9940093e-02
   2.9995829e-02
   3.0041793e-02
   3.0094896e-02
   3.0130982e-02
   3.0182833e-02
   3.0239625e-02
   3.0296838e-02
   3.0320360e-02
   3.0369258e-02
   3.0397503e-02
   3.0425438e-02
   3.0455575e-02
   3.0508634e-02
   3.0554333e-02
   3.0588256e-02
   3.0629371e-02
   3.0697427e-02
   3.0753013e-02
   3.0778947e-02
   3.0813739e-02
   3.0872381e-02
   3.0912957e-02
   3.0967753e-02
   3.1030015e-02
   3.1079320e-02
   3.1118664e-02
   3.1155503e-02
   3.1185806e-02
   3.1218695e-02
   3.1275783e-02
   3.1319276e-02
   3.1376124e-02
   3.1418841e-02
   3.1458780e-02
   3.1489543e-02
   3.1535361e-02
   3.1594507e-02
   3.1647929e-02
   3.1686132e-02
   3.1717163e-02
   3.1749728e-02
   3.1786590e-02
   3.1840564e-02
   3.1891469e-02
   3.1926207e-02
   3.1969548e-02
   3.2023712e-02
   3.2074719e-02
   3.2113662e-02
   3.2166833e-02
   3.2211564e-02
   3.2266708e-02
   3.2318507e-02
   3.2362156e-02
   3.2391091e-02
   3.2436182e-02
   3.2471459e-02
   3.2492134e-02
   3.2550566e-02
   3.2595810e-02
   3.2615281e-02
   3.2630319e-02
   3.2669849e-02
   3.2719280e-02
   3.2773726e-02
   3.2818803e-02
   3.2860452e-02
   3.2930550e-02
   3.2993328e-02
   3.3042339e-02
   3.3073960e-02
   3.3118843e-02
   3.3165922e-02
   3.3230446e-02
   3.3287494e-02
   3.3329160e-02
   3.3379824e-02
   3.3442175e-02
   3.3473064e-02
   3.3515558e-02
   3.3545578e-02
   3.3575304e-02
   3.3634022e-02
   3.3689067e-02
   3.3709145e-02
   3.3759095e-02
   3.3821150e-02
   3.3846897e-02
   3.3888579e-02
   3.3920943e-02
   3.3973983e-02
   3.4030967e-02
   3.4061214e-02
   3.4079136e-02
   3.4120975e-02
   3.4148412e-02
   3.4194085e-02
   3.4230412e-02
   3.4268489e-02
   3.4293486e-02
   3.4320358e-02
   3.4375312e-02
   3.4423380e-02
   3.4479125e-02
   3.4549685e-02
   3.4601622e-02
   3.4632512e-02
   3.4664650e-02
   3.4720258e-02
   3.4789550e-02
   3.4835635e-02
   3.4865338e-02
   3.4896555e-02
   3.4922360e-02
   3.4942261e-02
   3.4970988e-02
   3.4995232e-02
   3.5029916e-02
   3.5064388e-02
   3.5094447e-02
   3.5127229e-02
   3.5185811e-02
   3.5225590e-02
   3.5283736e-02
   3.5324537e-02
   3.5366564e-02
   3.5399661e-02
   3.5469578e-02
   3.5508821e-02
   3.5534975e-02
   3.5578289e-02
   3.5630570e-02
   3.5670357e-02
   3.5715312e-02
   3.5772671e-02
   3.5840619e-02
   3.5879984e-02
   3.5907975e-02
   3.5943792e-02
   3.5995567e-02
   3.6054763e-02
   3.6076923e-02
   3.6127579e-02
   3.6153394e-02
   3.6209943e-02
   3.6237460e-02
   3.6291999e-02
   3.6338091e-02
   3.6381586e-02
   3.6428891e-02
   3.6464796e-02
   3.6518481e-02
   3.6557066e-02
   3.6582045e-02
   3.6632991e-02
   3.6670878e-02
   3.6718447e-02
   3.6767752e-02
   3.6823489e-02
   3.6874474e-02
   3.6907705e-02
   3.6953087e-02
   3.6989168e-02
   3.7050019e-02
   3.7103885e-02
   3.7145211e-02
   3.7191837e-02
   3.7235558e-02
   3.7267713e-02
   3.7302781e-02
   3.7346463e-02
   3.7399705e-02
   3.7434995e-02
   3.7485126e-02
   3.7528691e-02
   3.7581625e-02
   3.7636041e-02
   3.7658811e-02
   3.7699342e-02
   3.7742155e-02
   3.7780883e-02
   3.7815498e-02
   3.7873582e-02
   3.7919999e-02
   3.7972237e-02
   3.8039564e-02
   3.8093112e-02
   3.8132999e-02
   3.8168094e-02
   3.8191156e-02
   3.8219626e-02
   3.8250820e-02
   3.8273764e-02
   3.8330711e-02
   3.8373464e-02
   3.8391713e-02
   3.8426183e-02
   3.8485569e-02
   3.8517671e-02
   3.8561770e-02
   3.8620259e-02
   3.8672087e-02
   3.8729775e-02
   3.8774233e-02
   3.8836164e-02
   3.8880521e-02
   3.8900718e-02
   3.8954229e-02
   3.8987795e-02
   3.9017977e-02
   3.9044672e-02
   3.9084770e-02
   3.9117052e-02
   3.9155580e-02
   3.9203153e-02
   3.9237137e-02
   3.9303664e-02
   3.9343669e-02
   3.9375052e-02
   3.9433308e-02
   3.9474006e-02
   3.9533641e-02
   3.9561195e-02
   3.9621186e-02
   3.9670654e-02
   3.9722420e-02
   3.9753891e-02
   3.9802394e-02
   3.9849242e-02
   3.9890333e-02
   3.9937705e-02
   3.9975914e-02
   4.0024619e-02
   4.0068275e-02
   4.0103653e-02
   4.0162350e-02
   4.0206321e-02
   4.0232538e-02
   4.0269085e-02
   4.0318844e-02
   4.0381914e-02
   4.0425839e-02
   4.0452832e-02
   4.0500622e-02
   4.0532217e-02
   4.0579945e-02
   4.0626444e-02
   4.0670795e-02
   4.0717197e-02
   4.0773818e-02
   4.0834676e-02
   4.0884776e-02
   4.0922077e-02
   4.0963462e-02
   4.1020027e-02
   4.1069654e-02
   4.1118432e-02
   4.1193796e-02
   4.1224318e-02
   4.1277696e-02
   4.1322288e-02
   4.1366722e-02
   4.1432022e-02
   4.1479708e-02
   4.1509452e-02
   4.1558041e-02
   4.1602659e-02
   4.1632359e-02
   4.1691141e-02
   4.1731199e-02
   4.1769295e-02
   4.1838399e-02
   4.1880123e-02
   4.1902015e-02
   4.1959910e-02
   4.2011282e-02
   4.2071216e-02
   4.2122460e-02
   4.2138837e-02
   4.2185568e-02
   4.2238402e-02
   4.2307364e-02
   4.2342550e-02
   4.2386909e-02
   4.2420336e-02
   4.2449923e-02
   4.2496037e-02
   4.2543612e-02
   4.2563999e-02
   4.2613700e-02
   4.2662072e-02
   4.2697692e-02
   4.2706860e-02
   4.2743578e-02
   4.2751200e-02
   4.2781932e-02
   4.2815311e-02
   4.2860931e-02
   4.2885658e-02
   4.2918206e-02
   4.2952384e-02
   4.2992805e-02
   4.3037865e-02
   4.3094794e-02
   4.3142948e-02
   4.3186551e-02
   4.3226390e-02
   4.3276505e-02
   4.3325906e-02
   4.3387079e-02
   4.3432536e-02
   4.3476818e-02
   4.3504494e-02
   4.3542304e-02
   4.3566782e-02
   4.3611650e-02
   4.3674873e-02
   4.3732198e-02
   4.3790535e-02
   4.3846432e-02
   4.3905580e-02
   4.3946291e-02
   4.3980271e-02
   4.4027973e-02
   4.4091953e-02
   4.4145634e-02
   4.4202385e-02
   4.4258534e-02
   4.4293393e-02
   4.4323774e-02
   4.4357127e-02
   4.4375083e-02
   4.4427816e-02
   4.4466218e-02
   4.4528800e-02
   4.4608185e-02
   4.4667413e-02
   4.4716500e-02
   4.4783471e-02
   4.4824266e-02
   4.4845074e-02
   4.4892576e-02
   4.4947129e-02
   4.4976013e-02
   4.5021310e-02
   4.5041371e-02
   4.5086525e-02
   4.5123223e-02
   4.5168665e-02
   4.5217836e-02
   4.5251611e-02
   4.5285293e-02
   4.5350024e-02
   4.5419460e-02
   4.5473996e-02
   4.5532886e-02
   4.5580648e-02
   4.5645217e-02
   4.5701731e-02
   4.5754231e-02
   4.5810835e-02
   4.5863769e-02
   4.5894444e-02
   4.5951019e-02
   4.6005216e-02
   4.6027770e-02
   4.6070632e-02
   4.6127596e-02
   4.6164489e-02
   4.6223143e-02
   4.6254566e-02
   4.6297944e-02
   4.6327852e-02
   4.6370444e-02
   4.6397529e-02
   4.6436327e-02
   4.6455114e-02
   4.6518713e-02
   4.6559572e-02
   4.6590716e-02
   4.6632016e-02
   4.6671950e-02
   4.6727692e-02
   4.6761813e-02
   4.6807403e-02
   4.6865466e-02
   4.6913641e-02
   4.6968521e-02
   4.7027147e-02
   4.7070665e-02
   4.7109414e-02
   4.7147823e-02
   4.7181916e-02
   4.7213957e-02
   4.7258057e-02
   4.7300000e-02
   4.7337214e-02
   4.7384280e-02
   4.7439718e-02
   4.7478372e-02
   4.7523604e-02
   4.7573199e-02
   4.7614576e-02
   4.7664513e-02
   4.7707500e-02
   4.7738256e-02
   4.7759525e-02
   4.7802605e-02
   4.7852544e-02
   4.7912324e-02
   4.7934334e-02
   4.7977044e-02
   4.8038980e-02
   4.8099291e-02
   4.8126880e-02
   4.8182913e-02
   4.8229495e-02
   4.8252487e-02
   4.8285528e-02
   4.8338612e-02
   4.8389227e-02
   4.8434862e-02
   4.8478376e-02
   4.8525617e-02
   4.8568348e-02
   4.8619358e-02
   4.8683299e-02
   4.8727564e-02
   4.8787739e-02
   4.8861334e-02
   4.8919390e-02
   4.8975415e-02
   4.9025187e-02
   4.9052851e-02
   4.9105869e-02
   4.9130083e-02
   4.9177251e-02
   4.9207341e-02
   4.9251911e-02
   4.9284100e-02
   4.9321494e-02
   4.9362631e-02
   4.9398293e-02
   4.9454530e-02
   4.9485770e-02
   4.9519442e-02
   4.9567916e-02
   4.9588563e-02
   4.9635468e-02
   4.9686143e-02
   4.9740125e-02
   4.9770895e-02
   4.9841692e-02
   4.9886227e-02
   4.9921298e-02
   4.9942199e-02
   4.9969676e-02
   5.0023475e-02
   5.0064174e-02
   5.0134056e-02
   5.0195136e-02
   5.0260236e-02
   5.0321327e-02
   5.0360401e-02
   5.0395410e-02
   5.0434826e-02
   5.0487082e-02
   5.0528231e-02
   5.0574106e-02
   5.0606092e-02
   5.0651944e-02
   5.0687146e-02
   5.0735298e-02
   5.0790100e-02
   5.0837034e-02
   5.0891231e-02
   5.0926490e-02
   5.0977685e-02
   5.1026503e-02
   5.1095151e-02
   5.1156727e-02
   5.1186340e-02
   5.1204412e-02
   5.1285233e-02
   5.1356108e-02
   5.1393727e-02
   5.1428130e-02
   5.1450576e-02
   5.1487667e-02
   5.1545946e-02
   5.1587552e-02
   5.1606720e-02
   5.1651758e-02
   5.1692792e-02
   5.1730534e-02
   5.1774564e-02
   5.1827424e-02
   5.1866859e-02
   5.1908088e-02
   5.1951413e-02
   5.1996330e-02
   5.2050751e-02
   5.2106015e-02
   5.2142750e-02
   5.2184149e-02
   5.2231149e-02
   5.2276743e-02
   5.2303179e-02
   5.2324122e-02
   5.2376522e-02
   5.2411018e-02
   5.2460453e-02
   5.2521973e-02
   5.2576104e-02
   5.2634097e-02
   5.2674820e-02
   5.2720618e-02
   5.2754667e-02
   5.2793741e-02
   5.2836994e-02
   5.2878820e-02
   5.2934674e-02
   5.2963270e-02
   5.3022570e-02
   5.3077245e-02
   5.3131352e-02
   5.3187011e-02
   5.3233549e-02
   5.3284245e-02
   5.3331442e-02
   5.3372083e-02
   5.3410719e-02
   5.3441581e-02
   5.3498125e-02
   5.3548094e-02
   5.3595544e-02
   5.3661698e-02
   5.3706188e-02
   5.3740695e-02
   5.3778604e-02
   5.3826166e-02
   5.3857260e-02
   5.3910783e-02
   5.3962365e-02
   5.3995179e-02
   5.4065414e-02
   5.4099348e-02
   5.4119929e-02
   5.4182798e-02
   5.4252086e-02
   5.4303130e-02
   5.4357711e-02
   5.4380809e-02
   5.4432428e-02
   5.4485953e-02
   5.4526619e-02
   5.4550794e-02
   5.4594193e-02
   5.4624602e-02
   5.4664504e-02
   5.4720895e-02
   5.4751528e-02
   5.4799026e-02
   5.4848146e-02
   5.4881064e-02
   5.4918059e-02
   5.4948244e-02
   5.4976402e-02
   5.5013812e-02
   5.5037424e-02
   5.5065764e-02
   5.5097162e-02
   5.5146658e-02
   5.5197390e-02
   5.5238049e-02
   5.5281891e-02
   5.5326291e-02
   5.5374154e-02
   5.5429959e-02
   5.5469636e-02
   5.5503629e-02
   5.5537997e-02
   5.5591638e-02
   5.5648382e-02
   5.5685614e-02
   5.5729153e-02
   5.5750043e-02
   5.5794220e-02
   5.5825269e-02
   5.5869354e-02
   5.5914198e-02
   5.5991701e-02
   5.6023314e-02
   5.6047587e-02
   5.6098849e-02
   5.6162271e-02
   5.6215231e-02
   5.6255562e-02
   5.6301019e-02
   5.6339683e-02
   5.6391004e-02
   5.6428997e-02
   5.6473066e-02
   5.6504840e-02
   5.6539976e-02
   5.6587150e-02
   5.6631164e-02
   5.6666534e-02
   5.6715755e-02
   5.6758076e-02
   5.6810454e-02
   5.6870474e-02
   5.6906834e-02
   5.6958229e-02
   5.7002710e-02
   5.7050882e-02
   5.7081744e-02
   5.7123020e-02
   5.7158533e-02
   5.7205851e-02
   5.7233401e-02
   5.7306651e-02
   5.7362973e-02
   5.7411660e-02
   5.7440168e-02
   5.7490975e-02
   5.7526795e-02
   5.7561926e-02
   5.7595086e-02
   5.7645830e-02
   5.7713237e-02
   5.7765064e-02
   5.7834217e-02
   5.7895643e-02
   5.7944580e-02
   5.8001042e-02
   5.8064753e-02
   5.8117791e-02
   5.8168625e-02
   5.8211021e-02
   5.8250826e-02
   5.8317725e-02
   5.8380096e-02
   5.8433631e-02
   5.8479293e-02
   5.8519196e-02
   5.8579561e-02
   5.8632380e-02
   5.8680728e-02
   5.8717266e-02
   5.8758457e-02
   5.8804707e-02
   5.8854678e-02
   5.8919596e-02
   5.8966626e-02
   5.9025942e-02
   5.9085845e-02
   5.9141257e-02
   5.9156921e-02
   5.9205254e-02
   5.9252727e-02
   5.9303460e-02
   5.9336567e-02
   5.9392746e-02
   5.9424916e-02
   5.9473618e-02
   5.9522239e-02
   5.9555120e-02
   5.9608059e-02
   5.9642002e-02
   5.9679742e-02
   5.9722012e-02
   5.9777602e-02
   5.9808492e-02
   5.9844724e-02
   5.9893589e-02
   5.9936513e-02
   5.9966502e-02
   5.9997339e-02
   6.0040032e-02
   6.0088323e-02
   6.0142542e-02
   6.0192398e-02
   6.0233726e-02
   6.0274117e-02
   6.0299469e-02
   6.0341376e-02
   6.0398557e-02
   6.0472388e-02
   6.0519819e-02
   6.0537880e-02
   6.0572772e-02
   6.0623097e-02
   6.0651815e-02
   6.0695429e-02
   6.0734518e-02
   6.0778046e-02
   6.0809726e-02
   6.0845687e-02
   6.0895991e-02
   6.0927442e-02
   6.0961271e-02
   6.0983928e-02
   6.1023128e-02
   6.1055398e-02
   6.1092344e-02
   6.1143582e-02
   6.1199382e-02
   6.1247726e-02
   6.1298657e-02
   6.1361531e-02
   6.1400092e-02
   6.1434667e-02
   6.1460502e-02
   6.1488512e-02
   6.1529299e-02
   6.1573139e-02
   6.1620836e-02
   6.1648518e-02
   6.1698320e-02
   6.1741228e-02
   6.1769537e-02
   6.1799384e-02
   6.1828161e-02
   6.1859335e-02
   6.1899160e-02
   6.1964640e-02
   6.2015020e-02
   6.2066545e-02
   6.2120283e-02
   6.2170871e-02
   6.2209979e-02
   6.2251251e-02
   6.2289300e-02
   6.2329682e-02
   6.2376818e-02
   6.2409690e-02
   6.2446840e-02
   6.2480090e-02
   6.2542452e-02
   6.2581821e-02
   6.2604334e-02
   6.2639734e-02
   6.2685691e-02
   6.2721625e-02
   6.2776148e-02
   6.2807017e-02
   6.2858273e-02
   6.2875226e-02
   6.2915597e-02
   6.2975772e-02
   6.3023566e-02
   6.3061799e-02
   6.3105273e-02
   6.3152154e-02
   6.3217143e-02
   6.3272734e-02
   6.3317792e-02
   6.3345041e-02
   6.3396239e-02
   6.3423068e-02
   6.3443542e-02
   6.3492580e-02
   6.3503825e-02
   6.3531403e-02
   6.3568009e-02
   6.3625819e-02
   6.3673224e-02
   6.3727041e-02
   6.3760495e-02
   6.3819572e-02
   6.3876709e-02
   6.3913315e-02
   6.3940738e-02
   6.3986815e-02
   6.4025789e-02
   6.4050119e-02
   6.4087932e-02
   6.4127386e-02
   6.4188220e-02
   6.4259607e-02
   6.4288595e-02
   6.4327924e-02
   6.4366222e-02
   6.4412609e-02
   6.4458306e-02
   6.4510095e-02
   6.4559857e-02
   6.4603243e-02
   6.4638312e-02
   6.4667565e-02
   6.4713079e-02
   6.4743465e-02
   6.4804535e-02
   6.4840935e-02
   6.4894682e-02
   6.4945087e-02
   6.5014633e-02
   6.5054736e-02
   6.5099321e-02
   6.5122834e-02
   6.5169886e-02
   6.5190018e-02
   6.5237834e-02
   6.5268740e-02
   6.5296297e-02
   6.5321789e-02
   6.5368269e-02
   6.5408229e-02
   6.5442510e-02
   6.5484163e-02
   6.5522815e-02
   6.5567287e-02
   6.5605182e-02
   6.5647784e-02
   6.5680225e-02
   6.5726253e-02
   6.5771681e-02
   6.5799944e-02
   6.5835464e-02
   6.5872988e-02
   6.5915564e-02
   6.5958025e-02
   6.5993882e-02
   6.6049027e-02
   6.6086689e-02
   6.6115376e-02
   6.6157040e-02
   6.6196244e-02
   6.6236926e-02
   6.6294978e-02
   6.6337202e-02
   6.6385598e-02
   6.6420525e-02
   6.6468495e-02
   6.6501796e-02
   6.6536762e-02
   6.6582840e-02
   6.6635245e-02
   6.6663137e-02
   6.6717453e-02
   6.6755592e-02
   6.6786630e-02
   6.6824442e-02
   6.6857295e-02
   6.6892031e-02
   6.6926045e-02
   6.6961114e-02
   6.7002361e-02
   6.7043505e-02
   6.7094470e-02
   6.7132674e-02
   6.7180326e-02
   6.7228982e-02
   6.7289242e-02
   6.7358693e-02
   6.7406189e-02
   6.7451597e-02
   6.7502445e-02
   6.7564399e-02
   6.7608051e-02
   6.7650088e-02
   6.7673560e-02
   6.7713291e-02
   6.7762973e-02
   6.7791744e-02
   6.7834992e-02
   6.7865704e-02
   6.7898712e-02
   6.7939108e-02
   6.7988346e-02
   6.8035842e-02
   6.8076520e-02
   6.8105290e-02
   6.8139809e-02
   6.8185951e-02
   6.8242457e-02
   6.8291879e-02
   6.8334497e-02
   6.8374503e-02
   6.8420741e-02
   6.8464042e-02
   6.8530854e-02
   6.8582691e-02
   6.8615380e-02
   6.8640419e-02
   6.8671928e-02
   6.8716353e-02
   6.8754265e-02
   6.8787191e-02
   6.8834186e-02
   6.8888714e-02
   6.8949995e-02
   6.8977773e-02
   6.9010621e-02
   6.9034844e-02
   6.9082164e-02
   6.9123902e-02
   6.9173273e-02
   6.9188785e-02
   6.9215422e-02
   6.9246825e-02
   6.9277451e-02
   6.9304833e-02
   6.9371620e-02
   6.9416295e-02
   6.9471299e-02
   6.9528870e-02
   6.9556176e-02
   6.9629294e-02
   6.9676613e-02
   6.9720875e-02
   6.9759443e-02
   6.9794307e-02
   6.9824648e-02
   6.9851124e-02
   6.9893384e-02
   6.9917233e-02
   6.9961637e-02
   7.0014662e-02
   7.0035885e-02
   7.0088790e-02
   7.0153469e-02
   7.0206169e-02
   7.0242452e-02
   7.0289822e-02
   7.0337165e-02
   7.0389883e-02
   7.0422824e-02
   7.0478684e-02
   7.0524347e-02
   7.0594550e-02
   7.0636719e-02
   7.0677770e-02
   7.0719778e-02
   7.0739517e-02
   7.0765985e-02
   7.0815347e-02
   7.0857585e-02
   7.0896613e-02
   7.0921936e-02
   7.0963216e-02
   7.0999120e-02
   7.1045724e-02
   7.1081398e-02
   7.1116173e-02
   7.1167039e-02
   7.1223150e-02
   7.1258312e-02
   7.1317527e-02
   7.1365967e-02
   7.1414688e-02
   7.1460361e-02
   7.1496385e-02
   7.1534901e-02
   7.1568027e-02
   7.1603615e-02
   7.1638004e-02
   7.1683138e-02
   7.1721916e-02
   7.1760353e-02
   7.1807334e-02
   7.1865001e-02
   7.1890890e-02
   7.1924942e-02
   7.1962233e-02
   7.2035910e-02
   7.2056587e-02
   7.2103707e-02
   7.2142009e-02
   7.2181227e-02
   7.2230469e-02
   7.2291002e-02
   7.2320879e-02
   7.2362104e-02
   7.2393539e-02
   7.2445614e-02
   7.2482894e-02
   7.2525945e-02
   7.2581493e-02
   7.2623114e-02
   7.2665208e-02
   7.2695559e-02
   7.2740183e-02
   7.2786181e-02
   7.2836932e-02
   7.2855533e-02
   7.2884976e-02
   7.2929036e-02
   7.2969168e-02
   7.2994825e-02
   7.3038295e-02
   7.3058924e-02
   7.3097661e-02
   7.3153958e-02
   7.3195322e-02
   7.3235483e-02
   7.3294443e-02
   7.3368821e-02
   7.3415270e-02
   7.3447239e-02
   7.3489280e-02
   7.3559919e-02
   7.3618520e-02
   7.3641518e-02
   7.3704210e-02
   7.3767338e-02
   7.3813815e-02
   7.3878600e-02
   7.3922954e-02
   7.3963251e-02
   7.3995359e-02
   7.4056563e-02
   7.4093794e-02
   7.4109954e-02
   7.4131024e-02
   7.4173435e-02
   7.4212578e-02
   7.4259620e-02
   7.4308269e-02
   7.4338194e-02
   7.4384435e-02
   7.4426948e-02
   7.4476934e-02
   7.4517650e-02
   7.4561584e-02
   7.4613407e-02
   7.4652098e-02
   7.4698905e-02
   7.4719038e-02
   7.4757287e-02
   7.4780591e-02
   7.4815620e-02
   7.4883798e-02
   7.4955321e-02
   7.4995856e-02
   7.5046228e-02
   7.5113124e-02
   7.5154425e-02
   7.5191290e-02
   7.5242334e-02
   7.5288779e-02
   7.5321590e-02
   7.5362104e-02
   7.5418427e-02
   7.5464314e-02
   7.5497996e-02
   7.5546874e-02
   7.5574612e-02
   7.5608340e-02
   7.5649196e-02
   7.5679453e-02
   7.5748096e-02
   7.5807322e-02
   7.5855189e-02
   7.5900681e-02
   7.5936507e-02
   7.5964614e-02
   7.6007315e-02
   7.6030915e-02
   7.6076822e-02
   7.6114524e-02
   7.6163601e-02
   7.6187435e-02
   7.6222783e-02
   7.6271453e-02
   7.6330542e-02
   7.6369048e-02
   7.6413248e-02
   7.6442951e-02
   7.6478764e-02
   7.6512016e-02
   7.6543146e-02
   7.6581494e-02
   7.6634090e-02
   7.6667738e-02
   7.6719252e-02
   7.6778171e-02
   7.6809783e-02
   7.6854440e-02
   7.6883573e-02
   7.6920348e-02
   7.6962588e-02
   7.7014032e-02
   7.7075369e-02
   7.7100742e-02
   7.7142892e-02
   7.7194603e-02
   7.7251193e-02
   7.7295529e-02
   7.7343473e-02
   7.7384107e-02
   7.7397151e-02
   7.7438862e-02
   7.7478026e-02
   7.7510514e-02
   7.7557434e-02
   7.7603963e-02
   7.7657916e-02
   7.7689597e-02
   7.7728042e-02
   7.7792369e-02
   7.7826428e-02
   7.7878100e-02
   7.7928790e-02
   7.7982839e-02
   7.8021306e-02
   7.8049138e-02
   7.8084970e-02
   7.8130502e-02
   7.8180125e-02
   7.8227494e-02
   7.8269138e-02
   7.8329244e-02
   7.8365356e-02
   7.8410787e-02
   7.8455834e-02
   7.8478552e-02
   7.8498958e-02
   7.8524397e-02
   7.8558917e-02
   7.8607117e-02
   7.8665288e-02
   7.8729187e-02
   7.8772072e-02
   7.8820689e-02
   7.8878747e-02
   7.8927231e-02
   7.8960117e-02
   7.9003504e-02
   7.9042721e-02
   7.9092496e-02
   7.9120035e-02
   7.9168243e-02
   7.9204413e-02
   7.9223844e-02
   7.9266872e-02
   7.9292914e-02
   7.9326972e-02
   7.9369483e-02
   7.9409091e-02
   7.9441448e-02
   7.9493916e-02
   7.9526147e-02
   7.9580770e-02
   7.9605001e-02
   7.9640794e-02
   7.9686365e-02
   7.9721721e-02
   7.9782308e-02
   7.9823122e-02
   7.9867707e-02
   7.9897943e-02
   7.9953135e-02
   8.0001783e-02
   8.0061177e-02
   8.0104291e-02
   8.0141119e-02
   8.0176941e-02
   8.0195024e-02
   8.0231392e-02
   8.0267335e-02
   8.0308522e-02
   8.0357497e-02
   8.0409698e-02
   8.0472296e-02
   8.0517834e-02
   8.0566736e-02
   8.0606059e-02
   8.0638066e-02
   8.0695642e-02
   8.0739788e-02
   8.0769662e-02
   8.0810045e-02
   8.0861263e-02
   8.0887943e-02
   8.0926200e-02
   8.0971303e-02
   8.1014467e-02
   8.1057983e-02
   8.1115066e-02
   8.1133015e-02
   8.1167821e-02
   8.1208954e-02
   8.1254264e-02
   8.1289056e-02
   8.1311679e-02
   8.1354668e-02
   8.1382548e-02
   8.1412932e-02
   8.1460885e-02
   8.1493515e-02
   8.1542201e-02
   8.1578637e-02
   8.1607831e-02
   8.1659662e-02
   8.1715989e-02
   8.1757063e-02
   8.1803118e-02
   8.1845616e-02
   8.1896398e-02
   8.1964053e-02
   8.1996275e-02
   8.2037434e-02
   8.2098533e-02
   8.2152936e-02
   8.2196135e-02
   8.2247833e-02
   8.2302207e-02
   8.2335136e-02
   8.2400393e-02
   8.2446289e-02
   8.2501264e-02
   8.2528019e-02
   8.2556253e-02
   8.2579537e-02
   8.2634048e-02
   8.2655839e-02
   8.2689507e-02
   8.2726285e-02
   8.2751242e-02
   8.2793533e-02
   8.2855684e-02
   8.2912863e-02
   8.2935779e-02
   8.2976196e-02
   8.3038389e-02
   8.3071797e-02
   8.3130017e-02
   8.3172756e-02
   8.3208351e-02
   8.3239124e-02
   8.3284474e-02
   8.3336332e-02
   8.3400634e-02
   8.3456778e-02
   8.3503038e-02
   8.3549938e-02
   8.3603021e-02
   8.3665585e-02
   8.3718889e-02
   8.3746553e-02
   8.3762066e-02
   8.3796621e-02
   8.3845439e-02
   8.3897583e-02
   8.3937450e-02
   8.3974697e-02
   8.4018006e-02
   8.4065498e-02
   8.4120754e-02
   8.4176857e-02
   8.4247323e-02
   8.4305001e-02
   8.4346566e-02
   8.4427552e-02
   8.4473150e-02
   8.4527177e-02
   8.4593457e-02
   8.4622730e-02
   8.4658759e-02
   8.4682263e-02
   8.4703187e-02
   8.4761550e-02
   8.4801686e-02
   8.4842960e-02
   8.4887519e-02
   8.4912875e-02
   8.4962500e-02
   8.5027869e-02
   8.5064149e-02
   8.5095571e-02
   8.5131778e-02
   8.5172637e-02
   8.5236594e-02
   8.5269759e-02
   8.5340579e-02
   8.5393851e-02
   8.5446884e-02
   8.5506743e-02
   8.5547909e-02
   8.5570764e-02
   8.5597072e-02
   8.5655227e-02
   8.5708163e-02
   8.5759330e-02
   8.5814386e-02
   8.5848632e-02
   8.5877157e-02
   8.5913544e-02
   8.5940726e-02
   8.5989339e-02
   8.6047137e-02
   8.6087669e-02
   8.6116170e-02
   8.6152728e-02
   8.6207419e-02
   8.6278996e-02
   8.6338464e-02
   8.6380942e-02
   8.6425600e-02
   8.6464894e-02
   8.6516220e-02
   8.6568950e-02
   8.6600114e-02
   8.6667441e-02
   8.6730230e-02
   8.6774313e-02
   8.6823437e-02
   8.6849687e-02
   8.6876733e-02
   8.6922942e-02
   8.6979286e-02
   8.7032365e-02
   8.7089656e-02
   8.7121654e-02
   8.7186192e-02
   8.7239155e-02
   8.7279038e-02
   8.7334013e-02
   8.7368457e-02
   8.7401159e-02
   8.7439255e-02
   8.7507703e-02
   8.7576129e-02
   8.7610275e-02
   8.7667742e-02
   8.7714602e-02
   8.7755821e-02
   8.7801520e-02
   8.7851056e-02
   8.7893119e-02
   8.7938650e-02
   8.7972756e-02
   8.8015499e-02
   8.8059611e-02
   8.8084321e-02
   8.8125800e-02
   8.8176369e-02
   8.8207791e-02
   8.8222395e-02
   8.8254476e-02
   8.8310124e-02
   8.8361894e-02
   8.8409049e-02
   8.8456375e-02
   8.8519420e-02
   8.8570165e-02
   8.8603754e-02
   8.8639265e-02
   8.8675279e-02
   8.8726149e-02
   8.8743953e-02
   8.8787266e-02
   8.8837264e-02
   8.8873705e-02
   8.8916711e-02
   8.8953224e-02
   8.8988313e-02
   8.9037543e-02
   8.9083021e-02
   8.9131107e-02
   8.9154317e-02
   8.9220219e-02
   8.9267808e-02
   8.9324244e-02
   8.9358711e-02
   8.9389637e-02
   8.9410973e-02
   8.9451453e-02
   8.9493453e-02
   8.9539733e-02
   8.9573379e-02
   8.9586266e-02
   8.9638081e-02
   8.9695098e-02
   8.9726165e-02
   8.9762246e-02
   8.9801241e-02
   8.9842535e-02
   8.9879682e-02
   8.9911357e-02
   8.9954886e-02
   9.0012922e-02
   9.0058628e-02
   9.0104407e-02
   9.0161497e-02
   9.0218795e-02
   9.0264518e-02
   9.0299196e-02
   9.0331056e-02
   9.0363652e-02
   9.0413052e-02
   9.0461228e-02
   9.0492454e-02
   9.0541164e-02
   9.0599417e-02
   9.0669629e-02
   9.0718454e-02
   9.0758817e-02
   9.0798195e-02
   9.0821872e-02
   9.0834739e-02
   9.0878535e-02
   9.0902145e-02
   9.0943470e-02
   9.1001699e-02
   9.1047897e-02
   9.1104241e-02
   9.1151867e-02
   9.1207262e-02
   9.1259173e-02
   9.1323874e-02
   9.1365080e-02
   9.1388051e-02
   9.1424705e-02
   9.1444935e-02
   9.1492798e-02
   9.1547348e-02
   9.1614227e-02
   9.1653969e-02
   9.1682178e-02
   9.1728480e-02
   9.1778529e-02
   9.1790602e-02
   9.1848713e-02
   9.1898336e-02
   9.1943644e-02
   9.1997785e-02
   9.2028183e-02
   9.2073601e-02
   9.2120966e-02
   9.2150524e-02
   9.2198701e-02
   9.2251638e-02
   9.2300584e-02
   9.2342909e-02
   9.2382357e-02
   9.2405215e-02
   9.2428741e-02
   9.2462477e-02
   9.2514691e-02
   9.2548278e-02
   9.2601026e-02
   9.2636068e-02
   9.2694498e-02
   9.2768035e-02
   9.2842313e-02
   9.2868824e-02
   9.2892260e-02
   9.2929161e-02
   9.2991770e-02
   9.3030552e-02
   9.3066733e-02
   9.3122977e-02
   9.3173428e-02
   9.3203876e-02
   9.3261122e-02
   9.3305046e-02
   9.3332260e-02
   9.3372852e-02
   9.3422335e-02
   9.3471949e-02
   9.3522562e-02
   9.3579944e-02
   9.3632259e-02
   9.3686166e-02
   9.3721196e-02
   9.3783891e-02
   9.3849383e-02
   9.3898568e-02
   9.3965754e-02
   9.4008800e-02
   9.4053824e-02
   9.4111164e-02
   9.4157990e-02
   9.4202253e-02
   9.4243479e-02
   9.4287908e-02
   9.4333120e-02
   9.4369305e-02
   9.4408065e-02
   9.4466980e-02
   9.4508674e-02
   9.4547238e-02
   9.4594093e-02
   9.4630671e-02
   9.4655132e-02
   9.4688852e-02
   9.4735506e-02
   9.4778495e-02
   9.4850907e-02
   9.4901503e-02
   9.4944016e-02
   9.4995894e-02
   9.5035077e-02
   9.5058272e-02
   9.5100660e-02
   9.5137408e-02
   9.5173403e-02
   9.5221352e-02
   9.5253201e-02
   9.5312345e-02
   9.5377873e-02
   9.5438902e-02
   9.5490895e-02
   9.5556985e-02
   9.5625223e-02
   9.5679600e-02
   9.5712394e-02
   9.5737564e-02
   9.5792233e-02
   9.5833049e-02
   9.5879844e-02
   9.5920128e-02
   9.5953505e-02
   9.5989265e-02
   9.6033431e-02
   9.6057225e-02
   9.6092714e-02
   9.6159032e-02
   9.6212646e-02
   9.6288398e-02
   9.6350564e-02
   9.6391911e-02
   9.6433777e-02
   9.6499941e-02
   9.6518171e-02
   9.6566931e-02
   9.6598507e-02
   9.6653810e-02
   9.6680097e-02
   9.6735772e-02
   9.6754629e-02
   9.6794090e-02
   9.6853387e-02
   9.6891573e-02
   9.6954634e-02
   9.7012515e-02
   9.7051933e-02
   9.7091034e-02
   9.7122705e-02
   9.7172839e-02
   9.7224529e-02
   9.7269117e-02
   9.7311033e-02
   9.7367459e-02
   9.7401137e-02
   9.7448907e-02
   9.7477403e-02
   9.7528518e-02
   9.7569359e-02
   9.7596732e-02
   9.7656248e-02
   9.7703715e-02
   9.7733087e-02
   9.7784624e-02
   9.7817444e-02
   9.7864673e-02
   9.7919433e-02
   9.7961795e-02
   9.8023039e-02
   9.8062495e-02
   9.8084643e-02
   9.8107445e-02
   9.8139915e-02
   9.8199871e-02
   9.8261106e-02
   9.8306268e-02
   9.8355911e-02
   9.8395373e-02
   9.8437957e-02
   9.8455509e-02
   9.8499103e-02
   9.8532524e-02
   9.8575224e-02
   9.8622514e-02
   9.8667941e-02
   9.8710871e-02
   9.8772550e-02
   9.8816133e-02
   9.8858206e-02
   9.8902528e-02
   9.8927316e-02
   9.8961766e-02
   9.8996263e-02
   9.9046543e-02
   9.9075958e-02
   9.9111517e-02
   9.9139509e-02
   9.9177493e-02
   9.9214638e-02
   9.9293151e-02
   9.9373956e-02
   9.9409909e-02
   9.9447647e-02
   9.9484719e-02
   9.9534898e-02
   9.9582002e-02
   9.9628671e-02
   9.9673836e-02
   9.9713176e-02
   9.9756593e-02
   9.9798885e-02
   9.9845671e-02
   9.9893352e-02
   9.9943152e-02
   9.9992346e-02
   1.0002854e-01
   1.0008126e-01
   1.0013774e-01
   1.0016543e-01
   1.0019278e-01
   1.0024352e-01
   1.0029293e-01
   1.0034784e-01
   1.0040669e-01
   1.0044787e-01
   1.0049834e-01
   1.0054211e-01
   1.0058161e-01
   1.0060706e-01
   1.0066268e-01
   1.0071871e-01
   1.0075611e-01
   1.0080220e-01
   1.0085354e-01
   1.0090860e-01
   1.0096969e-01
   1.0101359e-01
   1.0105468e-01
   1.0111299e-01
   1.0116883e-01
   1.0122798e-01
   1.0127150e-01
   1.0132262e-01
   1.0137205e-01
   1.0143031e-01
   1.0148144e-01
   1.0150730e-01
   1.0154428e-01
   1.0159033e-01
   1.0162169e-01
   1.0166679e-01
   1.0169585e-01
   1.0173852e-01
   1.0177489e-01
   1.0181093e-01
   1.0187098e-01
   1.0191106e-01
   1.0198022e-01
   1.0201575e-01
   1.0204818e-01
   1.0209508e-01
   1.0214425e-01
   1.0217739e-01
   1.0222438e-01
   1.0226377e-01
   1.0229521e-01
   1.0231739e-01
   1.0235179e-01
   1.0238299e-01
   1.0242170e-01
   1.0244710e-01
   1.0249178e-01
   1.0253818e-01
   1.0258088e-01
   1.0261244e-01
   1.0263695e-01
   1.0268699e-01
   1.0275551e-01
   1.0281462e-01
   1.0285571e-01
   1.0290410e-01
   1.0293936e-01
   1.0298816e-01
   1.0304894e-01
   1.0306335e-01
   1.0310676e-01
   1.0314366e-01
   1.0317634e-01
   1.0320020e-01
   1.0323935e-01
   1.0328819e-01
   1.0332508e-01
   1.0338130e-01
   1.0342379e-01
   1.0346770e-01
   1.0351081e-01
   1.0355147e-01
   1.0357969e-01
   1.0362766e-01
   1.0364784e-01
   1.0367728e-01
   1.0373155e-01
   1.0378520e-01
   1.0384964e-01
   1.0390229e-01
   1.0395446e-01
   1.0398318e-01
   1.0402096e-01
   1.0409605e-01
   1.0415149e-01
   1.0420568e-01
   1.0425701e-01
   1.0429198e-01
   1.0431019e-01
   1.0435691e-01
   1.0440275e-01
   1.0444925e-01
   1.0448352e-01
   1.0451936e-01
   1.0456743e-01
   1.0462488e-01
   1.0466209e-01
   1.0470674e-01
   1.0474194e-01
   1.0479379e-01
   1.0484535e-01
   1.0486444e-01
   1.0491514e-01
   1.0497522e-01
   1.0499377e-01
   1.0504205e-01
   1.0509523e-01
   1.0514664e-01
   1.0517188e-01
   1.0522229e-01
   1.0526015e-01
   1.0530822e-01
   1.0535891e-01
   1.0541489e-01
   1.0546524e-01
   1.0551801e-01
   1.0556270e-01
   1.0560275e-01
   1.0564214e-01
   1.0568112e-01
   1.0571902e-01
   1.0575121e-01
   1.0577122e-01
   1.0583024e-01
   1.0587842e-01
   1.0591985e-01
   1.0596734e-01
   1.0598807e-01
   1.0603943e-01
   1.0607282e-01
   1.0610798e-01
   1.0614570e-01
   1.0618944e-01
   1.0623334e-01
   1.0626978e-01
   1.0630510e-01
   1.0633129e-01
   1.0638829e-01
   1.0644744e-01
   1.0650485e-01
   1.0655105e-01
   1.0660618e-01
   1.0665696e-01
   1.0670808e-01
   1.0674600e-01
   1.0680990e-01
   1.0684622e-01
   1.0688672e-01
   1.0693607e-01
   1.0697674e-01
   1.0700992e-01
   1.0701944e-01
   1.0706794e-01
   1.0711162e-01
   1.0716522e-01
   1.0720719e-01
   1.0725546e-01
   1.0726470e-01
   1.0731598e-01
   1.0737659e-01
   1.0744000e-01
   1.0747892e-01
   1.0751005e-01
   1.0755230e-01
   1.0758272e-01
   1.0762512e-01
   1.0766883e-01
   1.0772752e-01
   1.0775268e-01
   1.0780329e-01
   1.0784703e-01
   1.0789716e-01
   1.0793814e-01
   1.0796935e-01
   1.0802801e-01
   1.0807465e-01
   1.0813371e-01
   1.0820213e-01
   1.0824746e-01
   1.0829026e-01
   1.0834606e-01
   1.0839999e-01
   1.0845998e-01
   1.0851729e-01
   1.0857589e-01
   1.0862880e-01
   1.0866783e-01
   1.0871975e-01
   1.0887803e-01
   1.0897852e-01
   1.0908392e-01
   1.0921792e-01
   1.0929699e-01
   1.0937165e-01
   1.0945548e-01
   1.0951881e-01
   1.0959570e-01
   1.0970778e-01
   1.0979648e-01
   1.0990581e-01
   1.0996346e-01
   1.1005222e-01
   1.1013828e-01
   1.1022644e-01
   1.1030479e-01
   1.1038935e-01
   1.1050170e-01
   1.1053168e-01
   1.1057505e-01
   1.1067303e-01
   1.1077283e-01
   1.1086277e-01
   1.1098737e-01
   1.1103779e-01
   1.1110575e-01
   1.1114405e-01
   1.1123713e-01
   1.1131093e-01
   1.1139339e-01
   1.1152502e-01
   1.1158828e-01
   1.1162486e-01
   1.1172238e-01
   1.1180868e-01
   1.1194577e-01
   1.1205091e-01
   1.1217314e-01
   1.1227407e-01
   1.1237158e-01
   1.1244456e-01
   1.1251045e-01
   1.1258855e-01
   1.1271054e-01
   1.1276500e-01
   1.1285380e-01
   1.1294492e-01
   1.1297046e-01
   1.1304841e-01
   1.1312191e-01
   1.1323474e-01
   1.1330477e-01
   1.1340908e-01
   1.1352764e-01
   1.1360821e-01
   1.1376046e-01
   1.1386422e-01
   1.1397926e-01
   1.1410170e-01
   1.1419441e-01
   1.1429374e-01
   1.1436655e-01
   1.1444220e-01
   1.1449823e-01
   1.1457569e-01
   1.1467681e-01
   1.1474139e-01
   1.1478136e-01
   1.1491256e-01
   1.1501943e-01
   1.1512210e-01
   1.1520318e-01
   1.1528764e-01
   1.1537842e-01
   1.1546364e-01
   1.1553966e-01
   1.1562765e-01
   1.1576100e-01
   1.1582573e-01
   1.1589154e-01
   1.1598710e-01
   1.1606750e-01
   1.1615941e-01
   1.1625894e-01
   1.1637117e-01
   1.1649496e-01
   1.1656823e-01
   1.1663380e-01
   1.1671511e-01
   1.1679631e-01
   1.1682854e-01
   1.1690487e-01
   1.1697799e-01
   1.1708752e-01
   1.1715898e-01
   1.1724888e-01
   1.1731040e-01
   1.1736566e-01
   1.1745434e-01
   1.1750377e-01
   1.1755604e-01
   1.1763278e-01
   1.1773011e-01
   1.1780891e-01
   1.1791986e-01
   1.1806250e-01
   1.1815333e-01
   1.1821092e-01
   1.1829352e-01
   1.1833703e-01
   1.1841990e-01
   1.1854903e-01
   1.1863178e-01
   1.1871786e-01
   1.1883692e-01
   1.1890990e-01
   1.1899847e-01
   1.1907833e-01
   1.1919455e-01
   1.1928343e-01
   1.1935719e-01
   1.1942053e-01
   1.1952764e-01
   1.1962150e-01
   1.1969309e-01
   1.1974118e-01
   1.1982411e-01
   1.1992075e-01
   1.2004150e-01
   1.2013855e-01
   1.2018974e-01
   1.2027104e-01
   1.2036544e-01
   1.2045058e-01
   1.2053275e-01
   1.2062391e-01
   1.2073951e-01
   1.2084328e-01
   1.2091163e-01
   1.2095598e-01
   1.2101715e-01
   1.2115485e-01
   1.2120796e-01
   1.2127068e-01
   1.2135387e-01
   1.2146878e-01
   1.2152582e-01
   1.2162166e-01
   1.2168426e-01
   1.2173579e-01
   1.2181505e-01
   1.2191091e-01
   1.2195539e-01
   1.2207388e-01
   1.2214494e-01
   1.2225820e-01
   1.2236012e-01
   1.2244041e-01
   1.2253779e-01
   1.2260535e-01
   1.2268541e-01
   1.2283125e-01
   1.2290606e-01
   1.2297786e-01
   1.2306173e-01
   1.2316732e-01
   1.2328387e-01
   1.2338569e-01
   1.2348734e-01
   1.2354562e-01
   1.2363561e-01
   1.2370257e-01
   1.2379163e-01
   1.2388929e-01
   1.2397971e-01
   1.2405925e-01
   1.2419611e-01
   1.2426201e-01
   1.2438479e-01
   1.2446407e-01
   1.2455943e-01
   1.2464284e-01
   1.2476955e-01
   1.2485690e-01
   1.2495202e-01
   1.2501027e-01
   1.2508103e-01
   1.2521973e-01
   1.2535167e-01
   1.2547212e-01
   1.2556534e-01
   1.2562008e-01
   1.2573420e-01
   1.2577308e-01
   1.2587978e-01
   1.2600359e-01
   1.2610192e-01
   1.2617099e-01
   1.2625310e-01
   1.2636578e-01
   1.2645158e-01
   1.2651054e-01
   1.2660903e-01
   1.2665638e-01
   1.2676211e-01
   1.2687233e-01
   1.2697699e-01
   1.2706404e-01
   1.2715609e-01
   1.2726436e-01
   1.2740178e-01
   1.2749601e-01
   1.2756257e-01
   1.2766662e-01
   1.2776491e-01
   1.2790579e-01
   1.2800526e-01
   1.2812579e-01
   1.2822775e-01
   1.2829129e-01
   1.2839039e-01
   1.2850115e-01
   1.2860746e-01
   1.2870786e-01
   1.2877358e-01
   1.2882430e-01
   1.2887850e-01
   1.2899092e-01
   1.2905206e-01
   1.2910375e-01
   1.2916942e-01
   1.2929395e-01
   1.2938574e-01
   1.2947973e-01
   1.2952839e-01
   1.2959702e-01
   1.2967040e-01
   1.2979059e-01
   1.2988511e-01
   1.3003191e-01
   1.3016421e-01
   1.3026779e-01
   1.3035410e-01
   1.3045690e-01
   1.3057487e-01
   1.3069952e-01
   1.3082651e-01
   1.3094510e-01
   1.3098229e-01
   1.3105348e-01
   1.3111463e-01
   1.3119684e-01
   1.3129583e-01
   1.3138016e-01
   1.3150478e-01
   1.3161652e-01
   1.3172605e-01
   1.3182302e-01
   1.3189099e-01
   1.3197253e-01
   1.3209828e-01
   1.3218255e-01
   1.3223899e-01
   1.3228140e-01
   1.3233060e-01
   1.3242592e-01
   1.3253758e-01
   1.3264197e-01
   1.3268576e-01
   1.3273626e-01
   1.3284942e-01
   1.3291447e-01
   1.3296816e-01
   1.3301893e-01
   1.3312285e-01
   1.3324359e-01
   1.3333484e-01
   1.3342046e-01
   1.3349735e-01
   1.3361743e-01
   1.3371253e-01
   1.3378641e-01
   1.3385469e-01
   1.3389968e-01
   1.3400017e-01
   1.3408363e-01
   1.3416169e-01
   1.3426912e-01
   1.3435133e-01
   1.3444030e-01
   1.3448595e-01
   1.3456968e-01
   1.3461287e-01
   1.3471560e-01
   1.3480880e-01
   1.3490851e-01
   1.3497028e-01
   1.3502325e-01
   1.3510234e-01
   1.3521367e-01
   1.3530584e-01
   1.3539592e-01
   1.3548679e-01
   1.3557593e-01
   1.3566639e-01
   1.3579558e-01
   1.3592796e-01
   1.3602480e-01
   1.3611058e-01
   1.3618878e-01
   1.3630355e-01
   1.3644795e-01
   1.3653889e-01
   1.3659405e-01
   1.3668389e-01
   1.3677054e-01
   1.3685716e-01
   1.3694588e-01
   1.3702058e-01
   1.3708355e-01
   1.3714428e-01
   1.3721921e-01
   1.3731629e-01
   1.3738198e-01
   1.3745819e-01
   1.3757831e-01
   1.3768084e-01
   1.3781040e-01
   1.3789569e-01
   1.3799660e-01
   1.3808687e-01
   1.3817435e-01
   1.3828417e-01
   1.3839251e-01
   1.3847263e-01
   1.3858203e-01
   1.3862776e-01
   1.3872917e-01
   1.3881329e-01
   1.3887370e-01
   1.3897121e-01
   1.3900336e-01
   1.3908801e-01
   1.3914795e-01
   1.3918308e-01
   1.3931313e-01
   1.3943554e-01
   1.3956849e-01
   1.3969956e-01
   1.3977673e-01
   1.3988377e-01
   1.3995684e-01
   1.4001922e-01
   1.4009220e-01
   1.4021136e-01
   1.4030392e-01
   1.4036339e-01
   1.4045861e-01
   1.4059624e-01
   1.4067065e-01
   1.4074687e-01
   1.4081853e-01
   1.4087356e-01
   1.4095350e-01
   1.4103263e-01
   1.4112150e-01
   1.4121515e-01
   1.4129833e-01
   1.4137434e-01
   1.4147377e-01
   1.4157566e-01
   1.4161365e-01
   1.4171590e-01
   1.4183736e-01
   1.4190700e-01
   1.4200158e-01
   1.4209239e-01
   1.4213934e-01
   1.4225252e-01
   1.4238268e-01
   1.4245583e-01
   1.4250515e-01
   1.4256069e-01
   1.4266605e-01
   1.4277388e-01
   1.4283333e-01
   1.4292245e-01
   1.4303354e-01
   1.4308413e-01
   1.4317240e-01
   1.4323399e-01
   1.4331270e-01
   1.4338326e-01
   1.4343891e-01
   1.4351617e-01
   1.4362776e-01
   1.4374329e-01
   1.4385595e-01
   1.4398585e-01
   1.4406998e-01
   1.4415902e-01
   1.4424488e-01
   1.4438171e-01
   1.4450806e-01
   1.4454288e-01
   1.4463313e-01
   1.4466427e-01
   1.4472401e-01
   1.4484716e-01
   1.4491680e-01
   1.4495480e-01
   1.4500030e-01
   1.4508069e-01
   1.4517633e-01
   1.4525060e-01
   1.4534237e-01
   1.4542642e-01
   1.4548612e-01
   1.4554437e-01
   1.4561545e-01
   1.4572884e-01
   1.4582735e-01
   1.4591134e-01
   1.4599482e-01
   1.4609851e-01
   1.4616251e-01
   1.4622474e-01
   1.4635709e-01
   1.4645122e-01
   1.4654753e-01
   1.4663485e-01
   1.4670634e-01
   1.4680377e-01
   1.4687387e-01
   1.4693577e-01
   1.4703956e-01
   1.4712561e-01
   1.4721772e-01
   1.4730940e-01
   1.4741294e-01
   1.4746965e-01
   1.4755996e-01
   1.4761065e-01
   1.4771977e-01
   1.4774523e-01
   1.4784365e-01
   1.4793887e-01
   1.4797730e-01
   1.4804428e-01
   1.4814097e-01
   1.4827206e-01
   1.4836349e-01
   1.4844469e-01
   1.4853171e-01
   1.4862020e-01
   1.4869497e-01
   1.4880432e-01
   1.4888466e-01
   1.4892628e-01
   1.4901417e-01
   1.4910241e-01
   1.4920155e-01
   1.4930188e-01
   1.4938562e-01
   1.4949795e-01
   1.4957223e-01
   1.4963264e-01
   1.4975557e-01
   1.4982723e-01
   1.4992108e-01
   1.5004057e-01
   1.5008759e-01
   1.5020337e-01
   1.5029848e-01
   1.5040585e-01
   1.5048064e-01
   1.5054677e-01
   1.5062450e-01
   1.5072050e-01
   1.5084938e-01
   1.5097170e-01
   1.5101355e-01
   1.5111223e-01
   1.5120871e-01
   1.5127114e-01
   1.5134358e-01
   1.5144455e-01
   1.5153815e-01
   1.5159397e-01
   1.5164074e-01
   1.5172714e-01
   1.5185086e-01
   1.5194271e-01
   1.5205223e-01
   1.5213161e-01
   1.5218223e-01
   1.5224956e-01
   1.5238130e-01
   1.5247177e-01
   1.5255792e-01
   1.5266859e-01
   1.5274474e-01
   1.5282026e-01
   1.5293940e-01
   1.5303722e-01
   1.5313587e-01
   1.5322546e-01
   1.5329253e-01
   1.5337408e-01
   1.5340938e-01
   1.5349967e-01
   1.5354028e-01
   1.5361739e-01
   1.5368548e-01
   1.5380643e-01
   1.5393567e-01
   1.5403219e-01
   1.5411430e-01
   1.5420912e-01
   1.5429721e-01
   1.5438258e-01
   1.5449327e-01
   1.5458100e-01
   1.5468514e-01
   1.5476552e-01
   1.5487894e-01
   1.5498944e-01
   1.5506161e-01
   1.5514305e-01
   1.5522111e-01
   1.5532280e-01
   1.5540557e-01
   1.5553046e-01
   1.5562147e-01
   1.5569323e-01
   1.5575571e-01
   1.5586884e-01
   1.5596463e-01
   1.5606526e-01
   1.5617645e-01
   1.5628832e-01
   1.5638888e-01
   1.5646652e-01
   1.5651960e-01
   1.5658500e-01
   1.5662316e-01
   1.5669101e-01
   1.5677733e-01
   1.5686457e-01
   1.5695911e-01
   1.5708755e-01
   1.5715855e-01
   1.5725326e-01
   1.5734611e-01
   1.5742991e-01
   1.5748402e-01
   1.5758286e-01
   1.5767697e-01
   1.5776652e-01
   1.5789478e-01
   1.5798540e-01
   1.5808333e-01
   1.5817065e-01
   1.5824829e-01
   1.5832145e-01
   1.5841231e-01
   1.5848568e-01
   1.5857868e-01
   1.5868946e-01
   1.5882832e-01
   1.5888419e-01
   1.5896308e-01
   1.5900917e-01
   1.5908609e-01
   1.5914174e-01
   1.5919880e-01
   1.5925370e-01
   1.5933573e-01
   1.5941700e-01
   1.5951159e-01
   1.5957613e-01
   1.5964982e-01
   1.5976571e-01
   1.5989474e-01
   1.5999764e-01
   1.6005643e-01
   1.6015275e-01
   1.6023516e-01
   1.6033983e-01
   1.6043329e-01
   1.6052339e-01
   1.6065228e-01
   1.6074273e-01
   1.6083761e-01
   1.6093440e-01
   1.6099865e-01
   1.6105404e-01
   1.6108985e-01
   1.6119776e-01
   1.6129183e-01
   1.6138332e-01
   1.6146638e-01
   1.6154922e-01
   1.6166148e-01
   1.6173249e-01
   1.6183595e-01
   1.6190843e-01
   1.6195589e-01
   1.6202822e-01
   1.6210800e-01
   1.6222381e-01
   1.6227023e-01
   1.6233121e-01
   1.6237400e-01
   1.6247628e-01
   1.6259869e-01
   1.6268149e-01
   1.6278512e-01
   1.6287725e-01
   1.6293259e-01
   1.6302507e-01
   1.6314317e-01
   1.6323204e-01
   1.6331496e-01
   1.6343389e-01
   1.6354190e-01
   1.6361011e-01
   1.6369809e-01
   1.6376582e-01
   1.6386898e-01
   1.6391784e-01
   1.6399253e-01
   1.6408313e-01
   1.6418086e-01
   1.6428852e-01
   1.6436368e-01
   1.6445348e-01
   1.6453181e-01
   1.6461547e-01
   1.6466218e-01
   1.6474274e-01
   1.6481357e-01
   1.6488349e-01
   1.6497897e-01
   1.6509473e-01
   1.6512803e-01
   1.6523719e-01
   1.6533212e-01
   1.6539974e-01
   1.6552703e-01
   1.6561093e-01
   1.6570993e-01
   1.6576830e-01
   1.6584167e-01
   1.6591323e-01
   1.6595698e-01
   1.6607090e-01
   1.6615826e-01
   1.6622960e-01
   1.6628615e-01
   1.6637237e-01
   1.6651637e-01
   1.6661196e-01
   1.6668735e-01
   1.6678548e-01
   1.6686271e-01
   1.6694524e-01
   1.6703657e-01
   1.6713103e-01
   1.6719683e-01
   1.6731224e-01
   1.6739925e-01
   1.6748300e-01
   1.6759426e-01
   1.6768844e-01
   1.6779489e-01
   1.6787486e-01
   1.6792709e-01
   1.6799798e-01
   1.6805148e-01
   1.6814027e-01
   1.6822460e-01
   1.6833630e-01
   1.6840439e-01
   1.6845833e-01
   1.6851238e-01
   1.6856352e-01
   1.6867647e-01
   1.6878504e-01
   1.6890132e-01
   1.6898498e-01
   1.6908412e-01
   1.6914592e-01
   1.6921316e-01
   1.6926113e-01
   1.6935662e-01
   1.6946632e-01
   1.6953089e-01
   1.6958456e-01
   1.6966929e-01
   1.6974859e-01
   1.6983240e-01
   1.6992084e-01
   1.6999110e-01
   1.7004269e-01
   1.7012136e-01
   1.7021428e-01
   1.7033008e-01
   1.7045179e-01
   1.7053247e-01
   1.7060203e-01
   1.7070859e-01
   1.7080805e-01
   1.7084406e-01
   1.7091387e-01
   1.7095800e-01
   1.7103511e-01
   1.7106373e-01
   1.7115974e-01
   1.7128694e-01
   1.7133785e-01
   1.7145760e-01
   1.7155671e-01
   1.7165490e-01
   1.7177201e-01
   1.7181304e-01
   1.7189967e-01
   1.7192397e-01
   1.7200212e-01
   1.7209626e-01
   1.7216797e-01
   1.7225409e-01
   1.7234440e-01
   1.7247547e-01
   1.7255981e-01
   1.7264715e-01
   1.7273787e-01
   1.7278331e-01
   1.7289860e-01
   1.7299907e-01
   1.7309333e-01
   1.7316991e-01
   1.7328864e-01
   1.7336478e-01
   1.7348479e-01
   1.7359799e-01
   1.7363213e-01
   1.7373633e-01
   1.7384361e-01
   1.7394124e-01
   1.7405474e-01
   1.7418534e-01
   1.7428412e-01
   1.7437128e-01
   1.7450183e-01
   1.7458402e-01
   1.7469077e-01
   1.7474159e-01
   1.7483885e-01
   1.7493135e-01
   1.7501308e-01
   1.7510952e-01
   1.7521408e-01
   1.7529282e-01
   1.7536248e-01
   1.7543406e-01
   1.7549736e-01
   1.7561333e-01
   1.7573531e-01
   1.7580681e-01
   1.7586192e-01
   1.7593887e-01
   1.7603753e-01
   1.7612652e-01
   1.7622159e-01
   1.7631604e-01
   1.7638411e-01
   1.7650565e-01
   1.7659199e-01
   1.7669476e-01
   1.7677245e-01
   1.7682043e-01
   1.7690701e-01
   1.7699130e-01
   1.7705564e-01
   1.7713416e-01
   1.7723276e-01
   1.7731397e-01
   1.7741287e-01
   1.7751539e-01
   1.7758408e-01
   1.7764025e-01
   1.7766822e-01
   1.7777897e-01
   1.7786385e-01
   1.7795318e-01
   1.7800414e-01
   1.7805537e-01
   1.7811419e-01
   1.7819092e-01
   1.7829997e-01
   1.7842348e-01
   1.7851256e-01
   1.7861089e-01
   1.7871674e-01
   1.7879975e-01
   1.7889315e-01
   1.7897358e-01
   1.7906494e-01
   1.7914801e-01
   1.7923995e-01
   1.7932618e-01
   1.7937431e-01
   1.7947140e-01
   1.7955637e-01
   1.7967665e-01
   1.7977648e-01
   1.7984742e-01
   1.7997977e-01
   1.8005572e-01
   1.8014029e-01
   1.8025516e-01
   1.8036746e-01
   1.8043821e-01
   1.8051633e-01
   1.8057762e-01
   1.8063855e-01
   1.8066009e-01
   1.8071612e-01
   1.8078557e-01
   1.8087356e-01
   1.8099813e-01
   1.8108481e-01
   1.8116068e-01
   1.8127468e-01
   1.8132884e-01
   1.8144829e-01
   1.8150099e-01
   1.8155348e-01
   1.8163679e-01
   1.8171624e-01
   1.8180303e-01
   1.8183619e-01
   1.8191502e-01
   1.8198211e-01
   1.8207201e-01
   1.8214887e-01
   1.8224522e-01
   1.8233046e-01
   1.8242110e-01
   1.8251366e-01
   1.8257989e-01
   1.8267548e-01
   1.8270465e-01
   1.8281914e-01
   1.8287313e-01
   1.8299909e-01
   1.8308511e-01
   1.8315533e-01
   1.8325382e-01
   1.8333889e-01
   1.8338993e-01
   1.8344609e-01
   1.8357371e-01
   1.8364653e-01
   1.8372617e-01
   1.8383651e-01
   1.8392182e-01
   1.8402932e-01
   1.8410943e-01
   1.8422594e-01
   1.8430604e-01
   1.8438603e-01
   1.8450192e-01
   1.8457864e-01
   1.8466295e-01
   1.8471080e-01
   1.8478077e-01
   1.8488682e-01
   1.8502157e-01
   1.8512801e-01
   1.8524397e-01
   1.8536786e-01
   1.8542601e-01
   1.8547774e-01
   1.8557072e-01
   1.8566843e-01
   1.8577401e-01
   1.8588866e-01
   1.8594482e-01
   1.8600278e-01
   1.8606423e-01
   1.8611939e-01
   1.8619973e-01
   1.8628126e-01
   1.8637183e-01
   1.8647380e-01
   1.8655078e-01
   1.8666867e-01
   1.8677255e-01
   1.8685823e-01
   1.8698006e-01
   1.8704480e-01
   1.8712572e-01
   1.8721455e-01
   1.8730522e-01
   1.8747723e-01
   1.8758552e-01
   1.8770396e-01
   1.8780749e-01
   1.8788641e-01
   1.8799158e-01
   1.8806615e-01
   1.8812732e-01
   1.8825078e-01
   1.8837105e-01
   1.8843516e-01
   1.8852427e-01
   1.8861399e-01
   1.8872674e-01
   1.8877661e-01
   1.8888441e-01
   1.8893613e-01
   1.8906205e-01
   1.8917711e-01
   1.8927101e-01
   1.8937574e-01
   1.8945078e-01
   1.8957436e-01
   1.8969210e-01
   1.8979263e-01
   1.8986947e-01
   1.8997676e-01
   1.9008758e-01
   1.9014047e-01
   1.9019379e-01
   1.9027257e-01
   1.9037458e-01
   1.9043106e-01
   1.9052096e-01
   1.9060890e-01
   1.9069716e-01
   1.9073762e-01
   1.9083291e-01
   1.9090066e-01
   1.9096692e-01
   1.9101700e-01
   1.9109311e-01
   1.9119428e-01
   1.9130247e-01
   1.9143624e-01
   1.9155724e-01
   1.9164118e-01
   1.9171134e-01
   1.9180170e-01
   1.9185078e-01
   1.9193863e-01
   1.9201178e-01
   1.9214894e-01
   1.9227916e-01
   1.9241018e-01
   1.9251236e-01
   1.9262803e-01
   1.9266590e-01
   1.9276953e-01
   1.9287006e-01
   1.9297984e-01
   1.9309754e-01
   1.9319048e-01
   1.9327243e-01
   1.9340485e-01
   1.9352487e-01
   1.9361114e-01
   1.9368370e-01
   1.9378784e-01
   1.9387128e-01
   1.9392610e-01
   1.9397884e-01
   1.9408414e-01
   1.9417816e-01
   1.9428002e-01
   1.9435049e-01
   1.9442881e-01
   1.9458631e-01
   1.9466127e-01
   1.9474449e-01
   1.9482772e-01
   1.9494211e-01
   1.9502949e-01
   1.9512584e-01
   1.9521509e-01
   1.9530154e-01
   1.9532422e-01
   1.9541012e-01
   1.9551981e-01
   1.9559767e-01
   1.9572347e-01
   1.9580470e-01
   1.9591603e-01
   1.9600868e-01
   1.9612757e-01
   1.9621517e-01
   1.9635841e-01
   1.9645598e-01
   1.9655676e-01
   1.9661731e-01
   1.9667912e-01
   1.9676134e-01
   1.9682808e-01
   1.9691799e-01
   1.9702936e-01
   1.9708644e-01
   1.9715768e-01
   1.9727147e-01
   1.9735692e-01
   1.9750022e-01
   1.9759038e-01
   1.9767549e-01
   1.9777513e-01
   1.9791667e-01
   1.9802261e-01
   1.9812673e-01
   1.9820828e-01
   1.9831700e-01
   1.9841748e-01
   1.9853543e-01
   1.9864142e-01
   1.9875339e-01
   1.9885836e-01
   1.9894613e-01
   1.9907807e-01
   1.9917802e-01
   1.9923040e-01
   1.9936345e-01
   1.9945794e-01
   1.9953217e-01
   1.9962260e-01
   1.9972555e-01
   1.9985167e-01
   1.9990911e-01
   2.0003040e-01
   2.0011017e-01
   2.0021996e-01
   2.0031846e-01
   2.0041037e-01
   2.0049722e-01
   2.0058842e-01
   2.0064137e-01
   2.0070009e-01
   2.0081006e-01
   2.0090503e-01
   2.0096939e-01
   2.0107267e-01
   2.0117402e-01
   2.0126201e-01
   2.0136074e-01
   2.0147892e-01
   2.0162066e-01
   2.0174602e-01
   2.0185757e-01
   2.0200713e-01
   2.0208424e-01
   2.0216748e-01
   2.0223587e-01
   2.0231139e-01
   2.0240774e-01
   2.0250082e-01
   2.0257241e-01
   2.0267545e-01
   2.0271750e-01
   2.0283536e-01
   2.0294675e-01
   2.0305661e-01
   2.0314393e-01
   2.0325255e-01
   2.0332899e-01
   2.0341914e-01
   2.0348768e-01
   2.0354761e-01
   2.0364415e-01
   2.0375612e-01
   2.0386867e-01
   2.0397176e-01
   2.0404280e-01
   2.0412924e-01
   2.0422910e-01
   2.0432788e-01
   2.0439589e-01
   2.0447225e-01
   2.0457350e-01
   2.0470532e-01
   2.0484755e-01
   2.0495432e-01
   2.0500806e-01
   2.0508805e-01
   2.0519169e-01
   2.0532797e-01
   2.0542874e-01
   2.0550985e-01
   2.0554097e-01
   2.0558418e-01
   2.0565677e-01
   2.0576356e-01
   2.0584883e-01
   2.0596702e-01
   2.0607279e-01
   2.0614860e-01
   2.0624060e-01
   2.0636774e-01
   2.0644392e-01
   2.0650663e-01
   2.0656413e-01
   2.0665383e-01
   2.0674936e-01
   2.0686097e-01
   2.0693772e-01
   2.0702184e-01
   2.0712099e-01
   2.0720014e-01
   2.0729080e-01
   2.0739367e-01
   2.0745875e-01
   2.0754131e-01
   2.0763549e-01
   2.0774439e-01
   2.0786462e-01
   2.0796636e-01
   2.0800657e-01
   2.0812937e-01
   2.0817508e-01
   2.0825123e-01
   2.0834188e-01
   2.0840879e-01
   2.0847508e-01
   2.0858770e-01
   2.0871078e-01
   2.0880051e-01
   2.0886411e-01
   2.0893431e-01
   2.0903556e-01
   2.0913175e-01
   2.0918814e-01
   2.0926191e-01
   2.0935013e-01
   2.0938022e-01
   2.0948612e-01
   2.0957973e-01
   2.0968575e-01
   2.0979417e-01
   2.0991560e-01
   2.1001316e-01
   2.1010010e-01
   2.1017752e-01
   2.1023638e-01
   2.1033009e-01
   2.1040141e-01
   2.1049682e-01
   2.1057302e-01
   2.1064921e-01
   2.1075120e-01
   2.1083539e-01
   2.1090784e-01
   2.1101117e-01
   2.1111498e-01
   2.1122775e-01
   2.1131735e-01
   2.1141932e-01
   2.1152768e-01
   2.1159641e-01
   2.1169980e-01
   2.1173673e-01
   2.1184356e-01
   2.1194762e-01
   2.1201222e-01
   2.1211645e-01
   2.1224809e-01
   2.1230213e-01
   2.1237361e-01
   2.1251327e-01
   2.1261301e-01
   2.1263636e-01
   2.1271011e-01
   2.1282720e-01
   2.1290233e-01
   2.1296562e-01
   2.1299999e-01
   2.1306636e-01
   2.1316072e-01
   2.1322788e-01
   2.1331583e-01
   2.1342276e-01
   2.1346823e-01
   2.1351719e-01
   2.1365110e-01
   2.1374320e-01
   2.1381471e-01
   2.1393274e-01
   2.1403469e-01
   2.1413550e-01
   2.1422912e-01
   2.1430509e-01
   2.1442696e-01
   2.1452264e-01
   2.1461895e-01
   2.1471057e-01
   2.1482869e-01
   2.1491045e-01
   2.1498794e-01
   2.1504635e-01
   2.1515841e-01
   2.1521186e-01
   2.1526397e-01
   2.1536552e-01
   2.1544415e-01
   2.1551617e-01
   2.1553252e-01
   2.1560566e-01
   2.1565310e-01
   2.1572822e-01
   2.1578696e-01
   2.1589806e-01
   2.1601803e-01
   2.1611195e-01
   2.1618372e-01
   2.1626649e-01
   2.1633623e-01
   2.1641148e-01
   2.1648625e-01
   2.1653432e-01
   2.1658132e-01
   2.1663241e-01
   2.1673978e-01
   2.1685144e-01
   2.1691652e-01
   2.1698691e-01
   2.1705337e-01
   2.1714101e-01
   2.1725418e-01
   2.1733682e-01
   2.1742718e-01
   2.1755189e-01
   2.1765508e-01
   2.1774582e-01
   2.1788104e-01
   2.1800967e-01
   2.1810669e-01
   2.1818763e-01
   2.1824432e-01
   2.1835493e-01
   2.1846006e-01
   2.1856936e-01
   2.1866444e-01
   2.1871832e-01
   2.1881446e-01
   2.1891481e-01
   2.1897733e-01
   2.1905769e-01
   2.1916830e-01
   2.1925930e-01
   2.1931407e-01
   2.1936406e-01
   2.1944949e-01
   2.1949886e-01
   2.1956909e-01
   2.1964040e-01
   2.1969240e-01
   2.1978020e-01
   2.1988124e-01
   2.1999409e-01
   2.2006611e-01
   2.2011550e-01
   2.2018094e-01
   2.2026058e-01
   2.2035020e-01
   2.2045736e-01
   2.2053853e-01
   2.2059561e-01
   2.2068426e-01
   2.2074874e-01
   2.2079748e-01
   2.2085144e-01
   2.2093167e-01
   2.2104518e-01
   2.2116171e-01
   2.2129259e-01
   2.2142208e-01
   2.2150608e-01
   2.2161193e-01
   2.2168060e-01
   2.2178897e-01
   2.2186293e-01
   2.2199301e-01
   2.2205568e-01
   2.2213116e-01
   2.2221939e-01
   2.2231438e-01
   2.2240259e-01
   2.2249371e-01
   2.2256972e-01
   2.2269443e-01
   2.2278229e-01
   2.2286241e-01
   2.2297412e-01
   2.2308330e-01
   2.2320820e-01
   2.2325255e-01
   2.2334929e-01
   2.2345828e-01
   2.2358696e-01
   2.2366011e-01
   2.2379332e-01
   2.2390765e-01
   2.2401147e-01
   2.2411490e-01
   2.2422391e-01
   2.2432759e-01
   2.2444409e-01
   2.2455376e-01
   2.2463785e-01
   2.2474569e-01
   2.2479852e-01
   2.2491155e-01
   2.2498293e-01
   2.2503159e-01
   2.2513077e-01
   2.2518680e-01
   2.2526516e-01
   2.2529262e-01
   2.2537696e-01
   2.2545523e-01
   2.2555747e-01
   2.2564533e-01
   2.2574664e-01
   2.2590456e-01
   2.2604512e-01
   2.2616764e-01
   2.2625122e-01
   2.2639578e-01
   2.2647910e-01
   2.2659880e-01
   2.2670427e-01
   2.2679677e-01
   2.2686781e-01
   2.2694194e-01
   2.2705671e-01
   2.2711638e-01
   2.2718045e-01
   2.2728413e-01
   2.2739330e-01
   2.2750518e-01
   2.2757676e-01
   2.2760992e-01
   2.2770652e-01
   2.2784605e-01
   2.2793382e-01
   2.2804484e-01
   2.2810362e-01
   2.2817947e-01
   2.2830138e-01
   2.2839167e-01
   2.2844681e-01
   2.2850238e-01
   2.2858353e-01
   2.2868470e-01
   2.2872757e-01
   2.2881965e-01
   2.2889982e-01
   2.2899087e-01
   2.2905247e-01
   2.2912959e-01
   2.2919622e-01
   2.2929349e-01
   2.2943075e-01
   2.2953680e-01
   2.2966617e-01
   2.2975167e-01
   2.2982170e-01
   2.2990515e-01
   2.2999412e-01
   2.3008831e-01
   2.3018714e-01
   2.3027449e-01
   2.3039521e-01
   2.3046822e-01
   2.3056654e-01
   2.3065823e-01
   2.3074730e-01
   2.3083112e-01
   2.3095431e-01
   2.3107834e-01
   2.3115024e-01
   2.3122553e-01
   2.3133480e-01
   2.3142733e-01
   2.3149511e-01
   2.3157842e-01
   2.3165446e-01
   2.3170640e-01
   2.3179163e-01
   2.3187725e-01
   2.3199356e-01
   2.3205651e-01
   2.3215536e-01
   2.3225642e-01
   2.3233351e-01
   2.3243976e-01
   2.3258498e-01
   2.3271263e-01
   2.3286471e-01
   2.3299350e-01
   2.3308367e-01
   2.3321195e-01
   2.3331195e-01
   2.3338282e-01
   2.3350557e-01
   2.3363906e-01
   2.3376603e-01
   2.3385543e-01
   2.3391209e-01
   2.3405677e-01
   2.3411436e-01
   2.3421525e-01
   2.3432721e-01
   2.3437412e-01
   2.3445381e-01
   2.3448985e-01
   2.3456936e-01
   2.3465701e-01
   2.3474750e-01
   2.3477965e-01
   2.3486214e-01
   2.3496674e-01
   2.3504199e-01
   2.3511331e-01
   2.3520928e-01
   2.3526848e-01
   2.3534485e-01
   2.3541115e-01
   2.3550472e-01
   2.3561744e-01
   2.3571783e-01
   2.3576080e-01
   2.3579313e-01
   2.3589066e-01
   2.3598095e-01
   2.3601640e-01
   2.3606764e-01
   2.3616562e-01
   2.3629866e-01
   2.3643704e-01
   2.3652935e-01
   2.3658287e-01
   2.3666391e-01
   2.3677081e-01
   2.3685589e-01
   2.3689388e-01
   2.3700002e-01
   2.3713100e-01
   2.3723204e-01
   2.3732492e-01
   2.3742360e-01
   2.3756375e-01
   2.3763665e-01
   2.3771453e-01
   2.3781147e-01
   2.3788500e-01
   2.3796797e-01
   2.3806572e-01
   2.3815627e-01
   2.3825318e-01
   2.3835135e-01
   2.3841706e-01
   2.3849983e-01
   2.3855309e-01
   2.3861998e-01
   2.3873541e-01
   2.3881102e-01
   2.3887119e-01
   2.3897039e-01
   2.3902570e-01
   2.3910411e-01
   2.3916272e-01
   2.3922502e-01
   2.3933456e-01
   2.3943779e-01
   2.3950638e-01
   2.3958596e-01
   2.3964866e-01
   2.3975598e-01
   2.3987730e-01
   2.3999691e-01
   2.4009021e-01
   2.4018663e-01
   2.4026764e-01
   2.4031897e-01
   2.4040787e-01
   2.4049595e-01
   2.4054482e-01
   2.4065906e-01
