   1.0115140e+00
   1.7391860e+00
   2.3170580e+00
   2.8616770e+00
   3.4016870e+00
   3.9483900e+00
   4.4980630e+00
   5.1171110e+00
   5.7565180e+00
   6.3044490e+00
   6.8475690e+00
   7.3980140e+00
   8.0553290e+00
   8.7124530e+00
   9.2641220e+00
   9.8065860e+00
   1.0350475e+01
   1.0891273e+01
   1.1433209e+01
   1.1976622e+01
   1.2522867e+01
   1.3064193e+01
   1.3603486e+01
   1.4148021e+01
   1.4694565e+01
   1.5238011e+01
   1.5783157e+01
   1.6325896e+01
   1.6867102e+01
   1.7414617e+01
   1.7959576e+01
   1.8501985e+01
   1.9045599e+01
   1.9586974e+01
   2.0129342e+01
   2.0672969e+01
   2.1213872e+01
   2.1760369e+01
   2.2303724e+01
   2.2850623e+01
   2.3393317e+01
   2.3938381e+01
   2.4486224e+01
   2.5029379e+01
   2.5574829e+01
   2.6117104e+01
   2.6655737e+01
   2.7199432e+01
   2.7745514e+01
   2.8286824e+01
   2.8829865e+01
   2.9373848e+01
   2.9916221e+01
   3.0455229e+01
   3.0998527e+01
   3.1539849e+01
   3.2083053e+01
   3.2627028e+01
   3.3171301e+01
   3.3714342e+01
   3.4258105e+01
   3.4805883e+01
   3.5351031e+01
   3.5902114e+01
   3.6448655e+01
   3.6991649e+01
   3.7537099e+01
   3.8078416e+01
   3.8622211e+01
   3.9168624e+01
   3.9714328e+01
   4.0256564e+01
   4.0797748e+01
   4.1338138e+01
   4.1881039e+01
   4.2426241e+01
   4.2971492e+01
   4.3513553e+01
   4.4051251e+01
   4.4592606e+01
   4.5141517e+01
   4.5682219e+01
   4.6229530e+01
   4.6772787e+01
   4.7319890e+01
   4.7858351e+01
   4.8399728e+01
   4.8948348e+01
   4.9487831e+01
   5.0031323e+01
   5.0569765e+01
   5.1107917e+01
   5.1653121e+01
   5.2199510e+01
   5.2746742e+01
   5.3289581e+01
   5.3836499e+01
   5.4383533e+01
   5.4928091e+01
   5.5473561e+01
   5.6022469e+01
   5.6570908e+01
   5.7120589e+01
   5.7666096e+01
   5.8210785e+01
   5.8877643e+01
   5.9433149e+01
   5.9977600e+01
   6.0518711e+01
   6.1060424e+01
   6.1601379e+01
   6.2146500e+01
   6.2685863e+01
   6.3232002e+01
   6.3773102e+01
   6.4316854e+01
   6.4862693e+01
   6.5405611e+01
   6.5949275e+01
   6.6501104e+01
   6.7045917e+01
   6.7587021e+01
   6.8127557e+01
   6.8731350e+01
   6.9392813e+01
   6.9974499e+01
   7.0516367e+01
   7.1171078e+01
   7.1799728e+01
   7.2345265e+01
   7.2885574e+01
   7.3424151e+01
   7.3966268e+01
   7.4509816e+01
   7.5045896e+01
   7.5585059e+01
   7.6132646e+01
   7.6677648e+01
   7.7224111e+01
   7.7769044e+01
   7.8310307e+01
   7.8857002e+01
   7.9399050e+01
   7.9942639e+01
   8.0486085e+01
   8.1027678e+01
   8.1574243e+01
   8.2117268e+01
   8.2658089e+01
   8.3200656e+01
   8.3749127e+01
   8.4290590e+01
   8.4834471e+01
   8.5375007e+01
   8.5924057e+01
   8.6471893e+01
   8.7017459e+01
   8.7558346e+01
   8.8105469e+01
   8.8643267e+01
   8.9180281e+01
   8.9722659e+01
   9.0258932e+01
   9.0800979e+01
   9.1343712e+01
   9.1886840e+01
   9.2428683e+01
   9.2972204e+01
   9.3514611e+01
   9.4052793e+01
   9.4602497e+01
   9.5143273e+01
   9.5685136e+01
   9.6227805e+01
   9.6774877e+01
   9.7320115e+01
   9.7862334e+01
   9.8403924e+01
   9.8951449e+01
   9.9498744e+01
   1.0003872e+02
   1.0058115e+02
   1.0111959e+02
   1.0166343e+02
   1.0220858e+02
   1.0274841e+02
   1.0328899e+02
   1.0383395e+02
   1.0438302e+02
   1.0492636e+02
   1.0546758e+02
   1.0600679e+02
   1.0654827e+02
   1.0708910e+02
   1.0762666e+02
   1.0816921e+02
   1.0871288e+02
   1.0925462e+02
   1.0979714e+02
   1.1034018e+02
   1.1088163e+02
   1.1142770e+02
   1.1196936e+02
   1.1250901e+02
   1.1304704e+02
   1.1359233e+02
   1.1413281e+02
   1.1467542e+02
   1.1521892e+02
   1.1576084e+02
   1.1630260e+02
   1.1684419e+02
   1.1739001e+02
   1.1792999e+02
   1.1847268e+02
   1.1902045e+02
   1.1956497e+02
   1.2010919e+02
   1.2064713e+02
   1.2118816e+02
   1.2173272e+02
   1.2227620e+02
   1.2281969e+02
   1.2336652e+02
   1.2391124e+02
   1.2444959e+02
   1.2499558e+02
   1.2553946e+02
   1.2608503e+02
   1.2663006e+02
   1.2717258e+02
   1.2771305e+02
   1.2825476e+02
   1.2880310e+02
   1.2934572e+02
   1.2988923e+02
   1.3043173e+02
   1.3097077e+02
   1.3151477e+02
   1.3209166e+02
   1.3273207e+02
   1.3330714e+02
   1.3384880e+02
   1.3443538e+02
   1.3506094e+02
   1.3562336e+02
   1.3616757e+02
   1.3671066e+02
   1.3725617e+02
   1.3779819e+02
   1.3835013e+02
   1.3889206e+02
   1.3943520e+02
   1.3997779e+02
   1.4052533e+02
   1.4106766e+02
   1.4161228e+02
   1.4215325e+02
   1.4269267e+02
   1.4323837e+02
   1.4378313e+02
   1.4432715e+02
   1.4486876e+02
   1.4541018e+02
   1.4595631e+02
   1.4649804e+02
   1.4703975e+02
   1.4758478e+02
   1.4812753e+02
   1.4867561e+02
   1.4921712e+02
   1.4975876e+02
   1.5029625e+02
   1.5084044e+02
   1.5139962e+02
   1.5196416e+02
   1.5250334e+02
   1.5305067e+02
   1.5358821e+02
   1.5413260e+02
   1.5467718e+02
   1.5522391e+02
   1.5576684e+02
   1.5631031e+02
   1.5685770e+02
   1.5739626e+02
   1.5793528e+02
   1.5847796e+02
   1.5902312e+02
   1.5956573e+02
   1.6010560e+02
   1.6065404e+02
   1.6119719e+02
   1.6173861e+02
   1.6228190e+02
   1.6282461e+02
   1.6336091e+02
   1.6390536e+02
   1.6444977e+02
   1.6499374e+02
   1.6553574e+02
   1.6607730e+02
   1.6661889e+02
   1.6716106e+02
   1.6770442e+02
   1.6824977e+02
   1.6879167e+02
   1.6933108e+02
   1.6987336e+02
   1.7041576e+02
   1.7096439e+02
   1.7151053e+02
   1.7205243e+02
   1.7259862e+02
   1.7313937e+02
   1.7368299e+02
   1.7422571e+02
   1.7476635e+02
   1.7530580e+02
   1.7584902e+02
   1.7638866e+02
   1.7693167e+02
   1.7747032e+02
   1.7801234e+02
   1.7855296e+02
   1.7909481e+02
   1.7963980e+02
   1.8018671e+02
   1.8072683e+02
   1.8126631e+02
   1.8180764e+02
   1.8234983e+02
   1.8289547e+02
   1.8344677e+02
   1.8398425e+02
   1.8452686e+02
   1.8506866e+02
   1.8561516e+02
   1.8616103e+02
   1.8670552e+02
   1.8724567e+02
   1.8778601e+02
   1.8832113e+02
   1.8886345e+02
   1.8940436e+02
   1.8994321e+02
   1.9048630e+02
   1.9102946e+02
   1.9156958e+02
   1.9210702e+02
   1.9264542e+02
   1.9318519e+02
   1.9372546e+02
   1.9426557e+02
   1.9481099e+02
   1.9535472e+02
   1.9595936e+02
   1.9650136e+02
   1.9704084e+02
   1.9763492e+02
   1.9827799e+02
   1.9885981e+02
   1.9940266e+02
   1.9994441e+02
   2.0048933e+02
   2.0102768e+02
   2.0156732e+02
   2.0211001e+02
   2.0265098e+02
   2.0319303e+02
   2.0373583e+02
   2.0427656e+02
   2.0481629e+02
   2.0535809e+02
   2.0589928e+02
   2.0644084e+02
   2.0698600e+02
   2.0753115e+02
   2.0807291e+02
   2.0861278e+02
   2.0915889e+02
   2.0970344e+02
   2.1024350e+02
   2.1078528e+02
   2.1132579e+02
   2.1186972e+02
   2.1240880e+02
   2.1295109e+02
   2.1349062e+02
   2.1403031e+02
   2.1456987e+02
   2.1511314e+02
   2.1565453e+02
   2.1619255e+02
   2.1673792e+02
   2.1728146e+02
   2.1781982e+02
   2.1835859e+02
   2.1890200e+02
   2.1944161e+02
   2.1998026e+02
   2.2052477e+02
   2.2106493e+02
   2.2160044e+02
   2.2213988e+02
   2.2268269e+02
   2.2322519e+02
   2.2377189e+02
   2.2431488e+02
   2.2485807e+02
   2.2540140e+02
   2.2594049e+02
   2.2649002e+02
   2.2702955e+02
   2.2757203e+02
   2.2811488e+02
   2.2865805e+02
   2.2920106e+02
   2.2974400e+02
   2.3028532e+02
   2.3083513e+02
   2.3138216e+02
   2.3192133e+02
   2.3246339e+02
   2.3300778e+02
   2.3354823e+02
   2.3408855e+02
   2.3463149e+02
   2.3517189e+02
   2.3571086e+02
   2.3625414e+02
   2.3680058e+02
   2.3734432e+02
   2.3788806e+02
   2.3842970e+02
   2.3897261e+02
   2.3951726e+02
   2.4006134e+02
   2.4060452e+02
   2.4114549e+02
   2.4168542e+02
   2.4222585e+02
   2.4276797e+02
   2.4331391e+02
   2.4385885e+02
   2.4439973e+02
   2.4494399e+02
   2.4548734e+02
   2.4602644e+02
   2.4656945e+02
   2.4711096e+02
   2.4765081e+02
   2.4819544e+02
   2.4873574e+02
   2.4927938e+02
   2.4982394e+02
   2.5036873e+02
   2.5091137e+02
   2.5145477e+02
   2.5199557e+02
   2.5254150e+02
   2.5307967e+02
   2.5362396e+02
   2.5416944e+02
   2.5471280e+02
   2.5525831e+02
   2.5580241e+02
   2.5634516e+02
   2.5688380e+02
   2.5742695e+02
   2.5797078e+02
   2.5850974e+02
   2.5914164e+02
   2.5974691e+02
   2.6029580e+02
   2.6083864e+02
   2.6148699e+02
   2.6210386e+02
   2.6265803e+02
   2.6320270e+02
   2.6374690e+02
   2.6428907e+02
   2.6483631e+02
   2.6537690e+02
   2.6591779e+02
   2.6645977e+02
   2.6700594e+02
   2.6754676e+02
   2.6808809e+02
   2.6863109e+02
   2.6917338e+02
   2.6971208e+02
   2.7025080e+02
   2.7079131e+02
   2.7133107e+02
   2.7187531e+02
   2.7241802e+02
   2.7296012e+02
   2.7350149e+02
   2.7404584e+02
   2.7458751e+02
   2.7512752e+02
   2.7566868e+02
   2.7621132e+02
   2.7675506e+02
   2.7729873e+02
   2.7784300e+02
   2.7838465e+02
   2.7893050e+02
   2.7947356e+02
   2.8001149e+02
   2.8055425e+02
   2.8109347e+02
   2.8163754e+02
   2.8218017e+02
   2.8272228e+02
   2.8327241e+02
   2.8381271e+02
   2.8435851e+02
   2.8489585e+02
   2.8544341e+02
   2.8598408e+02
   2.8652322e+02
   2.8706409e+02
   2.8760652e+02
   2.8814921e+02
   2.8869182e+02
   2.8923467e+02
   2.8977714e+02
   2.9032185e+02
   2.9086617e+02
   2.9141101e+02
   2.9195604e+02
   2.9250069e+02
   2.9304337e+02
   2.9358480e+02
   2.9412980e+02
   2.9467537e+02
   2.9521303e+02
   2.9575149e+02
   2.9629043e+02
   2.9683129e+02
   2.9737217e+02
   2.9791558e+02
   2.9845262e+02
   2.9899502e+02
   2.9953761e+02
   3.0007717e+02
   3.0061840e+02
   3.0116195e+02
   3.0170662e+02
   3.0225097e+02
   3.0279788e+02
   3.0334260e+02
   3.0388697e+02
   3.0443296e+02
   3.0497562e+02
   3.0551709e+02
   3.0605944e+02
   3.0660750e+02
   3.0714797e+02
   3.0768534e+02
   3.0822843e+02
   3.0876545e+02
   3.0930766e+02
   3.0985065e+02
   3.1039215e+02
   3.1093726e+02
   3.1148148e+02
   3.1203564e+02
   3.1258586e+02
   3.1312860e+02
   3.1367216e+02
   3.1421463e+02
   3.1475770e+02
   3.1530022e+02
   3.1584387e+02
   3.1638400e+02
   3.1693051e+02
   3.1747566e+02
   3.1802156e+02
   3.1856334e+02
   3.1911144e+02
   3.1965437e+02
   3.2019283e+02
   3.2073584e+02
   3.2128786e+02
   3.2182225e+02
   3.2236761e+02
   3.2302815e+02
   3.2356931e+02
   3.2411133e+02
   3.2471226e+02
   3.2534123e+02
   3.2588872e+02
   3.2643507e+02
   3.2698138e+02
   3.2752323e+02
   3.2806916e+02
   3.2861430e+02
   3.2915937e+02
   3.2970386e+02
   3.3024648e+02
   3.3078952e+02
   3.3133217e+02
   3.3187852e+02
   3.3242061e+02
   3.3295995e+02
   3.3350276e+02
   3.3404609e+02
   3.3458867e+02
   3.3512843e+02
   3.3567090e+02
   3.3621066e+02
   3.3675844e+02
   3.3730041e+02
   3.3784241e+02
   3.3838658e+02
   3.3893022e+02
   3.3947589e+02
   3.4001968e+02
   3.4056240e+02
   3.4110153e+02
   3.4164471e+02
   3.4219315e+02
   3.4273111e+02
   3.4327009e+02
   3.4381338e+02
   3.4435827e+02
   3.4489842e+02
   3.4544340e+02
   3.4598408e+02
   3.4652402e+02
   3.4706945e+02
   3.4761144e+02
   3.4815587e+02
   3.4869436e+02
   3.4923911e+02
   3.4978334e+02
   3.5032736e+02
   3.5086674e+02
   3.5141215e+02
   3.5195858e+02
   3.5252902e+02
   3.5306546e+02
   3.5360626e+02
   3.5414384e+02
   3.5468210e+02
   3.5522475e+02
   3.5576780e+02
   3.5630720e+02
   3.5685086e+02
   3.5739180e+02
   3.5793663e+02
   3.5847705e+02
   3.5901886e+02
   3.5955999e+02
   3.6010074e+02
   3.6064010e+02
   3.6118336e+02
