   5.7821500e-03
   8.6340445e-01
   9.4008164e-01
   1.0477297e+00
   1.0944994e+00
   1.1838718e+00
   1.2088097e+00
   1.2366136e+00
   1.2593578e+00
   1.2836858e+00
   1.3048791e+00
   1.3261892e+00
   1.3500064e+00
   1.3725261e+00
   1.3946671e+00
   1.4163106e+00
   1.4400388e+00
   1.4619286e+00
   1.4828842e+00
   1.5032406e+00
   1.5261233e+00
   1.5474245e+00
   1.5702745e+00
   1.5918555e+00
   1.6127580e+00
   1.6390701e+00
   1.6631137e+00
   1.6805972e+00
   1.7050992e+00
   1.7245822e+00
   1.7480696e+00
   1.7691558e+00
   1.7954010e+00
   1.8115982e+00
   1.8323851e+00
   1.8540724e+00
   1.8781328e+00
   1.9061413e+00
   1.9300501e+00
   1.9513548e+00
   1.9771495e+00
   1.9974476e+00
   2.0189765e+00
   2.0430989e+00
   2.0662896e+00
   2.0878203e+00
   2.1131850e+00
   2.1336039e+00
   2.1575572e+00
   2.1767254e+00
   2.2019290e+00
   2.2264074e+00
   2.2480329e+00
   2.2706487e+00
   2.2956483e+00
   2.3152844e+00
   2.3370124e+00
   2.3620776e+00
   2.3791588e+00
   2.4020936e+00
   2.4267687e+00
   2.4448426e+00
   2.4699334e+00
   2.4895720e+00
   2.5129032e+00
   2.5337476e+00
   2.5529075e+00
   2.5730256e+00
   2.5964586e+00
   2.6175856e+00
   2.6366161e+00
   2.6593687e+00
   2.6796646e+00
   2.6999340e+00
   2.7185866e+00
   2.7374308e+00
   2.7565705e+00
   2.7774931e+00
   2.8000124e+00
   2.8190355e+00
   2.8384117e+00
   2.8596191e+00
   2.8780504e+00
   2.8997084e+00
   2.9212501e+00
   2.9443128e+00
   2.9674806e+00
   2.9966460e+00
   3.0188319e+00
   3.0396642e+00
   3.0582178e+00
   3.0789984e+00
   3.1018017e+00
   3.1201703e+00
   3.1390543e+00
   3.1583376e+00
   3.1770823e+00
   3.1971432e+00
   3.2236944e+00
   3.2383515e+00
   3.2569569e+00
   3.2796034e+00
   3.3091791e+00
   3.3308716e+00
   3.3537662e+00
   3.3766198e+00
   3.3958986e+00
   3.4149571e+00
   3.4351670e+00
   3.4563538e+00
   3.4778594e+00
   3.4958164e+00
   3.5230059e+00
   3.5416379e+00
   3.5717560e+00
   3.5933118e+00
   3.6241102e+00
   3.6444169e+00
   3.6646902e+00
   3.6824777e+00
   3.7060207e+00
   3.7267240e+00
   3.7467897e+00
   3.7658217e+00
   3.7870965e+00
   3.8063363e+00
   3.8366616e+00
   3.8559232e+00
   3.8807824e+00
   3.9022072e+00
   3.9261708e+00
   3.9504448e+00
   3.9697278e+00
   3.9881253e+00
   4.0066868e+00
   4.0256106e+00
   4.0480976e+00
   4.0658995e+00
   4.0866046e+00
   4.1057959e+00
   4.1249673e+00
   4.1441698e+00
   4.1635416e+00
   4.1827727e+00
   4.2028026e+00
   4.2214403e+00
   4.2405929e+00
   4.2598234e+00
   4.2812392e+00
   4.3003690e+00
   4.3195210e+00
   4.3379133e+00
   4.3571253e+00
   4.3768085e+00
   4.3953364e+00
   4.4162848e+00
   4.4376479e+00
   4.4604972e+00
   4.4874105e+00
   4.5073924e+00
   4.5299749e+00
   4.5528805e+00
   4.5770011e+00
   4.6003602e+00
   4.6220693e+00
   4.6474393e+00
   4.6670993e+00
   4.6911165e+00
   4.7173298e+00
   4.7399027e+00
   4.7596744e+00
   4.7832010e+00
   4.8056976e+00
   4.8250016e+00
   4.8439929e+00
   4.8634273e+00
   4.8845845e+00
   4.9060812e+00
   4.9256334e+00
   4.9449292e+00
   4.9652497e+00
   4.9838903e+00
   5.0055329e+00
   5.0247136e+00
   5.0442422e+00
   5.0654356e+00
   5.0864261e+00
   5.1070265e+00
   5.1263887e+00
   5.1475886e+00
   5.1683564e+00
   5.1896256e+00
   5.2104358e+00
   5.2305095e+00
   5.2500560e+00
   5.2698494e+00
   5.2916190e+00
   5.3112848e+00
   5.3307107e+00
   5.3502379e+00
   5.3719806e+00
   5.3956669e+00
   5.4148384e+00
   5.4357746e+00
   5.4563618e+00
   5.4754948e+00
   5.4942588e+00
   5.5162686e+00
   5.5356073e+00
   5.5551839e+00
   5.5758352e+00
   5.5954751e+00
   5.6148756e+00
   5.6343019e+00
   5.6533249e+00
   5.6724797e+00
   5.6910421e+00
   5.7103007e+00
   5.7300934e+00
   5.7490229e+00
   5.7704443e+00
   5.7916735e+00
   5.8111031e+00
   5.8296191e+00
   5.8484697e+00
   5.8686805e+00
   5.8887655e+00
   5.9079764e+00
   5.9267627e+00
   5.9454806e+00
   5.9654678e+00
   5.9852105e+00
   6.0047107e+00
   6.0239432e+00
   6.0425717e+00
   6.0612786e+00
   6.0798606e+00
   6.0983194e+00
   6.1174598e+00
   6.1375118e+00
   6.1568390e+00
   6.1759514e+00
   6.1943562e+00
   6.2155482e+00
   6.2358361e+00
   6.2563942e+00
   6.2759606e+00
   6.2960765e+00
   6.3158144e+00
   6.3380708e+00
   6.3621101e+00
   6.3817537e+00
   6.4054948e+00
   6.4284884e+00
   6.4507696e+00
   6.4736633e+00
   6.4950056e+00
   6.5163173e+00
   6.5391946e+00
   6.5644046e+00
   6.5845295e+00
   6.6073693e+00
   6.6303059e+00
   6.6488279e+00
   6.6690002e+00
   6.6936344e+00
   6.7188772e+00
   6.7427944e+00
   6.7655894e+00
   6.7909345e+00
   6.8130291e+00
   6.8327788e+00
   6.8550755e+00
   6.8767644e+00
   6.8961423e+00
   6.9170641e+00
   6.9386072e+00
   6.9589990e+00
   6.9796932e+00
   6.9996807e+00
   7.0205007e+00
   7.0421994e+00
   7.0625614e+00
   7.0822186e+00
   7.1023371e+00
   7.1245656e+00
   7.1464157e+00
   7.1660877e+00
   7.1865052e+00
   7.2072448e+00
   7.2255795e+00
   7.2443388e+00
   7.2631712e+00
   7.2818996e+00
   7.3014210e+00
   7.3204504e+00
   7.3390005e+00
   7.3606201e+00
   7.3807430e+00
   7.3999898e+00
   7.4192258e+00
   7.4388793e+00
   7.4584724e+00
   7.4778876e+00
   7.4972986e+00
   7.5173996e+00
   7.5363126e+00
   7.5564055e+00
   7.5812897e+00
   7.6029620e+00
   7.6229776e+00
   7.6442187e+00
   7.6631963e+00
   7.6823256e+00
   7.7045586e+00
   7.7250572e+00
   7.7479250e+00
   7.7676558e+00
   7.7894560e+00
   7.8109982e+00
   7.8348039e+00
   7.8579896e+00
   7.8816945e+00
   7.9022823e+00
   7.9249993e+00
   7.9461720e+00
   7.9658478e+00
   7.9851294e+00
   8.0044375e+00
   8.0255397e+00
   8.0455417e+00
   8.0646160e+00
   8.0857519e+00
   8.1068227e+00
   8.1308880e+00
   8.1520997e+00
   8.1847746e+00
   8.2070593e+00
   8.2360253e+00
   8.2625729e+00
   8.2836533e+00
   8.3084777e+00
   8.3303545e+00
   8.3556129e+00
   8.3813855e+00
   8.4074349e+00
   8.4312520e+00
   8.4536255e+00
   8.4748725e+00
   8.4968861e+00
   8.5166012e+00
   8.5360009e+00
   8.5571564e+00
   8.5776044e+00
   8.5972295e+00
   8.6189811e+00
   8.6392687e+00
   8.6615935e+00
   8.6823596e+00
   8.7031345e+00
   8.7241223e+00
   8.7461176e+00
   8.7664579e+00
   8.7870628e+00
   8.8090044e+00
   8.8321259e+00
   8.8522305e+00
   8.8724089e+00
   8.8925254e+00
   8.9142130e+00
   8.9345179e+00
   8.9549637e+00
   8.9774922e+00
   8.9978481e+00
   9.0186932e+00
   9.0393718e+00
   9.0624053e+00
   9.0825048e+00
   9.1019685e+00
   9.1221258e+00
   9.1438395e+00
   9.1673892e+00
   9.1965250e+00
   9.2190830e+00
   9.2411030e+00
   9.2629790e+00
   9.2828197e+00
   9.3032747e+00
   9.3244969e+00
   9.3461214e+00
   9.3670296e+00
   9.3877219e+00
   9.4089704e+00
   9.4290497e+00
   9.4502183e+00
   9.4697646e+00
   9.4895677e+00
   9.5104336e+00
   9.5309814e+00
   9.5504129e+00
   9.5706157e+00
   9.5919027e+00
   9.6138281e+00
   9.6331756e+00
   9.6537393e+00
   9.6734268e+00
   9.6955653e+00
   9.7192142e+00
   9.7409173e+00
   9.7637372e+00
   9.7830459e+00
   9.8031290e+00
   9.8242425e+00
   9.8473296e+00
   9.8676968e+00
   9.8876703e+00
   9.9095360e+00
   9.9315426e+00
   9.9519346e+00
   9.9711062e+00
   9.9895299e+00
   1.0009329e+01
   1.0029299e+01
   1.0050608e+01
   1.0070423e+01
   1.0090584e+01
   1.0109699e+01
   1.0132241e+01
   1.0151698e+01
   1.0170716e+01
   1.0190465e+01
   1.0210966e+01
   1.0232588e+01
   1.0251648e+01
   1.0271538e+01
   1.0291401e+01
   1.0311843e+01
   1.0332768e+01
   1.0351925e+01
   1.0373118e+01
   1.0393613e+01
   1.0414907e+01
   1.0434963e+01
   1.0454434e+01
   1.0473973e+01
   1.0494401e+01
   1.0514708e+01
   1.0534387e+01
   1.0554769e+01
   1.0575446e+01
   1.0596843e+01
   1.0618803e+01
   1.0637892e+01
   1.0659973e+01
   1.0679247e+01
   1.0700617e+01
   1.0720057e+01
   1.0739976e+01
   1.0760050e+01
   1.0779824e+01
   1.0800748e+01
   1.0820192e+01
   1.0843979e+01
   1.0864590e+01
   1.0881871e+01
   1.0901822e+01
   1.0922005e+01
   1.0941530e+01
   1.0962242e+01
   1.0984246e+01
   1.1004223e+01
   1.1025997e+01
   1.1043577e+01
   1.1063508e+01
   1.1083116e+01
   1.1101163e+01
   1.1119154e+01
   1.1139649e+01
   1.1160076e+01
   1.1182277e+01
   1.1204532e+01
   1.1222740e+01
   1.1244482e+01
   1.1261211e+01
   1.1280914e+01
   1.1300877e+01
   1.1319414e+01
   1.1343537e+01
   1.1361970e+01
   1.1378827e+01
   1.1402375e+01
   1.1419413e+01
   1.1444682e+01
   1.1463341e+01
   1.1482755e+01
   1.1502994e+01
   1.1522126e+01
   1.1539314e+01
   1.1562804e+01
   1.1580786e+01
   1.1601795e+01
   1.1625954e+01
   1.1655650e+01
   1.1697270e+01
   1.1725351e+01
   1.1756911e+01
   1.1787418e+01
   1.1811231e+01
   1.1849595e+01
   1.1876476e+01
   1.1911106e+01
   1.1939469e+01
   1.1965609e+01
   1.1991313e+01
   1.2014898e+01
   1.2042218e+01
   1.2067889e+01
   1.2092596e+01
   1.2119408e+01
   1.2145653e+01
   1.2186404e+01
   1.2209973e+01
   1.2240343e+01
   1.2274972e+01
   1.2304427e+01
   1.2333445e+01
   1.2362586e+01
   1.2389185e+01
   1.2415810e+01
   1.2439449e+01
   1.2463742e+01
   1.2486506e+01
   1.2514967e+01
   1.2544874e+01
   1.2569160e+01
   1.2590333e+01
   1.2614350e+01
   1.2641197e+01
   1.2665996e+01
   1.2684049e+01
   1.2712517e+01
   1.2736476e+01
   1.2760423e+01
   1.2781217e+01
   1.2803399e+01
   1.2824288e+01
   1.2848671e+01
   1.2871585e+01
   1.2897905e+01
   1.2918008e+01
   1.2941015e+01
   1.2963461e+01
   1.2992551e+01
   1.3010463e+01
   1.3034832e+01
   1.3057308e+01
   1.3073991e+01
   1.3097887e+01
   1.3136840e+01
   1.3159281e+01
   1.3182270e+01
   1.3204459e+01
   1.3226679e+01
   1.3247377e+01
   1.3267552e+01
   1.3290637e+01
   1.3313834e+01
   1.3331207e+01
   1.3357535e+01
   1.3381085e+01
   1.3407982e+01
   1.3428173e+01
   1.3448417e+01
   1.3476813e+01
   1.3503539e+01
   1.3520995e+01
   1.3546684e+01
   1.3570854e+01
   1.3593795e+01
   1.3613950e+01
   1.3634655e+01
   1.3653802e+01
   1.3674411e+01
   1.3695447e+01
   1.3716619e+01
   1.3737343e+01
   1.3757615e+01
   1.3780147e+01
   1.3799737e+01
   1.3822253e+01
   1.3844970e+01
   1.3867079e+01
   1.3885415e+01
   1.3906649e+01
   1.3927509e+01
   1.3947991e+01
   1.3969133e+01
   1.3993615e+01
   1.4013791e+01
   1.4034649e+01
   1.4054642e+01
   1.4076461e+01
   1.4096536e+01
   1.4116283e+01
   1.4137440e+01
   1.4160183e+01
   1.4180503e+01
   1.4200387e+01
   1.4221137e+01
   1.4244089e+01
   1.4262997e+01
   1.4281681e+01
   1.4300472e+01
   1.4321203e+01
   1.4342862e+01
   1.4363385e+01
   1.4382896e+01
   1.4402039e+01
   1.4422032e+01
   1.4441879e+01
   1.4461589e+01
   1.4478732e+01
   1.4495871e+01
   1.4515753e+01
   1.4534519e+01
   1.4552773e+01
   1.4572864e+01
   1.4590908e+01
   1.4610874e+01
   1.4628669e+01
   1.4654867e+01
   1.4679147e+01
   1.4698205e+01
   1.4726939e+01
   1.4749174e+01
   1.4767512e+01
   1.4789516e+01
   1.4812041e+01
   1.4834368e+01
   1.4855298e+01
   1.4877274e+01
   1.4900085e+01
   1.4921684e+01
   1.4945828e+01
   1.4964910e+01
   1.4991675e+01
   1.5011785e+01
   1.5033549e+01
   1.5055440e+01
   1.5074961e+01
   1.5095564e+01
   1.5114913e+01
   1.5135502e+01
   1.5155135e+01
   1.5178326e+01
   1.5198900e+01
   1.5216684e+01
   1.5234940e+01
   1.5254390e+01
   1.5274195e+01
   1.5294078e+01
   1.5323935e+01
   1.5350794e+01
   1.5371551e+01
   1.5394360e+01
   1.5413991e+01
   1.5432545e+01
   1.5451938e+01
   1.5470877e+01
   1.5488743e+01
   1.5506628e+01
   1.5528881e+01
   1.5548779e+01
   1.5569753e+01
   1.5591483e+01
   1.5613982e+01
   1.5635030e+01
   1.5656659e+01
   1.5679850e+01
   1.5699255e+01
   1.5719923e+01
   1.5739229e+01
   1.5761926e+01
   1.5783103e+01
   1.5802839e+01
   1.5821187e+01
   1.5842314e+01
   1.5862746e+01
   1.5881153e+01
   1.5901337e+01
   1.5920437e+01
   1.5939382e+01
   1.5956344e+01
   1.5977770e+01
   1.5995514e+01
   1.6013287e+01
   1.6031190e+01
   1.6049108e+01
   1.6068316e+01
   1.6086562e+01
   1.6103872e+01
   1.6123797e+01
   1.6142714e+01
   1.6160848e+01
   1.6180331e+01
   1.6200269e+01
   1.6217761e+01
   1.6237104e+01
   1.6255737e+01
   1.6275343e+01
   1.6293813e+01
   1.6311998e+01
   1.6332523e+01
   1.6351796e+01
   1.6374362e+01
   1.6392534e+01
   1.6412822e+01
   1.6431415e+01
   1.6448918e+01
   1.6468523e+01
   1.6486099e+01
   1.6508033e+01
   1.6526971e+01
   1.6544846e+01
   1.6566223e+01
   1.6585262e+01
   1.6615494e+01
   1.6633125e+01
   1.6652032e+01
   1.6670269e+01
   1.6687339e+01
   1.6702705e+01
   1.6721621e+01
   1.6741211e+01
   1.6759803e+01
   1.6782147e+01
   1.6801324e+01
   1.6819485e+01
   1.6836298e+01
   1.6857921e+01
   1.6876825e+01
   1.6897440e+01
   1.6915298e+01
   1.6932839e+01
   1.6950197e+01
   1.6969221e+01
   1.6989558e+01
   1.7009486e+01
   1.7027711e+01
   1.7048277e+01
   1.7068191e+01
   1.7088019e+01
   1.7107696e+01
   1.7125826e+01
   1.7143816e+01
   1.7159429e+01
   1.7178253e+01
   1.7197551e+01
   1.7216750e+01
   1.7234396e+01
   1.7252482e+01
   1.7269691e+01
   1.7290567e+01
   1.7315889e+01
   1.7338363e+01
   1.7358858e+01
   1.7377944e+01
   1.7397618e+01
   1.7416047e+01
   1.7433922e+01
   1.7451892e+01
   1.7469923e+01
   1.7489449e+01
   1.7507669e+01
   1.7526235e+01
   1.7545238e+01
   1.7564347e+01
   1.7585286e+01
   1.7604403e+01
   1.7622484e+01
   1.7640370e+01
   1.7659257e+01
   1.7678100e+01
   1.7700542e+01
   1.7721040e+01
   1.7739068e+01
   1.7757007e+01
   1.7775932e+01
   1.7793655e+01
   1.7812183e+01
   1.7831754e+01
   1.7851729e+01
   1.7871574e+01
   1.7890122e+01
   1.7908630e+01
   1.7927370e+01
   1.7945239e+01
   1.7962834e+01
   1.7983246e+01
   1.8000463e+01
   1.8018980e+01
   1.8035987e+01
   1.8054351e+01
   1.8074024e+01
   1.8091549e+01
   1.8114707e+01
   1.8134794e+01
   1.8155453e+01
   1.8180389e+01
   1.8197657e+01
   1.8217145e+01
   1.8235525e+01
   1.8253154e+01
   1.8270603e+01
   1.8287334e+01
   1.8304902e+01
   1.8322418e+01
   1.8339916e+01
   1.8358046e+01
   1.8377039e+01
   1.8394605e+01
   1.8412231e+01
   1.8430801e+01
   1.8449757e+01
   1.8469481e+01
   1.8487835e+01
   1.8505065e+01
   1.8523724e+01
   1.8541301e+01
   1.8559457e+01
   1.8577064e+01
   1.8595452e+01
   1.8613094e+01
   1.8639093e+01
   1.8662647e+01
   1.8686031e+01
   1.8704269e+01
   1.8721427e+01
   1.8739100e+01
   1.8756840e+01
   1.8775084e+01
   1.8792926e+01
   1.8810912e+01
   1.8829892e+01
   1.9114516e+01
   1.9134642e+01
   1.9153441e+01
   1.9173318e+01
   1.9192362e+01
   1.9211064e+01
   1.9228979e+01
   1.9246383e+01
   1.9264318e+01
   1.9281928e+01
   1.9301098e+01
   1.9321802e+01
   1.9342812e+01
   1.9362962e+01
   1.9381671e+01
   1.9400492e+01
   1.9419550e+01
   1.9439783e+01
   1.9457868e+01
   1.9475147e+01
   1.9492065e+01
   1.9509746e+01
   1.9527929e+01
   1.9546284e+01
   1.9564184e+01
   1.9581858e+01
   1.9600165e+01
   1.9618656e+01
   1.9637489e+01
   1.9657111e+01
   1.9674916e+01
   1.9692216e+01
   1.9710952e+01
   1.9729043e+01
   1.9744092e+01
   1.9762377e+01
   1.9779984e+01
   1.9797675e+01
   1.9815194e+01
   1.9833254e+01
   1.9851595e+01
   1.9870903e+01
   1.9889352e+01
   1.9907456e+01
   1.9925734e+01
   1.9943925e+01
   1.9961622e+01
   1.9980404e+01
   1.9997561e+01
   2.0015315e+01
   2.0032973e+01
   2.0050354e+01
   2.0067993e+01
   2.0085852e+01
   2.0104638e+01
   2.0123546e+01
   2.0140523e+01
   2.0159621e+01
   2.0178385e+01
   2.0196026e+01
   2.0213909e+01
   2.0231263e+01
   2.0249382e+01
   2.0266730e+01
   2.0285271e+01
   2.0302731e+01
   2.0321329e+01
   2.0340539e+01
   2.0357907e+01
   2.0377786e+01
   2.0395720e+01
   2.0413770e+01
   2.0432068e+01
   2.0449947e+01
   2.0467568e+01
   2.0485463e+01
   2.0503586e+01
   2.0522275e+01
   2.0540351e+01
   2.0560067e+01
   2.0578192e+01
   2.0596592e+01
   2.0614110e+01
   2.0631348e+01
   2.0649464e+01
   2.0667201e+01
   2.0684739e+01
   2.0702662e+01
   2.0720354e+01
   2.0738909e+01
   2.0756210e+01
   2.0774669e+01
   2.0794732e+01
   2.0811638e+01
   2.0829773e+01
   2.0847237e+01
   2.0864202e+01
   2.0881986e+01
   2.0904666e+01
   2.0921655e+01
   2.0940117e+01
   2.0957363e+01
   2.0977579e+01
   2.0994828e+01
   2.1012643e+01
   2.1030611e+01
   2.1048033e+01
   2.1066103e+01
   2.1083936e+01
   2.1101178e+01
   2.1118618e+01
   2.1139232e+01
   2.1156708e+01
   2.1177462e+01
   2.1195701e+01
   2.1212958e+01
   2.1230888e+01
   2.1249310e+01
   2.1266976e+01
   2.1284874e+01
   2.1302080e+01
   2.1319108e+01
   2.1336282e+01
   2.1354054e+01
   2.1372384e+01
   2.1389996e+01
   2.1407682e+01
   2.1426672e+01
   2.1445158e+01
   2.1462288e+01
   2.1479632e+01
   2.1496916e+01
   2.1514181e+01
   2.1532046e+01
   2.1549212e+01
   2.1568359e+01
   2.1586088e+01
   2.1605215e+01
   2.1623550e+01
   2.1641868e+01
   2.1659783e+01
   2.1677377e+01
   2.1695662e+01
   2.1712769e+01
   2.1730140e+01
   2.1748000e+01
   2.1766159e+01
   2.1783384e+01
   2.1801176e+01
   2.1820082e+01
   2.1837957e+01
   2.1856797e+01
   2.1875121e+01
   2.1895464e+01
   2.1916036e+01
   2.1936051e+01
