   9.9598761e-01
   1.5188568e+00
   2.0984815e+00
   2.7914611e+00
   2.9639772e+00
   3.2310483e+00
   4.2168379e+00
   5.0645342e+00
   5.3735286e+00
   6.6019092e+00
   6.6137483e+00
   6.7002362e+00
   8.1085441e+00
   8.1485196e+00
   8.1904020e+00
   9.3708776e+00
   9.3708776e+00
   1.0132126e+01
   1.0163340e+01
   1.0163340e+01
   1.0241852e+01
   1.0498298e+01
   1.1015408e+01
   1.1365461e+01
   1.1816780e+01
   1.2060299e+01
   1.2491261e+01
   1.3626525e+01
   1.3647741e+01
   1.3663521e+01
   1.3807539e+01
   1.3896374e+01
   1.4250680e+01
   1.4265514e+01
   1.4438617e+01
   1.4446442e+01
   1.4600029e+01
   1.4628797e+01
   1.4886361e+01
   1.4904426e+01
   1.5165094e+01
   1.5197190e+01
   1.5264474e+01
   1.5268877e+01
   1.5277324e+01
   1.5513108e+01
   1.6131243e+01
   1.6243803e+01
   1.6243803e+01
   1.6274155e+01
   1.6298751e+01
   1.6443430e+01
   1.6446593e+01
   1.6884449e+01
   1.7378181e+01
   1.7459479e+01
   1.7584300e+01
   1.7672110e+01
   1.7863163e+01
   1.7867885e+01
   1.8805193e+01
   2.0456207e+01
   2.0542276e+01
   2.0938868e+01
   2.1127194e+01
   2.1368165e+01
   2.1492260e+01
   2.1499267e+01
   2.2191347e+01
   2.3184861e+01
   2.3216511e+01
   2.3219908e+01
   2.3219908e+01
   2.3374263e+01
   2.3458660e+01
   2.3465608e+01
   2.4521910e+01
   2.4666520e+01
   2.5294869e+01
   2.5355174e+01
   2.5785566e+01
   2.6457781e+01
   2.9074482e+01
   2.9277076e+01
   2.9702048e+01
   2.9705981e+01
   2.9920437e+01
   2.9920456e+01
   2.9920456e+01
   3.0006682e+01
   3.0372842e+01
   3.0401715e+01
   3.0460238e+01
   3.0477709e+01
   3.0669730e+01
   3.0699291e+01
   3.0726502e+01
   3.1031963e+01
   3.1035096e+01
   3.1551588e+01
   3.5807343e+01
   4.1179895e+01
   4.2346708e+01
   4.2771422e+01
   4.3334960e+01
   4.4751759e+01
   5.2489267e+01
   5.9339858e+01
   5.9462787e+01
   5.9513007e+01
   6.0577975e+01
   6.3490172e+01
   6.4018980e+01
   6.4375364e+01
   6.4668047e+01
   6.4926415e+01
   6.5498051e+01
   6.6036172e+01
   6.6235097e+01
   6.6738354e+01
   6.6785376e+01
   6.7693489e+01
   6.7693489e+01
   6.9715328e+01
   7.0677490e+01
   7.3079180e+01
   7.6076284e+01
   7.6497081e+01
   7.8531421e+01
   7.9773435e+01
   8.0229605e+01
   8.0255314e+01
   8.0309772e+01
   8.0406329e+01
   8.0542932e+01
   8.1649250e+01
   8.3444776e+01
   8.5639327e+01
   8.5661744e+01
   8.6382750e+01
   8.6434180e+01
   8.6948274e+01
   8.7626746e+01
   8.7703842e+01
   8.7810895e+01
   9.0183854e+01
   9.0335477e+01
   9.1331701e+01
   9.1633606e+01
   9.2110326e+01
   9.2576035e+01
   9.3100978e+01
   9.4599000e+01
   9.7270852e+01
   9.7430827e+01
   9.7823817e+01
   9.8589063e+01
   9.8785816e+01
   9.9075174e+01
   9.9298028e+01
   9.9320110e+01
   9.9464401e+01
   9.9629734e+01
   9.9847865e+01
   1.0140112e+02
   1.0197169e+02
   1.0377700e+02
   1.0577224e+02
   1.0808432e+02
   1.1527091e+02
   1.1594326e+02
   1.1618670e+02
   1.1621283e+02
   1.1645809e+02
   1.1648091e+02
   1.1681184e+02
   1.1699366e+02
   1.1803041e+02
   1.1803041e+02
   1.1868249e+02
   1.1920304e+02
   1.2085015e+02
   1.2389716e+02
   1.2468331e+02
   1.2597795e+02
   1.2738734e+02
   1.2972549e+02
   1.3029308e+02
   1.3123562e+02
   1.3216698e+02
   1.3230949e+02
   1.3256549e+02
   1.3344937e+02
   1.3396924e+02
   1.3454581e+02
   1.3644969e+02
   1.3709822e+02
   1.3753185e+02
   1.3829814e+02
   1.3864333e+02
   1.4282281e+02
   1.4716342e+02
   1.5055334e+02
   1.5374430e+02
   1.5608337e+02
   1.7052287e+02
   1.7248489e+02
   1.7588491e+02
   1.7637769e+02
   1.7782355e+02
   1.7978873e+02
   1.8008188e+02
   1.8122216e+02
   1.8359283e+02
   1.8506289e+02
   1.8734200e+02
   1.9078126e+02
   1.9248269e+02
   1.9310611e+02
   1.9355312e+02
   1.9495818e+02
   1.9598918e+02
   1.9626407e+02
   1.9890815e+02
   2.0408826e+02
   2.0498866e+02
   2.1250922e+02
   2.1542402e+02
   2.1554659e+02
   2.1626093e+02
   2.1684314e+02
   2.1761414e+02
   2.1915239e+02
   2.1941539e+02
   2.3889078e+02
   2.4411558e+02
   2.4411623e+02
   2.4463862e+02
   2.4505729e+02
   2.4658568e+02
   2.5022978e+02
   2.5273233e+02
   2.5275837e+02
   2.5406143e+02
   2.5665647e+02
   2.5797248e+02
   2.6125314e+02
   2.6197888e+02
   2.6340486e+02
   2.6554529e+02
   2.6634705e+02
   2.6808445e+02
   2.6897432e+02
   2.7007824e+02
   2.7181171e+02
   2.7450656e+02
   2.9103305e+02
   2.9154494e+02
   2.9227054e+02
   2.9309384e+02
   2.9394205e+02
   2.9394205e+02
   2.9511221e+02
   2.9995593e+02
   3.0093426e+02
   3.0287447e+02
   3.0289095e+02
   3.0289993e+02
   3.0772298e+02
   3.1296680e+02
   3.1482580e+02
   3.1482580e+02
   3.1970027e+02
   3.2130302e+02
   3.2745461e+02
   3.3178724e+02
   3.3199935e+02
   3.3251145e+02
   3.3348422e+02
   3.3579445e+02
   3.3612194e+02
   3.3669902e+02
   3.4116353e+02
   3.4241916e+02
   3.4276739e+02
   3.4370880e+02
   3.4410780e+02
   3.4443476e+02
   3.4495718e+02
   3.5632210e+02
   3.5651425e+02
   3.5844716e+02
   3.6047280e+02
   3.6698121e+02
   3.6775027e+02
   3.6818553e+02
   3.6898214e+02
   3.6943288e+02
   3.6958781e+02
   3.7315024e+02
   3.8614504e+02
   3.8648225e+02
   3.8772404e+02
   3.9106057e+02
   3.9174963e+02
   3.9437600e+02
   4.0564958e+02
   4.0620480e+02
   4.0755449e+02
   4.0910351e+02
   4.0925823e+02
   4.1320282e+02
   4.1546683e+02
   4.1648063e+02
   4.1661309e+02
   4.2271534e+02
   4.2845677e+02
   4.3318483e+02
   4.3403961e+02
   4.3491768e+02
   4.3581969e+02
   4.4169602e+02
   4.4272318e+02
   4.4859740e+02
   4.4947561e+02
   4.5126441e+02
   4.5373352e+02
   4.5749724e+02
   4.6225495e+02
   4.6518009e+02
   4.6638566e+02
   4.6768127e+02
   4.6840285e+02
   4.6950325e+02
   4.6953071e+02
   4.7141206e+02
   4.7611347e+02
   4.7867724e+02
   4.7872847e+02
   4.8486911e+02
   4.8709082e+02
   4.8778663e+02
   4.9169939e+02
   4.9248965e+02
   4.9355254e+02
   4.9623990e+02
   5.0235322e+02
   5.0352448e+02
   5.0752510e+02
   5.0914308e+02
   5.1486977e+02
   5.1749282e+02
   5.1895019e+02
   5.2047687e+02
   5.2180881e+02
   5.2370932e+02
   5.2663536e+02
   5.3120016e+02
   5.3458346e+02
   5.3900773e+02
   5.4127919e+02
   5.4452436e+02
   5.4633590e+02
   5.5128756e+02
   5.5278108e+02
   5.5492925e+02
   5.5626457e+02
   5.5952376e+02
   5.6055793e+02
   5.6177528e+02
   5.6293620e+02
   5.6784698e+02
   5.7033408e+02
   5.7131477e+02
   5.7274725e+02
   5.7462700e+02
   5.7844059e+02
   5.8074332e+02
   5.8549630e+02
   5.8633908e+02
   5.8652277e+02
   5.8972087e+02
   5.9254678e+02
   5.9489468e+02
   5.9765713e+02
   5.9900263e+02
   6.0363022e+02
   6.1007408e+02
   6.1217305e+02
   6.1408233e+02
   6.1719444e+02
   6.1907257e+02
   6.1992314e+02
   6.2102846e+02
   6.2207880e+02
   6.2396924e+02
   6.3526511e+02
   6.3744695e+02
   6.3799595e+02
   6.4151258e+02
   6.4477174e+02
   6.4545423e+02
   6.4677057e+02
   6.4934852e+02
   6.4954431e+02
   6.5000495e+02
   6.5096181e+02
   6.5150071e+02
   6.5158093e+02
   6.5235253e+02
   6.5334260e+02
   6.5359270e+02
   6.5362939e+02
   6.5422098e+02
   6.5438312e+02
   6.5538947e+02
   6.5570246e+02
   6.5731403e+02
   6.5800056e+02
   6.5835094e+02
   6.5884111e+02
   6.5962188e+02
   6.5999397e+02
   6.6029488e+02
   6.6250093e+02
   6.6342909e+02
   6.6602013e+02
   6.6602279e+02
   6.6634424e+02
   6.6663697e+02
   6.6684208e+02
   6.6826309e+02
   6.7099207e+02
   6.7250650e+02
   6.7299710e+02
   6.7652427e+02
   6.7720846e+02
   6.7821917e+02
   6.8019766e+02
   6.8340406e+02
   6.8369391e+02
   6.8441953e+02
   6.8483145e+02
   6.8519882e+02
   6.8593024e+02
   6.8618733e+02
   6.8648764e+02
   6.8823472e+02
   6.8925858e+02
   6.9094624e+02
   6.9207822e+02
   6.9312167e+02
   6.9333882e+02
   6.9351087e+02
   6.9401864e+02
   6.9453314e+02
   6.9487418e+02
   6.9528445e+02
   6.9547030e+02
   6.9615877e+02
   6.9658541e+02
   6.9854691e+02
   6.9902622e+02
   6.9954689e+02
   6.9989746e+02
   7.0230379e+02
   7.0366353e+02
   7.0484770e+02
   7.0491587e+02
   7.0573340e+02
   7.0647219e+02
   7.0716884e+02
   7.0748171e+02
   7.0846543e+02
   7.0957727e+02
   7.0988906e+02
   7.1111293e+02
   7.1228592e+02
   7.1291215e+02
   7.1361556e+02
   7.1484556e+02
   7.1505867e+02
   7.1564835e+02
   7.1606405e+02
   7.1627392e+02
   7.1762970e+02
   7.1786689e+02
   7.1806175e+02
   7.1818401e+02
   7.1841111e+02
   7.1911819e+02
   7.2063763e+02
   7.2136991e+02
   7.2253597e+02
   7.2296849e+02
   7.2296849e+02
   7.2371210e+02
   7.2457469e+02
   7.2545980e+02
   7.2636572e+02
   7.2936706e+02
   7.3062386e+02
   7.3174281e+02
   7.3202349e+02
   7.3246786e+02
   7.3330784e+02
   7.3585161e+02
   7.3709703e+02
   7.3785812e+02
   7.3862039e+02
   7.3900483e+02
   7.4129048e+02
   7.4220218e+02
   7.4289626e+02
   7.4337949e+02
   7.4507277e+02
   7.4631158e+02
   7.4726747e+02
   7.4788248e+02
   7.4871258e+02
   7.5145672e+02
   7.5409671e+02
   7.5522547e+02
   7.5629386e+02
   7.5801288e+02
   7.5975574e+02
   7.5975574e+02
   7.6059476e+02
   7.6185380e+02
   7.6243573e+02
   7.6388096e+02
   7.6426524e+02
   7.6473398e+02
   7.6511207e+02
   7.6618918e+02
   7.6705071e+02
   7.6791000e+02
   7.6903238e+02
   7.6989849e+02
   7.7257244e+02
   7.7453188e+02
   7.7644970e+02
   7.7742177e+02
   7.8157453e+02
   7.8289281e+02
   7.8571639e+02
   7.8687119e+02
   7.8734880e+02
   7.8808665e+02
   7.8893281e+02
   7.8995684e+02
   7.9159968e+02
   7.9188764e+02
   7.9261013e+02
   7.9367150e+02
   7.9499470e+02
   7.9546038e+02
   7.9607811e+02
   7.9934085e+02
   8.0044364e+02
   8.0107058e+02
   8.0299315e+02
   8.0618360e+02
   8.0695187e+02
   8.0895023e+02
   8.0916139e+02
   8.0963702e+02
   8.1013179e+02
   8.1027380e+02
   8.1282223e+02
   8.1315066e+02
   8.1819748e+02
   8.1898694e+02
   8.1916967e+02
   8.2129743e+02
   8.2174038e+02
   8.2226809e+02
   8.2348010e+02
   8.2686394e+02
   8.2850015e+02
   8.2919640e+02
   8.2991885e+02
   8.3064060e+02
   8.3168643e+02
   8.3503178e+02
   8.3614412e+02
   8.3718173e+02
   8.3718698e+02
   8.3817750e+02
   8.3948426e+02
   8.3988999e+02
   8.4064576e+02
   8.4189426e+02
   8.4531641e+02
   8.4581388e+02
   8.4771250e+02
   8.4920748e+02
   8.4980631e+02
   8.5027706e+02
   8.5081480e+02
   8.5905986e+02
   8.6160307e+02
   8.6274071e+02
   8.6446641e+02
   8.6504081e+02
   8.6666326e+02
   8.6931018e+02
   8.7037009e+02
   8.7168439e+02
   8.7250530e+02
   8.7364477e+02
   8.7544524e+02
   8.7564352e+02
   8.7774558e+02
   8.8016901e+02
   8.8095357e+02
   8.8300031e+02
   8.8457673e+02
   8.8633781e+02
   8.8825451e+02
   8.9311138e+02
   8.9409647e+02
   8.9606520e+02
   8.9696738e+02
   8.9776931e+02
   8.9938175e+02
   9.0029993e+02
   9.0269554e+02
   9.0373262e+02
   9.0619683e+02
   9.0663330e+02
   9.0999472e+02
   9.1211701e+02
   9.1326446e+02
   9.1646450e+02
   9.1879854e+02
   9.1930480e+02
   9.2394435e+02
   9.2544181e+02
   9.2679097e+02
   9.2739630e+02
   9.3065845e+02
   9.3186027e+02
   9.3404209e+02
   9.3589716e+02
   9.3682471e+02
   9.3790286e+02
   9.4073859e+02
   9.4449477e+02
   9.4603026e+02
   9.4950203e+02
   9.5115712e+02
   9.5222727e+02
   9.5771371e+02
   9.5986045e+02
   9.6021476e+02
   9.6840200e+02
   9.6894990e+02
   9.7464753e+02
   9.7857115e+02
   9.7953818e+02
   9.8008898e+02
   9.8100748e+02
   9.8435909e+02
   9.8620560e+02
   9.8688386e+02
   9.8857028e+02
   9.9127104e+02
   9.9313436e+02
   9.9514460e+02
   9.9597960e+02
   9.9748524e+02
   9.9901658e+02
   1.0047930e+03
   1.0073247e+03
   1.0100146e+03
   1.0128951e+03
   1.0152110e+03
   1.0199842e+03
   1.0212188e+03
   1.0232523e+03
   1.0254710e+03
   1.0258404e+03
   1.0278849e+03
   1.0299875e+03
   1.0318253e+03
   1.0329887e+03
   1.0347888e+03
   1.0367371e+03
   1.0413716e+03
   1.0438230e+03
   1.0473930e+03
   1.0493560e+03
   1.0522649e+03
   1.0544071e+03
   1.0545060e+03
   1.0557859e+03
   1.0568196e+03
   1.0577187e+03
   1.0600563e+03
   1.0609868e+03
   1.0617700e+03
   1.0636065e+03
   1.0653814e+03
   1.0661201e+03
   1.0700134e+03
   1.0715353e+03
   1.0727261e+03
   1.0737850e+03
   1.0762107e+03
   1.0781254e+03
   1.0798786e+03
   1.0816365e+03
   1.0823498e+03
   1.0833980e+03
   1.0852807e+03
   1.0868683e+03
   1.0891849e+03
   1.0900465e+03
   1.0917346e+03
   1.0931176e+03
   1.0946634e+03
   1.0961919e+03
   1.0978084e+03
   1.1014325e+03
   1.1040179e+03
   1.1059772e+03
   1.1059772e+03
   1.1079280e+03
   1.1098636e+03
   1.1125632e+03
   1.1135072e+03
   1.1171883e+03
   1.1177841e+03
   1.1201293e+03
   1.1212476e+03
   1.1229881e+03
   1.1248611e+03
   1.1274249e+03
   1.1289040e+03
   1.1300225e+03
   1.1307767e+03
   1.1316475e+03
   1.1331174e+03
   1.1355097e+03
   1.1361518e+03
   1.1380219e+03
   1.1420989e+03
   1.1448905e+03
   1.1461861e+03
   1.1472450e+03
   1.1483478e+03
   1.1496337e+03
   1.1500284e+03
   1.1510873e+03
   1.1532572e+03
   1.1550736e+03
   1.1567201e+03
   1.1584109e+03
   1.1594998e+03
   1.1600640e+03
   1.1611287e+03
   1.1627256e+03
   1.1642087e+03
   1.1645165e+03
   1.1657465e+03
   1.1679318e+03
   1.1701351e+03
   1.1710069e+03
   1.1719191e+03
   1.1728668e+03
   1.1737567e+03
   1.1764134e+03
   1.1834306e+03
   1.1848866e+03
   1.1893608e+03
   1.1907478e+03
   1.1919483e+03
   1.1926952e+03
   1.1969775e+03
   1.1979606e+03
   1.2006410e+03
   1.2040095e+03
   1.2075318e+03
   1.2106270e+03
   1.2121497e+03
   1.2136828e+03
   1.2144104e+03
   1.2196174e+03
   1.2222476e+03
   1.2259505e+03
   1.2270115e+03
   1.2286860e+03
   1.2319213e+03
   1.2324524e+03
   1.2330961e+03
   1.2345683e+03
   1.2368876e+03
   1.2393056e+03
   1.2409513e+03
   1.2456510e+03
   1.2466136e+03
   1.2524322e+03
   1.2577472e+03
   1.2601282e+03
   1.2621781e+03
   1.2647825e+03
   1.2671409e+03
   1.2690147e+03
   1.2723150e+03
   1.2753952e+03
   1.2784828e+03
   1.2811964e+03
   1.2823126e+03
   1.2854364e+03
   1.2858327e+03
   1.2896964e+03
   1.2913292e+03
   1.2937023e+03
   1.2948429e+03
   1.2990439e+03
   1.3002384e+03
   1.3009785e+03
   1.3022397e+03
   1.3044233e+03
   1.3054123e+03
   1.3075939e+03
   1.3087566e+03
   1.3093102e+03
   1.3116833e+03
   1.3145819e+03
   1.3180070e+03
   1.3193715e+03
   1.3214334e+03
   1.3243316e+03
   1.3257416e+03
   1.3317304e+03
   1.3333193e+03
   1.3373572e+03
   1.3379648e+03
   1.3403314e+03
   1.3425841e+03
   1.3463079e+03
   1.3475568e+03
   1.3481479e+03
   1.3499625e+03
   1.3549628e+03
   1.3562888e+03
   1.3586104e+03
   1.3620533e+03
   1.3642185e+03
   1.3664041e+03
   1.3706688e+03
   1.3723498e+03
   1.3741694e+03
   1.3756734e+03
   1.3796512e+03
   1.3810675e+03
   1.3863054e+03
   1.3889636e+03
   1.3896748e+03
   1.3959268e+03
   1.3990143e+03
   1.4045223e+03
   1.4073443e+03
   1.4077880e+03
   1.4093266e+03
   1.4108228e+03
   1.4142951e+03
   1.4171330e+03
   1.4191729e+03
   1.4203469e+03
   1.4209161e+03
   1.4223945e+03
   1.4251753e+03
   1.4264356e+03
   1.4288191e+03
   1.4290559e+03
   1.4309441e+03
   1.4329609e+03
   1.4368853e+03
   1.4380920e+03
   1.4404247e+03
   1.4438929e+03
   1.4455240e+03
   1.4471847e+03
   1.4494074e+03
   1.4514922e+03
   1.4527468e+03
   1.4574453e+03
   1.4584277e+03
   1.4598408e+03
   1.4640939e+03
   1.4663197e+03
   1.4673827e+03
   1.4690868e+03
   1.4717150e+03
   1.4766038e+03
   1.4782727e+03
   1.4815480e+03
   1.4815816e+03
   1.4831742e+03
   1.4854906e+03
   1.4871768e+03
   1.4893440e+03
   1.4898588e+03
   1.4925538e+03
   1.4937229e+03
   1.4939351e+03
   1.4948149e+03
   1.4969836e+03
   1.5001820e+03
   1.5018576e+03
   1.5042696e+03
   1.5075221e+03
   1.5098705e+03
   1.5106971e+03
   1.5136451e+03
   1.5167713e+03
   1.5202350e+03
   1.5230666e+03
   1.5254158e+03
   1.5262817e+03
   1.5266585e+03
   1.5289460e+03
   1.5304447e+03
   1.5334575e+03
   1.5349190e+03
   1.5383913e+03
   1.5396918e+03
   1.5406154e+03
   1.5422144e+03
   1.5469387e+03
   1.5481581e+03
   1.5506074e+03
   1.5516086e+03
   1.5552291e+03
   1.5570082e+03
   1.5593991e+03
   1.5596968e+03
   1.5605641e+03
   1.5616079e+03
   1.5635631e+03
   1.5654849e+03
   1.5671068e+03
   1.5720198e+03
   1.5728277e+03
   1.5736097e+03
   1.5759303e+03
   1.5785537e+03
   1.5792087e+03
   1.5802640e+03
   1.5817310e+03
   1.5850577e+03
   1.5864992e+03
   1.5888865e+03
   1.5901703e+03
   1.5910022e+03
   1.5933698e+03
   1.5949575e+03
   1.5991787e+03
   1.6003696e+03
   1.6008178e+03
   1.6027320e+03
   1.6055372e+03
   1.6073597e+03
   1.6096995e+03
   1.6107860e+03
   1.6112340e+03
   1.6147557e+03
   1.6197018e+03
   1.6208515e+03
   1.6231829e+03
   1.6249487e+03
   1.6265908e+03
   1.6283171e+03
   1.6302326e+03
   1.6339379e+03
   1.6361560e+03
   1.6370004e+03
   1.6375699e+03
   1.6399365e+03
   1.6443276e+03
   1.6479484e+03
   1.6489158e+03
   1.6504239e+03
   1.6517449e+03
   1.6526144e+03
   1.6527696e+03
   1.6562665e+03
   1.6580779e+03
   1.6602464e+03
   1.6622924e+03
   1.6641372e+03
   1.6645795e+03
   1.6646583e+03
   1.6658408e+03
   1.6669027e+03
   1.6673959e+03
   1.6684582e+03
