   1.4453921e-01
   3.1190856e-01
   4.4718442e-01
   5.7629247e-01
   6.8767179e-01
   8.6287737e-01
   1.0140317e+00
   1.1063367e+00
   1.2881372e+00
   1.5813867e+00
   1.6905132e+00
   1.9390042e+00
   2.2215109e+00
   2.3393567e+00
   2.6115726e+00
   2.8383425e+00
   3.0225933e+00
   3.2821141e+00
   3.3931622e+00
   3.5631298e+00
   3.7770802e+00
   4.0673941e+00
   4.3978110e+00
   4.5631594e+00
   4.6219635e+00
   4.7767205e+00
   4.9609211e+00
   5.1746018e+00
   5.2879194e+00
   5.4240875e+00
   5.5799465e+00
   5.8174309e+00
   5.9838356e+00
   6.1271367e+00
   6.2643398e+00
   6.4045680e+00
   6.5873432e+00
   6.7946742e+00
   6.9788889e+00
   7.1312228e+00
   7.3068288e+00
   7.4301066e+00
   7.5556110e+00
   7.6073696e+00
   7.7463809e+00
   7.8382585e+00
   7.9429818e+00
   8.0462191e+00
   8.1195506e+00
   8.1206154e+00
   8.2545674e+00
   8.3700785e+00
   8.5596126e+00
   8.6390294e+00
   8.7448121e+00
   8.8130906e+00
   8.8972979e+00
   9.0805101e+00
   9.1637852e+00
   9.4442481e+00
   9.7330825e+00
   9.9766338e+00
   1.0217582e+01
   1.0462926e+01
   1.0513637e+01
   1.0636543e+01
   1.0733167e+01
   1.0954818e+01
   1.1392226e+01
   1.1664444e+01
   1.1724773e+01
   1.1749869e+01
   1.1843909e+01
   1.1910683e+01
   1.1989713e+01
   1.2242054e+01
   1.2410706e+01
   1.2548833e+01
   1.2705367e+01
   1.2820661e+01
   1.2985182e+01
   1.3252722e+01
   1.3571269e+01
   1.3765993e+01
   1.3911612e+01
   1.4103941e+01
   1.4282671e+01
   1.4289883e+01
   1.4452426e+01
   1.4696139e+01
   1.4898444e+01
   1.4931763e+01
   1.4964905e+01
   1.5132523e+01
   1.5263786e+01
   1.5367063e+01
   1.5562313e+01
   1.5697027e+01
   1.5872903e+01
   1.6249416e+01
   1.6653940e+01
   1.7084554e+01
   1.7452442e+01
   1.7706501e+01
   1.8011014e+01
   1.8483726e+01
   1.8852104e+01
   1.9601367e+01
   1.9797188e+01
   2.0119541e+01
   2.0519452e+01
   2.0995537e+01
   2.1397171e+01
   2.1749715e+01
   2.2125044e+01
   2.2524585e+01
   2.2963180e+01
   2.3211299e+01
   2.3588393e+01
   2.3866934e+01
   2.4208382e+01
   2.4383914e+01
   2.4696071e+01
   2.5321208e+01
   2.5982507e+01
   2.6297481e+01
   2.6598165e+01
   2.6843862e+01
   2.7138517e+01
   2.7504613e+01
   2.7727503e+01
   2.7982684e+01
   2.8225652e+01
   2.8511766e+01
   2.8869580e+01
   2.9188254e+01
   2.9617998e+01
   3.0023388e+01
   3.0457557e+01
   3.0746080e+01
   3.1069756e+01
   3.1405102e+01
   3.1654727e+01
   3.1973317e+01
   3.2488938e+01
   3.2968031e+01
   3.3393567e+01
   3.3728107e+01
   3.4013964e+01
   3.4243634e+01
   3.4477549e+01
   3.4814463e+01
   3.5319872e+01
   3.5706453e+01
   3.6030870e+01
   3.6428626e+01
   3.6695302e+01
   3.6930253e+01
   3.7017692e+01
   3.7188701e+01
   3.7339159e+01
   3.7517602e+01
   3.7634634e+01
   3.8022325e+01
   3.8210066e+01
   3.8540791e+01
   3.8928057e+01
   3.9295220e+01
   3.9736692e+01
   4.0429741e+01
   4.0721158e+01
   4.0911861e+01
   4.1112721e+01
   4.1280619e+01
   4.1565132e+01
   4.1853815e+01
   4.2172561e+01
   4.2331355e+01
   4.2550326e+01
   4.2809947e+01
   4.3280921e+01
   4.3560829e+01
   4.4196474e+01
   4.4704738e+01
   4.5057468e+01
   4.5366126e+01
   4.5866922e+01
   4.6257455e+01
   4.6575805e+01
   4.6955624e+01
   4.7161702e+01
   4.7575332e+01
   4.7762792e+01
   4.8080197e+01
   4.8552826e+01
   4.9124457e+01
   4.9349585e+01
   4.9687658e+01
   5.0176577e+01
   5.0820179e+01
   5.1148173e+01
   5.1515545e+01
   5.1772505e+01
   5.2433143e+01
   5.3159998e+01
   5.3756827e+01
   5.4578202e+01
   5.5287832e+01
   5.5774038e+01
   5.6133667e+01
   5.6690752e+01
   5.7009983e+01
   5.7616780e+01
   5.8296680e+01
   5.8997603e+01
   5.9640892e+01
   6.0417418e+01
   6.0883909e+01
   6.1245469e+01
   6.1917149e+01
   6.2623001e+01
   6.3041465e+01
   6.3607639e+01
   6.4210388e+01
   6.4925378e+01
   6.5692325e+01
   6.6669542e+01
   6.7107201e+01
   6.7542186e+01
   6.7863072e+01
   6.8394730e+01
   6.8733861e+01
   6.9323209e+01
   7.0262354e+01
   7.0723437e+01
   7.1045087e+01
   7.1598214e+01
   7.2199267e+01
   7.2887047e+01
   7.3752214e+01
   7.4788603e+01
   7.5264952e+01
   7.5491416e+01
   7.6213150e+01
   7.7029201e+01
   7.7531437e+01
   7.7944989e+01
   7.8092876e+01
   7.8532260e+01
   7.8993294e+01
   7.9673018e+01
   8.0376682e+01
   8.0718093e+01
   8.1398145e+01
   8.2129031e+01
   8.3254925e+01
   8.3773511e+01
   8.4371611e+01
   8.4796154e+01
   8.5224923e+01
   8.5709794e+01
   8.6169307e+01
   8.6815035e+01
   8.7247053e+01
   8.7683970e+01
   8.8101264e+01
   8.8296471e+01
   8.8712308e+01
   8.9472987e+01
   9.0392778e+01
   9.1004331e+01
   9.1383778e+01
   9.2271447e+01
   9.3164712e+01
   9.3886023e+01
   9.4510465e+01
   9.4918155e+01
   9.5376612e+01
   9.5801166e+01
   9.6227666e+01
   9.6475276e+01
   9.7392414e+01
   9.7956655e+01
   9.8462478e+01
   9.9091186e+01
   9.9525637e+01
   1.0010176e+02
   1.0053462e+02
   1.0151132e+02
   1.0213241e+02
   1.0275345e+02
   1.0348567e+02
   1.0430326e+02
   1.0514164e+02
   1.0544689e+02
   1.0585364e+02
   1.0641876e+02
   1.0663165e+02
   1.0716848e+02
   1.0807907e+02
   1.0896019e+02
   1.0961941e+02
   1.1020746e+02
   1.1099331e+02
   1.1165867e+02
   1.1255383e+02
   1.1348530e+02
   1.1389797e+02
   1.1467600e+02
   1.1532799e+02
   1.1600144e+02
   1.1665716e+02
   1.1723935e+02
   1.1783680e+02
   1.1867453e+02
   1.1960654e+02
   1.2031624e+02
   1.2112149e+02
   1.2158289e+02
   1.2237947e+02
   1.2329305e+02
   1.2401707e+02
   1.2474119e+02
   1.2543201e+02
   1.2594419e+02
   1.2669551e+02
   1.2756549e+02
   1.2855366e+02
   1.2882694e+02
   1.2926210e+02
   1.2985436e+02
   1.3054649e+02
   1.3111376e+02
   1.3146358e+02
   1.3203574e+02
   1.3293324e+02
   1.3403697e+02
   1.3467092e+02
   1.3529442e+02
   1.3605716e+02
   1.3643000e+02
   1.3721034e+02
   1.3782241e+02
   1.3843310e+02
   1.3910973e+02
   1.3983249e+02
   1.4055906e+02
   1.4156305e+02
   1.4241034e+02
   1.4352055e+02
   1.4426501e+02
   1.4498096e+02
   1.4576050e+02
   1.4641901e+02
   1.4731336e+02
   1.4798327e+02
   1.4893092e+02
   1.4998458e+02
   1.5097162e+02
   1.5188308e+02
   1.5239994e+02
   1.5277049e+02
   1.5352281e+02
   1.5450477e+02
   1.5520406e+02
   1.5589301e+02
   1.5672247e+02
   1.5752117e+02
   1.5800866e+02
   1.5861565e+02
   1.5950497e+02
   1.6041309e+02
   1.6108605e+02
   1.6130722e+02
   1.6211295e+02
   1.6308706e+02
   1.6350116e+02
   1.6433635e+02
   1.6512943e+02
   1.6556854e+02
   1.6631011e+02
   1.6678108e+02
   1.6752021e+02
   1.6808496e+02
   1.6838044e+02
   1.6922440e+02
   1.7003015e+02
   1.7073243e+02
   1.7153974e+02
   1.7233692e+02
   1.7309975e+02
   1.7390484e+02
   1.7470844e+02
   1.7533084e+02
   1.7602311e+02
   1.7727720e+02
   1.7841925e+02
   1.7921738e+02
   1.7967462e+02
   1.8070405e+02
   1.8103073e+02
   1.8155298e+02
   1.8237404e+02
   1.8298566e+02
   1.8320900e+02
   1.8358561e+02
   1.8416074e+02
   1.8451972e+02
   1.8486537e+02
   1.8518192e+02
   1.8567459e+02
   1.8595168e+02
   1.8628058e+02
   1.8656550e+02
   1.8690910e+02
   1.8724012e+02
   1.8768872e+02
   1.8815832e+02
   1.8866690e+02
   1.8900812e+02
   1.8925846e+02
   1.8963660e+02
   1.8988081e+02
   1.9041695e+02
   1.9099154e+02
   1.9164443e+02
   1.9184530e+02
   1.9208053e+02
   1.9238811e+02
   1.9279544e+02
   1.9316520e+02
   1.9379830e+02
   1.9431016e+02
   1.9465458e+02
   1.9527970e+02
   1.9583601e+02
   1.9650359e+02
   1.9716571e+02
   1.9786053e+02
   1.9810484e+02
   1.9857486e+02
   1.9886398e+02
   1.9904592e+02
   1.9945430e+02
   1.9977291e+02
   2.0004967e+02
   2.0059746e+02
   2.0094684e+02
   2.0122291e+02
   2.0183606e+02
   2.0234616e+02
   2.0283832e+02
   2.0305659e+02
   2.0326361e+02
   2.0358348e+02
   2.0394517e+02
   2.0427124e+02
   2.0455027e+02
   2.0485014e+02
   2.0511290e+02
   2.0550684e+02
   2.0588215e+02
   2.0634159e+02
   2.0676985e+02
   2.0729853e+02
   2.0793368e+02
   2.0857780e+02
   2.0899344e+02
   2.0948104e+02
   2.1005173e+02
   2.1038687e+02
   2.1068800e+02
   2.1116550e+02
   2.1139589e+02
   2.1173953e+02
   2.1223758e+02
   2.1259698e+02
   2.1303912e+02
   2.1319434e+02
   2.1375098e+02
   2.1409527e+02
   2.1446219e+02
   2.1460380e+02
   2.1475769e+02
   2.1528672e+02
   2.1576630e+02
   2.1603732e+02
   2.1624740e+02
   2.1653453e+02
   2.1684605e+02
   2.1713550e+02
   2.1739202e+02
   2.1782739e+02
   2.1792165e+02
   2.1808425e+02
   2.1833392e+02
   2.1853170e+02
   2.1914082e+02
   2.1950013e+02
   2.2011505e+02
   2.2090776e+02
   2.2133970e+02
   2.2188834e+02
   2.2222337e+02
   2.2265982e+02
   2.2326303e+02
   2.2393365e+02
   2.2430496e+02
   2.2465595e+02
   2.2494873e+02
   2.2560790e+02
   2.2606510e+02
   2.2654991e+02
   2.2702262e+02
   2.2758628e+02
   2.2823205e+02
   2.2889577e+02
   2.2940528e+02
   2.2987464e+02
   2.3069131e+02
   2.3135980e+02
   2.3185961e+02
   2.3245503e+02
   2.3320550e+02
   2.3381568e+02
   2.3413191e+02
   2.3458722e+02
   2.3515907e+02
   2.3554318e+02
   2.3591480e+02
   2.3625904e+02
   2.3662065e+02
   2.3697102e+02
   2.3723349e+02
   2.3763860e+02
   2.3810545e+02
   2.3843363e+02
   2.3914102e+02
   2.3972104e+02
   2.4050860e+02
   2.4123242e+02
   2.4188196e+02
   2.4244760e+02
   2.4302993e+02
   2.4373625e+02
   2.4449260e+02
   2.4505395e+02
   2.4544212e+02
   2.4603621e+02
   2.4650877e+02
   2.4723659e+02
   2.4784916e+02
   2.4817749e+02
   2.4874636e+02
   2.4939521e+02
   2.4958640e+02
   2.5003622e+02
   2.5059057e+02
   2.5133698e+02
   2.5185893e+02
   2.5240555e+02
   2.5319189e+02
   2.5384756e+02
   2.5449475e+02
   2.5500620e+02
   2.5537163e+02
   2.5578083e+02
   2.5616335e+02
   2.5659722e+02
   2.5701825e+02
   2.5786542e+02
   2.5856411e+02
   2.5895168e+02
   2.5960975e+02
   2.6009388e+02
   2.6042277e+02
   2.6080356e+02
   2.6140002e+02
   2.6216121e+02
   2.6265115e+02
   2.6312090e+02
   2.6334370e+02
   2.6379836e+02
   2.6441976e+02
   2.6526318e+02
   2.6564173e+02
   2.6615228e+02
   2.6666924e+02
   2.6720704e+02
   2.6750889e+02
   2.6802601e+02
   2.6863908e+02
   2.6937538e+02
   2.6993576e+02
   2.7045521e+02
   2.7104600e+02
   2.7155970e+02
   2.7196741e+02
   2.7230791e+02
   2.7346921e+02
   2.7445636e+02
   2.7543896e+02
   2.7595650e+02
   2.7637720e+02
   2.7662535e+02
   2.7717564e+02
   2.7772855e+02
   2.7863247e+02
   2.7913806e+02
   2.7988286e+02
   2.8038943e+02
   2.8082778e+02
   2.8149863e+02
   2.8198646e+02
   2.8241654e+02
   2.8306883e+02
   2.8393090e+02
   2.8492945e+02
   2.8581835e+02
   2.8661246e+02
   2.8741190e+02
   2.8815217e+02
   2.8893404e+02
   2.8931158e+02
   2.9002148e+02
   2.9053101e+02
   2.9115200e+02
   2.9173705e+02
   2.9265629e+02
   2.9314914e+02
   2.9390907e+02
   2.9487396e+02
   2.9531810e+02
   2.9636509e+02
   2.9730212e+02
   2.9781628e+02
   2.9891873e+02
   2.9975011e+02
   3.0015363e+02
   3.0047060e+02
   3.0093467e+02
   3.0192935e+02
   3.0267392e+02
   3.0334821e+02
   3.0380947e+02
   3.0426774e+02
   3.0500450e+02
   3.0588254e+02
   3.0635503e+02
   3.0747594e+02
   3.0825146e+02
   3.0858863e+02
   3.0948686e+02
   3.1028240e+02
   3.1095688e+02
   3.1187747e+02
   3.1264471e+02
   3.1342805e+02
   3.1444746e+02
   3.1505816e+02
   3.1566879e+02
   3.1596987e+02
   3.1677414e+02
   3.1763706e+02
   3.1820127e+02
   3.1892523e+02
   3.1971179e+02
   3.2035665e+02
   3.2126766e+02
   3.2172768e+02
   3.2226961e+02
   3.2286968e+02
   3.2404872e+02
   3.2499766e+02
   3.2601911e+02
   3.2665865e+02
   3.2733784e+02
   3.2835773e+02
   3.2914387e+02
   3.2986778e+02
   3.3086536e+02
   3.3151263e+02
   3.3216138e+02
   3.3285968e+02
   3.3372530e+02
   3.3432204e+02
   3.3505342e+02
   3.3583377e+02
   3.3664450e+02
   3.3773784e+02
   3.3859020e+02
   3.3952459e+02
   3.4046450e+02
   3.4074564e+02
   3.4144031e+02
   3.4192328e+02
   3.4236026e+02
   3.4318537e+02
   3.4388002e+02
   3.4437473e+02
   3.4466320e+02
   3.4511606e+02
   3.4571333e+02
   3.4635503e+02
   3.4736849e+02
   3.4809661e+02
   3.4883885e+02
   3.4953610e+02
   3.5025862e+02
   3.5071476e+02
   3.5151267e+02
   3.5211425e+02
   3.5281601e+02
   3.5338561e+02
   3.5412321e+02
   3.5481724e+02
   3.5571930e+02
   3.5665335e+02
   3.5759327e+02
   3.5780319e+02
   3.5832496e+02
   3.5932007e+02
   3.5992102e+02
   3.6042919e+02
   3.6163397e+02
   3.6270788e+02
   3.6318115e+02
   3.6373873e+02
   3.6473155e+02
   3.6569218e+02
   3.6624265e+02
   3.6709775e+02
   3.6786739e+02
   3.6825025e+02
   3.6871934e+02
   3.6919953e+02
   3.7008415e+02
   3.7102625e+02
   3.7185621e+02
   3.7264598e+02
   3.7297696e+02
   3.7331578e+02
   3.7396396e+02
   3.7488456e+02
   3.7568240e+02
   3.7639458e+02
   3.7732915e+02
   3.7826301e+02
   3.7866155e+02
   3.7931190e+02
   3.7983643e+02
   3.8050876e+02
   3.8108441e+02
   3.8154296e+02
   3.8219475e+02
   3.8276901e+02
   3.8333252e+02
   3.8419969e+02
   3.8485376e+02
   3.8533649e+02
   3.8575881e+02
   3.8633609e+02
   3.8670008e+02
   3.8699767e+02
   3.8746446e+02
   3.8829476e+02
   3.8922660e+02
   3.8972795e+02
   3.9033899e+02
   3.9061250e+02
   3.9111200e+02
   3.9207671e+02
   3.9322564e+02
   3.9409341e+02
   3.9517799e+02
   3.9593615e+02
   3.9671910e+02
   3.9735050e+02
   3.9819328e+02
   3.9887386e+02
   3.9960808e+02
   4.0026255e+02
   4.0112557e+02
   4.0193651e+02
   4.0243780e+02
   4.0276035e+02
   4.0322760e+02
   4.0385214e+02
   4.0459349e+02
   4.0547689e+02
   4.0621996e+02
   4.0696908e+02
   4.0805655e+02
   4.0896336e+02
   4.0955120e+02
   4.1013065e+02
   4.1100869e+02
   4.1191122e+02
   4.1279009e+02
   4.1380272e+02
   4.1465879e+02
   4.1576478e+02
   4.1610318e+02
   4.1648867e+02
   4.1767778e+02
   4.1856736e+02
   4.1956992e+02
   4.2031875e+02
   4.2064613e+02
   4.2197797e+02
   4.2271713e+02
   4.2292216e+02
   4.2358956e+02
   4.2456814e+02
   4.2516137e+02
   4.2610025e+02
   4.2719876e+02
   4.2798231e+02
   4.2892300e+02
   4.3016876e+02
   4.3107835e+02
   4.3179228e+02
   4.3237524e+02
   4.3322258e+02
   4.3407001e+02
   4.3460629e+02
   4.3541507e+02
   4.3587601e+02
   4.3671360e+02
   4.3721600e+02
   4.3833587e+02
   4.3914446e+02
   4.3990445e+02
   4.4091471e+02
   4.4193229e+02
   4.4326776e+02
   4.4388908e+02
   4.4478202e+02
   4.4563647e+02
   4.4623963e+02
   4.4699492e+02
   4.4778643e+02
   4.4852712e+02
   4.4879709e+02
   4.4965615e+02
   4.5091140e+02
   4.5204460e+02
   4.5260840e+02
   4.5348930e+02
   4.5456719e+02
   4.5549710e+02
   4.5663267e+02
   4.5772098e+02
   4.5847175e+02
   4.5939526e+02
   4.6036014e+02
   4.6167043e+02
   4.6302560e+02
   4.6353935e+02
   4.6448668e+02
   4.6575472e+02
   4.6644301e+02
   4.6765362e+02
   4.6885186e+02
   4.6959029e+02
   4.7023799e+02
   4.7109587e+02
   4.7205031e+02
   4.7308563e+02
   4.7415453e+02
   4.7486266e+02
   4.7521915e+02
   4.7581223e+02
   4.7658168e+02
   4.7742797e+02
   4.7832423e+02
   4.7890701e+02
   4.7943375e+02
   4.7999593e+02
   4.8117251e+02
   4.8195194e+02
   4.8281545e+02
   4.8391388e+02
   4.8494351e+02
   4.8527534e+02
   4.8590841e+02
   4.8692056e+02
   4.8760478e+02
   4.8848430e+02
   4.8943956e+02
   4.9013721e+02
   4.9087882e+02
   4.9208185e+02
   4.9300055e+02
   4.9345893e+02
   4.9416868e+02
   4.9526421e+02
   4.9628542e+02
   4.9725479e+02
   4.9796422e+02
   4.9857141e+02
   4.9933820e+02
   5.0021531e+02
   5.0114698e+02
   5.0168497e+02
   5.0251776e+02
   5.0359006e+02
   5.0427247e+02
   5.0471880e+02
   5.0569983e+02
   5.0663892e+02
   5.0771531e+02
   5.0841899e+02
   5.0958730e+02
   5.1047590e+02
   5.1123856e+02
   5.1218297e+02
   5.1331681e+02
   5.1425555e+02
   5.1487443e+02
   5.1519296e+02
   5.1589496e+02
   5.1633123e+02
   5.1678014e+02
   5.1787759e+02
   5.1890145e+02
   5.1962581e+02
   5.2067212e+02
   5.2135642e+02
   5.2212876e+02
   5.2284215e+02
   5.2397460e+02
   5.2499683e+02
   5.2569046e+02
   5.2672933e+02
   5.2772571e+02
   5.2859707e+02
   5.2944103e+02
   5.3019373e+02
   5.3084146e+02
   5.3111878e+02
   5.3164933e+02
   5.3248586e+02
   5.3338389e+02
   5.3452018e+02
   5.3547428e+02
   5.3596871e+02
   5.3664013e+02
   5.3772278e+02
   5.3857538e+02
   5.3915390e+02
   5.3993710e+02
   5.4060447e+02
   5.4095132e+02
   5.4152134e+02
   5.4202012e+02
   5.4249085e+02
   5.4328083e+02
   5.4418325e+02
   5.4521383e+02
   5.4641751e+02
   5.4692634e+02
   5.4774252e+02
   5.4844573e+02
   5.4946594e+02
   5.5031325e+02
   5.5095879e+02
   5.5137398e+02
   5.5223633e+02
   5.5325644e+02
   5.5416621e+02
   5.5477544e+02
   5.5541701e+02
   5.5578510e+02
   5.5638093e+02
   5.5728319e+02
   5.5823492e+02
   5.5922449e+02
   5.5987425e+02
   5.5999810e+02
   5.6084173e+02
   5.6180906e+02
   5.6260739e+02
   5.6302897e+02
   5.6366585e+02
   5.6423641e+02
   5.6489244e+02
   5.6543482e+02
   5.6617511e+02
   5.6671136e+02
   5.6777240e+02
   5.6880797e+02
   5.6961264e+02
   5.7022540e+02
   5.7044594e+02
   5.7097200e+02
   5.7186524e+02
   5.7243361e+02
   5.7270741e+02
