   2.0891583e-02
   4.8904082e-02
   6.7203641e-02
   8.3872529e-02
   9.6277882e-02
   1.2697488e-01
   1.4982250e-01
   1.5834271e-01
   1.9139415e-01
   2.7738939e-01
   2.8929799e-01
   3.5104579e-01
   4.3085580e-01
   4.4474342e-01
   5.1884492e-01
   5.7026955e-01
   6.0421787e-01
   6.7156891e-01
   6.8390060e-01
   7.1278958e-01
   7.5856438e-01
   8.4284650e-01
   9.5202188e-01
   9.7936197e-01
   9.8281989e-01
   1.0067696e+00
   1.0406995e+00
   1.0863589e+00
   1.0991998e+00
   1.1177415e+00
   1.1420336e+00
   1.1984324e+00
   1.2261229e+00
   1.2466581e+00
   1.2654828e+00
   1.2851468e+00
   1.3185535e+00
   1.3615397e+00
   1.3954747e+00
   1.4186804e+00
   1.4495178e+00
   1.4647153e+00
   1.4804666e+00
   1.4831456e+00
   1.5024697e+00
   1.5109112e+00
   1.5218782e+00
   1.5325361e+00
   1.5379136e+00
   1.5379147e+00
   1.5558579e+00
   1.5692007e+00
   1.6051239e+00
   1.6114309e+00
   1.6226209e+00
   1.6272828e+00
   1.6343737e+00
   1.6679404e+00
   1.6748752e+00
   1.7535346e+00
   1.8369599e+00
   1.8962771e+00
   1.9543333e+00
   2.0145268e+00
   2.0170984e+00
   2.0322044e+00
   2.0415405e+00
   2.0906697e+00
   2.2819955e+00
   2.3560980e+00
   2.3597376e+00
   2.3603674e+00
   2.3692110e+00
   2.3736697e+00
   2.3799155e+00
   2.4435915e+00
   2.4720349e+00
   2.4911141e+00
   2.5156169e+00
   2.5289097e+00
   2.5559768e+00
   2.6275542e+00
   2.7290263e+00
   2.7669438e+00
   2.7881489e+00
   2.8251390e+00
   2.8570836e+00
   2.8571356e+00
   2.8835558e+00
   2.9429518e+00
   2.9838793e+00
   2.9849895e+00
   2.9860878e+00
   3.0141838e+00
   3.0314138e+00
   3.0420800e+00
   3.0802022e+00
   3.0983501e+00
   3.1292825e+00
   3.2710445e+00
   3.4346846e+00
   3.6201128e+00
   3.7554542e+00
   3.8200000e+00
   3.9127283e+00
   4.1361850e+00
   4.2718873e+00
   4.8332819e+00
   4.8716278e+00
   4.9755392e+00
   5.1354684e+00
   5.3621249e+00
   5.5234351e+00
   5.6477227e+00
   5.7885942e+00
   5.9482274e+00
   6.1405928e+00
   6.2021558e+00
   6.3443560e+00
   6.4219407e+00
   6.5385278e+00
   6.5693393e+00
   6.6667809e+00
   7.0575774e+00
   7.4948932e+00
   7.5941020e+00
   7.6845132e+00
   7.7448799e+00
   7.8317015e+00
   7.9657281e+00
   8.0154081e+00
   8.0805251e+00
   8.1395585e+00
   8.2214199e+00
   8.3494511e+00
   8.4510037e+00
   8.6356841e+00
   8.8000250e+00
   8.9885276e+00
   9.0717734e+00
   9.1765393e+00
   9.2889964e+00
   9.3513089e+00
   9.4528087e+00
   9.7186733e+00
   9.9482038e+00
   1.0129285e+01
   1.0241202e+01
   1.0322916e+01
   1.0375664e+01
   1.0430380e+01
   1.0543891e+01
   1.0799330e+01
   1.0948775e+01
   1.1054021e+01
   1.1212230e+01
   1.1283347e+01
   1.1338548e+01
   1.1346194e+01
   1.1375438e+01
   1.1398076e+01
   1.1429918e+01
   1.1443614e+01
   1.1593919e+01
   1.1629166e+01
   1.1738545e+01
   1.1888520e+01
   1.2023328e+01
   1.2218226e+01
   1.2698543e+01
   1.2783467e+01
   1.2819834e+01
   1.2860179e+01
   1.2888369e+01
   1.2969316e+01
   1.3052655e+01
   1.3154254e+01
   1.3179469e+01
   1.3227417e+01
   1.3294820e+01
   1.3516637e+01
   1.3594985e+01
   1.3999030e+01
   1.4257363e+01
   1.4381781e+01
   1.4477051e+01
   1.4727848e+01
   1.4880364e+01
   1.4981710e+01
   1.5125973e+01
   1.5168441e+01
   1.5339531e+01
   1.5374672e+01
   1.5475418e+01
   1.5698796e+01
   1.6025558e+01
   1.6076240e+01
   1.6190534e+01
   1.6429576e+01
   1.6843799e+01
   1.6951380e+01
   1.7086342e+01
   1.7152370e+01
   1.7588812e+01
   1.8117130e+01
   1.8473336e+01
   1.9147992e+01
   1.9651567e+01
   1.9887963e+01
   2.0017297e+01
   2.0327640e+01
   2.0429549e+01
   2.0797751e+01
   2.1260015e+01
   2.1751308e+01
   2.2165129e+01
   2.2768120e+01
   2.2985735e+01
   2.3116460e+01
   2.3567615e+01
   2.4065842e+01
   2.4240954e+01
   2.4561506e+01
   2.4924813e+01
   2.5436023e+01
   2.6024232e+01
   2.6979185e+01
   2.7170730e+01
   2.7359942e+01
   2.7462910e+01
   2.7745570e+01
   2.7860580e+01
   2.8207911e+01
   2.9089904e+01
   2.9302502e+01
   2.9405961e+01
   2.9711910e+01
   3.0073175e+01
   3.0546216e+01
   3.1294730e+01
   3.2368832e+01
   3.2595740e+01
   3.2647026e+01
   3.3167927e+01
   3.3833866e+01
   3.4086107e+01
   3.4257132e+01
   3.4279003e+01
   3.4472061e+01
   3.4684613e+01
   3.5146639e+01
   3.5641780e+01
   3.5758342e+01
   3.6220813e+01
   3.6755007e+01
   3.8022644e+01
   3.8291575e+01
   3.8649300e+01
   3.8829536e+01
   3.9013379e+01
   3.9248479e+01
   3.9459631e+01
   3.9876596e+01
   4.0063235e+01
   4.0254132e+01
   4.0428266e+01
   4.0466372e+01
   4.0639292e+01
   4.1217926e+01
   4.2063940e+01
   4.2437938e+01
   4.2581918e+01
   4.3369874e+01
   4.4167796e+01
   4.4688085e+01
   4.5078013e+01
   4.5244224e+01
   4.5454407e+01
   4.5634654e+01
   4.5816556e+01
   4.5877866e+01
   4.6719009e+01
   4.7037376e+01
   4.7293234e+01
   4.7688507e+01
   4.7877255e+01
   4.8209176e+01
   4.8396543e+01
   4.9350477e+01
   4.9736229e+01
   5.0121918e+01
   5.0658071e+01
   5.1326531e+01
   5.2029407e+01
   5.2122581e+01
   5.2288029e+01
   5.2607390e+01
   5.2652713e+01
   5.2940899e+01
   5.3770072e+01
   5.4546442e+01
   5.4981015e+01
   5.5326818e+01
   5.5944384e+01
   5.6387080e+01
   5.7188395e+01
   5.8056039e+01
   5.8226331e+01
   5.8831656e+01
   5.9256751e+01
   5.9710284e+01
   6.0140255e+01
   6.0479198e+01
   6.0836153e+01
   6.1537934e+01
   6.2406579e+01
   6.2910250e+01
   6.3558684e+01
   6.3771572e+01
   6.4406110e+01
   6.5240749e+01
   6.5764953e+01
   6.6289296e+01
   6.6766534e+01
   6.7028858e+01
   6.7593336e+01
   6.8350214e+01
   6.9326691e+01
   6.9401373e+01
   6.9590735e+01
   6.9941504e+01
   7.0420558e+01
   7.0742350e+01
   7.0864723e+01
   7.1192087e+01
   7.1997600e+01
   7.3215821e+01
   7.3617711e+01
   7.4006465e+01
   7.4588242e+01
   7.4727253e+01
   7.5336169e+01
   7.5710805e+01
   7.6083744e+01
   7.6541570e+01
   7.7063955e+01
   7.7591862e+01
   7.8599867e+01
   7.9317765e+01
   8.0550324e+01
   8.1104542e+01
   8.1617124e+01
   8.2224810e+01
   8.2658446e+01
   8.3458317e+01
   8.3907095e+01
   8.4805130e+01
   8.5915318e+01
   8.6889581e+01
   8.7720332e+01
   8.7987478e+01
   8.8124787e+01
   8.8690765e+01
   8.9655010e+01
   9.0144023e+01
   9.0618677e+01
   9.1306685e+01
   9.1944592e+01
   9.2182245e+01
   9.2550675e+01
   9.3341574e+01
   9.4166250e+01
   9.4619131e+01
   9.4668045e+01
   9.5317255e+01
   9.6266132e+01
   9.6437613e+01
   9.7135159e+01
   9.7764129e+01
   9.7956953e+01
   9.8506865e+01
   9.8728678e+01
   9.9275004e+01
   9.9593936e+01
   9.9681245e+01
   1.0039352e+02
   1.0104276e+02
   1.0153594e+02
   1.0218770e+02
   1.0282320e+02
   1.0340511e+02
   1.0405327e+02
   1.0469905e+02
   1.0508643e+02
   1.0556567e+02
   1.0713842e+02
   1.0844270e+02
   1.0907971e+02
   1.0928877e+02
   1.1034850e+02
   1.1045522e+02
   1.1072797e+02
   1.1140210e+02
   1.1177619e+02
   1.1182607e+02
   1.1196790e+02
   1.1229868e+02
   1.1242754e+02
   1.1254702e+02
   1.1264722e+02
   1.1288995e+02
   1.1296672e+02
   1.1307490e+02
   1.1315608e+02
   1.1327414e+02
   1.1338372e+02
   1.1358496e+02
   1.1380548e+02
   1.1406413e+02
   1.1418057e+02
   1.1424323e+02
   1.1438623e+02
   1.1444587e+02
   1.1473331e+02
   1.1506347e+02
   1.1548974e+02
   1.1553008e+02
   1.1558542e+02
   1.1568002e+02
   1.1584594e+02
   1.1598266e+02
   1.1638348e+02
   1.1664548e+02
   1.1676410e+02
   1.1715488e+02
   1.1746436e+02
   1.1791002e+02
   1.1834843e+02
   1.1883120e+02
   1.1889089e+02
   1.1911181e+02
   1.1919540e+02
   1.1922850e+02
   1.1939527e+02
   1.1949679e+02
   1.1957338e+02
   1.1987345e+02
   1.1999552e+02
   1.2007174e+02
   1.2044769e+02
   1.2070790e+02
   1.2095011e+02
   1.2099776e+02
   1.2104062e+02
   1.2114293e+02
   1.2127375e+02
   1.2138007e+02
   1.2145793e+02
   1.2154785e+02
   1.2161690e+02
   1.2177209e+02
   1.2191294e+02
   1.2212402e+02
   1.2230743e+02
   1.2258694e+02
   1.2299035e+02
   1.2340524e+02
   1.2357800e+02
   1.2381575e+02
   1.2414143e+02
   1.2425376e+02
   1.2434444e+02
   1.2457244e+02
   1.2462552e+02
   1.2474361e+02
   1.2499167e+02
   1.2512083e+02
   1.2531632e+02
   1.2534041e+02
   1.2565026e+02
   1.2576880e+02
   1.2590342e+02
   1.2592348e+02
   1.2594716e+02
   1.2622703e+02
   1.2645703e+02
   1.2653048e+02
   1.2657461e+02
   1.2665705e+02
   1.2675410e+02
   1.2683788e+02
   1.2690368e+02
   1.2709324e+02
   1.2710212e+02
   1.2712856e+02
   1.2719090e+02
   1.2723001e+02
   1.2760103e+02
   1.2773014e+02
   1.2810827e+02
   1.2873665e+02
   1.2892323e+02
   1.2922423e+02
   1.2933648e+02
   1.2952697e+02
   1.2989083e+02
   1.3034056e+02
   1.3047843e+02
   1.3060163e+02
   1.3068735e+02
   1.3112185e+02
   1.3133088e+02
   1.3156592e+02
   1.3178938e+02
   1.3210709e+02
   1.3252411e+02
   1.3296464e+02
   1.3322424e+02
   1.3344453e+02
   1.3411149e+02
   1.3455836e+02
   1.3480817e+02
   1.3516270e+02
   1.3572590e+02
   1.3609822e+02
   1.3619822e+02
   1.3640553e+02
   1.3673254e+02
   1.3688008e+02
   1.3701818e+02
   1.3713669e+02
   1.3726745e+02
   1.3739021e+02
   1.3745910e+02
   1.3762321e+02
   1.3784116e+02
   1.3794886e+02
   1.3844926e+02
   1.3878568e+02
   1.3940594e+02
   1.3992985e+02
   1.4035176e+02
   1.4067170e+02
   1.4101082e+02
   1.4150970e+02
   1.4208177e+02
   1.4239687e+02
   1.4254755e+02
   1.4290050e+02
   1.4312381e+02
   1.4365354e+02
   1.4402878e+02
   1.4413658e+02
   1.4446019e+02
   1.4488119e+02
   1.4491775e+02
   1.4512008e+02
   1.4542739e+02
   1.4598451e+02
   1.4625694e+02
   1.4655574e+02
   1.4717406e+02
   1.4760397e+02
   1.4802283e+02
   1.4828441e+02
   1.4841795e+02
   1.4858539e+02
   1.4873172e+02
   1.4891996e+02
   1.4909722e+02
   1.4981493e+02
   1.5030309e+02
   1.5045330e+02
   1.5088636e+02
   1.5112073e+02
   1.5122891e+02
   1.5137391e+02
   1.5172967e+02
   1.5230908e+02
   1.5254912e+02
   1.5276979e+02
   1.5281943e+02
   1.5302614e+02
   1.5341229e+02
   1.5412363e+02
   1.5426693e+02
   1.5452760e+02
   1.5479484e+02
   1.5508408e+02
   1.5517519e+02
   1.5544260e+02
   1.5581846e+02
   1.5636060e+02
   1.5667462e+02
   1.5694445e+02
   1.5729348e+02
   1.5755737e+02
   1.5772360e+02
   1.5783954e+02
   1.5918816e+02
   1.6016262e+02
   1.6112812e+02
   1.6139597e+02
   1.6157295e+02
   1.6163454e+02
   1.6193735e+02
   1.6224306e+02
   1.6306013e+02
   1.6331575e+02
   1.6387048e+02
   1.6412710e+02
   1.6431925e+02
   1.6476929e+02
   1.6500726e+02
   1.6519223e+02
   1.6561772e+02
   1.6636088e+02
   1.6735798e+02
   1.6814813e+02
   1.6877874e+02
   1.6941784e+02
   1.6996584e+02
   1.7057716e+02
   1.7071969e+02
   1.7122366e+02
   1.7148328e+02
   1.7186891e+02
   1.7221120e+02
   1.7305619e+02
   1.7329909e+02
   1.7387658e+02
   1.7480760e+02
   1.7500486e+02
   1.7610104e+02
   1.7697907e+02
   1.7724343e+02
   1.7845883e+02
   1.7915001e+02
   1.7931284e+02
   1.7941331e+02
   1.7962868e+02
   1.8061807e+02
   1.8117244e+02
   1.8162712e+02
   1.8183987e+02
   1.8204988e+02
   1.8259271e+02
   1.8336366e+02
   1.8358691e+02
   1.8484335e+02
   1.8544477e+02
   1.8555846e+02
   1.8636526e+02
   1.8699816e+02
   1.8745308e+02
   1.8830057e+02
   1.8888922e+02
   1.8950285e+02
   1.9054203e+02
   1.9091500e+02
   1.9128786e+02
   1.9137851e+02
   1.9202536e+02
   1.9276999e+02
   1.9308832e+02
   1.9361244e+02
   1.9423112e+02
   1.9464696e+02
   1.9547690e+02
   1.9568852e+02
   1.9598221e+02
   1.9634230e+02
   1.9773242e+02
   1.9863291e+02
   1.9967627e+02
   2.0008528e+02
   2.0054659e+02
   2.0158675e+02
   2.0220476e+02
   2.0272881e+02
   2.0372398e+02
   2.0414294e+02
   2.0456382e+02
   2.0505144e+02
   2.0580074e+02
   2.0615684e+02
   2.0669175e+02
   2.0730071e+02
   2.0795799e+02
   2.0915337e+02
   2.0987989e+02
   2.1075297e+02
   2.1163642e+02
   2.1171545e+02
   2.1219803e+02
   2.1243128e+02
   2.1262224e+02
   2.1330304e+02
   2.1378558e+02
   2.1403033e+02
   2.1411354e+02
   2.1431862e+02
   2.1467535e+02
   2.1508713e+02
   2.1611423e+02
   2.1664438e+02
   2.1719531e+02
   2.1768147e+02
   2.1820350e+02
   2.1841156e+02
   2.1904822e+02
   2.1941012e+02
   2.1990259e+02
   2.2022703e+02
   2.2077108e+02
   2.2125277e+02
   2.2206647e+02
   2.2293892e+02
   2.2382238e+02
   2.2386644e+02
   2.2413869e+02
   2.2512894e+02
   2.2549008e+02
   2.2574832e+02
   2.2719980e+02
   2.2835308e+02
   2.2857707e+02
   2.2888796e+02
   2.2987365e+02
   2.3079646e+02
   2.3109948e+02
   2.3183067e+02
   2.3242302e+02
   2.3256960e+02
   2.3278964e+02
   2.3302023e+02
   2.3380277e+02
   2.3469033e+02
   2.3537917e+02
   2.3600290e+02
   2.3611245e+02
   2.3622725e+02
   2.3664738e+02
   2.3749488e+02
   2.3813143e+02
   2.3863863e+02
   2.3951206e+02
   2.4038416e+02
   2.4054299e+02
   2.4096595e+02
   2.4124108e+02
   2.4169311e+02
   2.4202449e+02
   2.4223475e+02
   2.4265957e+02
   2.4298935e+02
   2.4330690e+02
   2.4405887e+02
   2.4448669e+02
   2.4471972e+02
   2.4489807e+02
   2.4523132e+02
   2.4536381e+02
   2.4545237e+02
   2.4567026e+02
   2.4635966e+02
   2.4722798e+02
   2.4747934e+02
   2.4785270e+02
   2.4792751e+02
   2.4817702e+02
   2.4910767e+02
   2.5042771e+02
   2.5118075e+02
   2.5235705e+02
   2.5293186e+02
   2.5354488e+02
   2.5394353e+02
   2.5465382e+02
   2.5511701e+02
   2.5565609e+02
   2.5608442e+02
   2.5682923e+02
   2.5748684e+02
   2.5773813e+02
   2.5784217e+02
   2.5806049e+02
   2.5845054e+02
   2.5900014e+02
   2.5978054e+02
   2.6033270e+02
   2.6089388e+02
   2.6207647e+02
   2.6289876e+02
   2.6324432e+02
   2.6358008e+02
   2.6435104e+02
   2.6516561e+02
   2.6593802e+02
   2.6696344e+02
   2.6769628e+02
   2.6891950e+02
   2.6903402e+02
   2.6918262e+02
   2.7059662e+02
   2.7138796e+02
   2.7239309e+02
   2.7295383e+02
   2.7306101e+02
   2.7483482e+02
   2.7538117e+02
   2.7542321e+02
   2.7586864e+02
   2.7682626e+02
   2.7717817e+02
   2.7805967e+02
   2.7926641e+02
   2.7988035e+02
   2.8076525e+02
   2.8231716e+02
   2.8314451e+02
   2.8365421e+02
   2.8399405e+02
   2.8471203e+02
   2.8543018e+02
   2.8571777e+02
   2.8637189e+02
   2.8658436e+02
   2.8728592e+02
   2.8753833e+02
   2.8879244e+02
   2.8944626e+02
   2.9002385e+02
   2.9104446e+02
   2.9207994e+02
   2.9386340e+02
   2.9424945e+02
   2.9504679e+02
   2.9577688e+02
   2.9614067e+02
   2.9671113e+02
   2.9733762e+02
   2.9788625e+02
   2.9795913e+02
   2.9869711e+02
   3.0027278e+02
   3.0155691e+02
   3.0187478e+02
   3.0265077e+02
   3.0381262e+02
   3.0467735e+02
   3.0596688e+02
   3.0715129e+02
   3.0771495e+02
   3.0856782e+02
   3.0949880e+02
   3.1121568e+02
   3.1305216e+02
   3.1331609e+02
   3.1421353e+02
   3.1582145e+02
   3.1629520e+02
   3.1776077e+02
   3.1919656e+02
   3.1974183e+02
   3.2016135e+02
   3.2089730e+02
   3.2180826e+02
   3.2288014e+02
   3.2402269e+02
   3.2452415e+02
   3.2465123e+02
   3.2500298e+02
   3.2559502e+02
   3.2631124e+02
   3.2711452e+02
   3.2745415e+02
   3.2773160e+02
   3.2804765e+02
   3.2943200e+02
   3.3003950e+02
   3.3078515e+02
   3.3199170e+02
   3.3305185e+02
   3.3316196e+02
   3.3356274e+02
   3.3458718e+02
   3.3505533e+02
   3.3582890e+02
   3.3674142e+02
   3.3722813e+02
   3.3777812e+02
   3.3922540e+02
   3.4006940e+02
   3.4027952e+02
   3.4078325e+02
   3.4198344e+02
   3.4302632e+02
   3.4396599e+02
   3.4446929e+02
   3.4483796e+02
   3.4542594e+02
   3.4619526e+02
   3.4706326e+02
   3.4735269e+02
   3.4804623e+02
   3.4919606e+02
   3.4966175e+02
   3.4986095e+02
   3.5082339e+02
   3.5170526e+02
   3.5286389e+02
   3.5335906e+02
   3.5472401e+02
   3.5551361e+02
   3.5609525e+02
   3.5698717e+02
   3.5827277e+02
   3.5915400e+02
   3.5953701e+02
   3.5963847e+02
   3.6013128e+02
   3.6032161e+02
   3.6052312e+02
   3.6172753e+02
   3.6277581e+02
   3.6330052e+02
   3.6439528e+02
   3.6486354e+02
   3.6546005e+02
   3.6596897e+02
   3.6725142e+02
   3.6829638e+02
   3.6877751e+02
   3.6985674e+02
   3.7084953e+02
   3.7160880e+02
   3.7232105e+02
   3.7288761e+02
   3.7330717e+02
   3.7338408e+02
   3.7366556e+02
   3.7436534e+02
   3.7517181e+02
   3.7646296e+02
   3.7737327e+02
   3.7761772e+02
   3.7806853e+02
   3.7924068e+02
   3.7996759e+02
   3.8030228e+02
   3.8091568e+02
   3.8136106e+02
   3.8148137e+02
   3.8180630e+02
   3.8205507e+02
   3.8227666e+02
   3.8290073e+02
   3.8371508e+02
   3.8477717e+02
   3.8622603e+02
   3.8648493e+02
   3.8715109e+02
   3.8764559e+02
   3.8868642e+02
   3.8940436e+02
   3.8982108e+02
   3.8999346e+02
   3.9073711e+02
   3.9177774e+02
   3.9260543e+02
   3.9297659e+02
   3.9338819e+02
   3.9352369e+02
   3.9387869e+02
   3.9469277e+02
   3.9559857e+02
   3.9657781e+02
   3.9700000e+02
   3.9701534e+02
   3.9772705e+02
   3.9866277e+02
   3.9930011e+02
   3.9947784e+02
   3.9988345e+02
   4.0020900e+02
   4.0063936e+02
   4.0093354e+02
   4.0148157e+02
   4.0176913e+02
   4.0289494e+02
   4.0396734e+02
   4.0461484e+02
   4.0499032e+02
   4.0503896e+02
   4.0531569e+02
   4.0611357e+02
   4.0643662e+02
   4.0651158e+02
