   3.2607890e-03
   1.2625982e+00
   1.4418793e+00
   1.5553023e+00
   1.6270544e+00
   1.7465617e+00
   1.7917018e+00
   1.8327455e+00
   1.8713969e+00
   1.9126061e+00
   1.9532808e+00
   1.9888125e+00
   2.0310198e+00
   2.0709733e+00
   2.1072793e+00
   2.1450944e+00
   2.1806985e+00
   2.2231887e+00
   2.2636361e+00
   2.2951949e+00
   2.3374668e+00
   2.3703737e+00
   2.4017077e+00
   2.4392483e+00
   2.4765810e+00
   2.5141418e+00
   2.5438358e+00
   2.5798453e+00
   2.6124368e+00
   2.6437038e+00
   2.6755828e+00
   2.7121486e+00
   2.7430565e+00
   2.7722256e+00
   2.8011075e+00
   2.8353619e+00
   2.8697380e+00
   2.9017028e+00
   2.9363234e+00
   2.9731185e+00
   3.0046491e+00
   3.0324748e+00
   3.0676233e+00
   3.1029564e+00
   3.1267166e+00
   3.1667425e+00
   3.2018987e+00
   3.2357482e+00
   3.2714054e+00
   3.3073787e+00
   3.3381090e+00
   3.3708967e+00
   3.4045684e+00
   3.4332864e+00
   3.4672039e+00
   3.4968129e+00
   3.5290664e+00
   3.5642113e+00
   3.5962019e+00
   3.6347273e+00
   3.6669945e+00
   3.7053002e+00
   3.7432744e+00
   3.7812752e+00
   3.8163997e+00
   3.8535129e+00
   3.8854442e+00
   3.9138803e+00
   3.9455953e+00
   3.9783726e+00
   4.0123962e+00
   4.0446077e+00
   4.0808562e+00
   4.1166684e+00
   4.1490620e+00
   4.1809466e+00
   4.2090447e+00
   4.2423220e+00
   4.2738502e+00
   4.3041265e+00
   4.3342669e+00
   4.3658257e+00
   4.3982414e+00
   4.4303035e+00
   4.4650023e+00
   4.4945142e+00
   4.5309906e+00
   4.5628116e+00
   4.6017882e+00
   4.6366725e+00
   4.6670231e+00
   4.7063012e+00
   4.7360728e+00
   4.7656977e+00
   4.7995355e+00
   4.8359046e+00
   4.8623843e+00
   4.8898057e+00
   4.9223254e+00
   4.9617757e+00
   4.9971026e+00
   5.0323177e+00
   5.0657629e+00
   5.0979986e+00
   5.1322316e+00
   5.1627484e+00
   5.1944306e+00
   5.2275832e+00
   5.2624214e+00
   5.2887430e+00
   5.3313467e+00
   5.3681357e+00
   5.4022809e+00
   5.4357384e+00
   5.4622130e+00
   5.4977639e+00
   5.5261850e+00
   5.5609114e+00
   5.5919914e+00
   5.6220473e+00
   5.6561147e+00
   5.6839903e+00
   5.7186278e+00
   5.7583107e+00
   5.7930580e+00
   5.8298650e+00
   5.8675564e+00
   5.8985128e+00
   5.9331165e+00
   5.9708046e+00
   6.0070602e+00
   6.0452136e+00
   6.0853674e+00
   6.1152477e+00
   6.1450416e+00
   6.1722401e+00
   6.2118726e+00
   6.2480924e+00
   6.2858234e+00
   6.3159273e+00
   6.3537620e+00
   6.3816612e+00
   6.4187868e+00
   6.4556889e+00
   6.4818580e+00
   6.5100960e+00
   6.5462662e+00
   6.5724997e+00
   6.6105772e+00
   6.6465487e+00
   6.6869133e+00
   6.7246821e+00
   6.7638764e+00
   6.8009250e+00
   6.8425948e+00
   6.8746916e+00
   6.9123570e+00
   6.9497237e+00
   6.9802574e+00
   7.0102244e+00
   7.0413983e+00
   7.0844984e+00
   7.1191304e+00
   7.1511607e+00
   7.1862606e+00
   7.2230999e+00
   7.2594007e+00
   7.2963116e+00
   7.3333555e+00
   7.3651755e+00
   7.3992275e+00
   7.4370776e+00
   7.4714082e+00
   7.5156648e+00
   7.5517996e+00
   7.5923712e+00
   7.6206068e+00
   7.6546209e+00
   7.6877677e+00
   7.7281558e+00
   7.7578816e+00
   7.7911042e+00
   7.8255726e+00
   7.8606341e+00
   7.8952263e+00
   7.9310748e+00
   7.9657754e+00
   7.9973459e+00
   8.0269361e+00
   8.0653871e+00
   8.1036219e+00
   8.1296601e+00
   8.1600068e+00
   8.1987640e+00
   8.2348883e+00
   8.2701770e+00
   8.3043458e+00
   8.3380748e+00
   8.3702573e+00
   8.4075033e+00
   8.4443824e+00
   8.4842357e+00
   8.5173694e+00
   8.5522338e+00
   8.5861665e+00
   8.6227196e+00
   8.6486826e+00
   8.6839364e+00
   8.7133785e+00
   8.7442001e+00
   8.7818984e+00
   8.8193768e+00
   8.8466905e+00
   8.8747148e+00
   8.9102911e+00
   8.9421848e+00
   8.9790568e+00
   9.0131044e+00
   9.0409732e+00
   9.0724825e+00
   9.1001008e+00
   9.1333781e+00
   9.1694952e+00
   9.1960765e+00
   9.2339596e+00
   9.2659507e+00
   9.2977246e+00
   9.3343524e+00
   9.3689238e+00
   9.3968230e+00
   9.4284519e+00
   9.4582196e+00
   9.4911963e+00
   9.5243415e+00
   9.5578581e+00
   9.5910024e+00
   9.6260521e+00
   9.6650835e+00
   9.6982797e+00
   9.7368335e+00
   9.7748798e+00
   9.8107400e+00
   9.8469325e+00
   9.8869328e+00
   9.9172271e+00
   9.9539073e+00
   9.9851737e+00
   1.0024747e+01
   1.0061015e+01
   1.0098176e+01
   1.0139090e+01
   1.0170049e+01
   1.0202229e+01
   1.0233644e+01
   1.0272646e+01
   1.0303787e+01
   1.0342861e+01
   1.0372461e+01
   1.0407210e+01
   1.0438667e+01
   1.0465892e+01
   1.0499877e+01
   1.0536752e+01
   1.0574154e+01
   1.0608393e+01
   1.0640865e+01
   1.0676084e+01
   1.0707681e+01
   1.0743407e+01
   1.0778915e+01
   1.0815397e+01
   1.0841187e+01
   1.0881286e+01
   1.0915644e+01
   1.0947603e+01
   1.0983305e+01
   1.1017083e+01
   1.1056467e+01
   1.1083426e+01
   1.1118415e+01
   1.1153634e+01
   1.1180356e+01
   1.1210966e+01
   1.1246509e+01
   1.1279388e+01
   1.1312353e+01
   1.1344254e+01
   1.1372176e+01
   1.1402088e+01
   1.1434874e+01
   1.1460190e+01
   1.1500552e+01
   1.1536369e+01
   1.1570886e+01
   1.1609217e+01
   1.1637073e+01
   1.1667585e+01
   1.1698119e+01
   1.1728790e+01
   1.1760092e+01
   1.1792615e+01
   1.1818968e+01
   1.1850220e+01
   1.1884659e+01
   1.1916408e+01
   1.1949175e+01
   1.1984134e+01
   1.2017195e+01
   1.2050253e+01
   1.2082447e+01
   1.2117490e+01
   1.2147746e+01
   1.2183398e+01
   1.2217552e+01
   1.2250413e+01
   1.2280627e+01
   1.2316339e+01
   1.2353074e+01
   1.2384008e+01
   1.2415791e+01
   1.2449649e+01
   1.2481350e+01
   1.2511094e+01
   1.2541420e+01
   1.2571623e+01
   1.2603392e+01
   1.2637600e+01
   1.2671895e+01
   1.2705195e+01
   1.2739614e+01
   1.2774007e+01
   1.2808018e+01
   1.2842728e+01
   1.2873991e+01
   1.2911456e+01
   1.2956762e+01
   1.2997350e+01
   1.3033589e+01
   1.3067643e+01
   1.3110448e+01
   1.3146313e+01
   1.3180516e+01
   1.3210758e+01
   1.3238166e+01
   1.3269781e+01
   1.3301164e+01
   1.3335547e+01
   1.3362243e+01
   1.3388557e+01
   1.3424628e+01
   1.3454141e+01
   1.3480862e+01
   1.3517523e+01
   1.3555520e+01
   1.3581202e+01
   1.3607900e+01
   1.3643411e+01
   1.3680705e+01
   1.3712958e+01
   1.3748619e+01
   1.3789221e+01
   1.3831698e+01
   1.3870587e+01
   1.3908322e+01
   1.3946686e+01
   1.3974573e+01
   1.4004032e+01
   1.4038066e+01
   1.4076443e+01
   1.4104535e+01
   1.4135980e+01
   1.4497921e+01
   1.4536755e+01
   1.4573332e+01
   1.4607215e+01
   1.4641565e+01
   1.4670103e+01
   1.4704612e+01
   1.4738760e+01
   1.4778848e+01
   1.4808583e+01
   1.4839009e+01
   1.4871122e+01
   1.4898185e+01
   1.4935660e+01
   1.4964663e+01
   1.4998533e+01
   1.5027079e+01
   1.5060997e+01
   1.5091661e+01
   1.5125167e+01
   1.5157051e+01
   1.5190384e+01
   1.5226325e+01
   1.5257708e+01
   1.5288433e+01
   1.5321312e+01
   1.5346629e+01
   1.5378455e+01
   1.5409908e+01
   1.5444431e+01
   1.5474804e+01
   1.5509325e+01
   1.5538639e+01
   1.5575668e+01
   1.5607469e+01
   1.5639848e+01
   1.5676057e+01
   1.5704768e+01
   1.5736873e+01
   1.5772304e+01
   1.5808915e+01
   1.5839572e+01
   1.5871318e+01
   1.5900476e+01
   1.5931249e+01
   1.5972024e+01
   1.6006504e+01
   1.6042751e+01
   1.6077286e+01
   1.6114035e+01
   1.6148897e+01
   1.6188429e+01
   1.6226152e+01
   1.6257679e+01
   1.6298481e+01
   1.6342079e+01
   1.6378128e+01
   1.6429954e+01
   1.6476663e+01
   1.6521311e+01
   1.6565318e+01
   1.6610281e+01
   1.6645376e+01
   1.6683021e+01
   1.6714080e+01
   1.6746291e+01
   1.6787823e+01
   1.6826462e+01
   1.6864892e+01
   1.6900618e+01
   1.6932776e+01
   1.6971728e+01
   1.7011850e+01
   1.7048446e+01
   1.7089196e+01
   1.7124079e+01
   1.7155737e+01
   1.7181736e+01
   1.7213504e+01
   1.7246774e+01
   1.7277018e+01
   1.7315465e+01
   1.7342414e+01
   1.7374452e+01
   1.7401014e+01
   1.7436310e+01
   1.7468986e+01
   1.7499032e+01
   1.7530324e+01
   1.7563531e+01
   1.7598229e+01
   1.7629794e+01
   1.7665949e+01
   1.7696905e+01
   1.7729205e+01
   1.7765986e+01
   1.7800131e+01
   1.7836001e+01
   1.7865788e+01
   1.7903010e+01
   1.7941331e+01
   1.7969526e+01
   1.8001873e+01
   1.8031839e+01
   1.8066191e+01
   1.8096118e+01
   1.8130559e+01
   1.8168678e+01
   1.8199261e+01
   1.8230359e+01
   1.8258661e+01
   1.8286999e+01
   1.8316554e+01
   1.8347759e+01
   1.8380305e+01
   1.8412831e+01
   1.8447434e+01
   1.8477788e+01
   1.8505026e+01
   1.8537133e+01
   1.8564676e+01
   1.8591622e+01
   1.8627133e+01
   1.8662103e+01
   1.8692704e+01
   1.8731934e+01
   1.8765704e+01
   1.8802179e+01
   1.8833526e+01
   1.8871706e+01
   1.8917779e+01
   1.8950617e+01
   1.8984155e+01
   1.9016952e+01
   1.9052363e+01
   1.9085927e+01
   1.9118660e+01
   1.9152544e+01
   1.9195028e+01
   1.9230893e+01
   1.9268262e+01
   1.9307178e+01
   1.9347172e+01
   1.9387661e+01
   1.9420063e+01
   1.9454382e+01
   1.9484899e+01
   1.9520657e+01
   1.9563002e+01
   1.9604788e+01
   1.9636296e+01
   1.9671856e+01
   1.9708383e+01
   1.9746412e+01
   1.9785683e+01
   1.9823695e+01
   1.9866034e+01
   1.9906810e+01
   1.9939638e+01
   1.9970199e+01
   2.0006389e+01
   2.0041255e+01
   2.0076228e+01
   2.0108003e+01
   2.0142205e+01
   2.0174060e+01
   2.0209536e+01
   2.0239722e+01
   2.0274115e+01
   2.0308121e+01
   2.0338914e+01
   2.0376106e+01
   2.0405418e+01
   2.0442140e+01
   2.0472753e+01
   2.0506560e+01
   2.0548530e+01
   2.0584114e+01
   2.0619982e+01
   2.0653842e+01
   2.0690842e+01
   2.0725812e+01
   2.0755486e+01
   2.0785624e+01
   2.0822477e+01
   2.0850382e+01
   2.0883734e+01
   2.0911429e+01
   2.0953080e+01
   2.0981545e+01
   2.1016502e+01
   2.1049559e+01
   2.1100181e+01
   2.1132429e+01
   2.1169170e+01
   2.1205020e+01
   2.1241030e+01
   2.1271974e+01
   2.1303572e+01
   2.1341482e+01
   2.1373180e+01
   2.1403993e+01
   2.1439891e+01
   2.1472361e+01
   2.1510300e+01
   2.1541268e+01
   2.1573801e+01
   2.1611232e+01
   2.1638946e+01
   2.1674503e+01
   2.1703093e+01
   2.1735055e+01
   2.1768077e+01
   2.1804660e+01
   2.1836053e+01
   2.1867267e+01
   2.1901187e+01
   2.1938607e+01
   2.1974177e+01
   2.2012190e+01
   2.2048878e+01
   2.2079129e+01
   2.2115652e+01
   2.2146086e+01
   2.2180001e+01
   2.2218724e+01
   2.2260632e+01
   2.2294700e+01
   2.2330488e+01
   2.2363421e+01
   2.2396172e+01
   2.2430494e+01
   2.2467328e+01
   2.2505475e+01
   2.2541795e+01
   2.2578519e+01
   2.2613828e+01
   2.2646895e+01
   2.2686187e+01
   2.2722154e+01
   2.2758160e+01
   2.2795306e+01
   2.2826377e+01
   2.2864675e+01
   2.2894946e+01
   2.2929524e+01
   2.2964071e+01
   2.3002062e+01
   2.3039751e+01
   2.3075677e+01
   2.3110592e+01
   2.3142971e+01
   2.3178352e+01
   2.3214242e+01
   2.3245557e+01
   2.3277992e+01
   2.3312237e+01
   2.3345791e+01
   2.3378150e+01
   2.3414194e+01
   2.3446234e+01
   2.3480405e+01
   2.3513268e+01
   2.3546255e+01
   2.3578578e+01
   2.3611394e+01
   2.3646848e+01
   2.3681095e+01
   2.3714616e+01
   2.3746966e+01
   2.3778183e+01
   2.3812216e+01
   2.3849777e+01
   2.3883653e+01
   2.3916353e+01
   2.3947139e+01
   2.3983880e+01
   2.4018981e+01
   2.4054920e+01
   2.4091500e+01
   2.4127344e+01
   2.4165438e+01
   2.4199620e+01
   2.4233325e+01
   2.4265651e+01
   2.4296029e+01
   2.4328922e+01
   2.4361252e+01
   2.4399764e+01
   2.4432426e+01
   2.4463649e+01
   2.4499264e+01
   2.4528039e+01
   2.4559310e+01
   2.4590860e+01
   2.4625487e+01
   2.4662683e+01
   2.4696420e+01
   2.4732682e+01
   2.4777511e+01
   2.4824216e+01
   2.4855391e+01
   2.4887622e+01
   2.4931361e+01
   2.4967218e+01
   2.5000130e+01
   2.5038588e+01
   2.5072919e+01
   2.5110631e+01
   2.5146079e+01
   2.5179576e+01
   2.5213709e+01
   2.5247075e+01
   2.5283679e+01
   2.5321795e+01
   2.5355642e+01
   2.5387464e+01
   2.5420520e+01
   2.5450294e+01
   2.5488846e+01
   2.5521308e+01
   2.5549853e+01
   2.5579746e+01
   2.5617431e+01
   2.5650231e+01
   2.5678528e+01
   2.5711959e+01
   2.5745930e+01
   2.5779909e+01
   2.5812564e+01
   2.5842966e+01
   2.5878703e+01
   2.5914096e+01
   2.5950057e+01
   2.5982624e+01
   2.6018226e+01
   2.6056515e+01
   2.6090075e+01
   2.6129344e+01
   2.6165579e+01
   2.6202099e+01
   2.6235299e+01
   2.6272030e+01
   2.6308157e+01
   2.6345558e+01
   2.6381227e+01
   2.6420327e+01
   2.6455948e+01
   2.6491731e+01
   2.6522146e+01
   2.6560386e+01
   2.6595250e+01
   2.6634119e+01
   2.6674392e+01
   2.6704184e+01
   2.6739612e+01
   2.6768246e+01
   2.6807079e+01
   2.6842083e+01
   2.6875025e+01
   2.6906827e+01
   2.6938892e+01
   2.6974608e+01
   2.7007113e+01
   2.7041241e+01
   2.7072208e+01
   2.7107178e+01
   2.7141488e+01
   2.7174795e+01
   2.7205302e+01
   2.7237773e+01
   2.7272137e+01
   2.7303119e+01
   2.7339384e+01
   2.7372600e+01
   2.7403595e+01
   2.7435700e+01
   2.7470938e+01
   2.7506559e+01
   2.7537692e+01
   2.7571680e+01
   2.7598028e+01
   2.7635211e+01
   2.7671645e+01
   2.7707355e+01
   2.7737411e+01
   2.7766210e+01
   2.7797572e+01
   2.7832134e+01
   2.7864125e+01
   2.7896647e+01
   2.7929603e+01
   2.7959585e+01
   2.7991419e+01
   2.8020570e+01
   2.8051098e+01
   2.8078767e+01
   2.8111301e+01
   2.8139896e+01
   2.8172837e+01
   2.8205386e+01
   2.8237218e+01
   2.8270392e+01
   2.8302592e+01
   2.8335432e+01
   2.8370203e+01
   2.8403293e+01
   2.8437188e+01
   2.8473214e+01
   2.8506586e+01
   2.8540929e+01
   2.8578016e+01
   2.8606947e+01
   2.8639648e+01
   2.8678245e+01
   2.8710138e+01
   2.8736043e+01
   2.8764979e+01
   2.8798153e+01
   2.8830130e+01
   2.8864526e+01
   2.8896791e+01
   2.8931737e+01
   2.8963002e+01
   2.8994129e+01
   2.9022479e+01
   2.9054916e+01
   2.9090700e+01
   2.9124570e+01
   2.9157502e+01
   2.9189936e+01
   2.9223484e+01
   2.9255969e+01
   2.9292555e+01
   2.9329339e+01
   2.9361791e+01
   2.9395542e+01
   2.9425240e+01
   2.9459205e+01
   2.9489733e+01
   2.9523633e+01
   2.9555542e+01
   2.9591899e+01
   2.9627268e+01
   2.9659465e+01
   2.9691005e+01
   2.9729352e+01
   2.9762638e+01
   2.9793279e+01
   2.9831041e+01
   2.9855932e+01
   2.9884356e+01
   2.9919220e+01
   2.9950269e+01
   2.9979017e+01
   3.0012141e+01
   3.0043834e+01
   3.0079596e+01
   3.0112620e+01
   3.0145348e+01
   3.0178247e+01
   3.0213445e+01
   3.0243821e+01
   3.0275802e+01
   3.0310151e+01
   3.0342550e+01
   3.0377090e+01
   3.0408438e+01
   3.0442815e+01
   3.0474676e+01
   3.0507371e+01
   3.0537187e+01
   3.0574539e+01
   3.0605018e+01
   3.0637398e+01
   3.0672657e+01
   3.0702150e+01
   3.0733900e+01
   3.0762665e+01
   3.0799557e+01
   3.0831830e+01
   3.0858624e+01
   3.0894870e+01
   3.0925522e+01
   3.0957239e+01
   3.0989551e+01
   3.1020669e+01
   3.1053797e+01
   3.1085777e+01
   3.1118783e+01
   3.1145339e+01
   3.1174563e+01
   3.1206296e+01
   3.1238583e+01
   3.1268020e+01
   3.1299022e+01
   3.1326760e+01
   3.1361418e+01
   3.1395705e+01
   3.1432247e+01
   3.1467483e+01
   3.1498730e+01
   3.1532195e+01
   3.1569422e+01
   3.1600504e+01
   3.1631425e+01
   3.1664181e+01
   3.1701924e+01
   3.1734264e+01
   3.1769891e+01
   3.1801352e+01
   3.1835552e+01
   3.1868721e+01
   3.1900102e+01
   3.1936045e+01
   3.1968244e+01
   3.2002882e+01
   3.2034684e+01
   3.2065155e+01
   3.2096005e+01
   3.2129546e+01
   3.2160752e+01
   3.2199174e+01
   3.2233527e+01
   3.2266350e+01
   3.2299537e+01
   3.2336022e+01
   3.2369935e+01
   3.2405197e+01
   3.2437802e+01
   3.2460950e+01
   3.2492208e+01
   3.2525392e+01
   3.2555000e+01
   3.2587265e+01
   3.2619631e+01
   3.2654122e+01
   3.2684364e+01
   3.2720122e+01
   3.2751870e+01
   3.2785667e+01
   3.2819470e+01
   3.2853932e+01
   3.2890074e+01
   3.2916977e+01
   3.2947948e+01
   3.2981089e+01
   3.3011688e+01
   3.3043953e+01
   3.3077107e+01
   3.3107956e+01
   3.3142769e+01
   3.3178522e+01
   3.3209166e+01
   3.3235239e+01
   3.3268370e+01
   3.3300491e+01
   3.3333295e+01
   3.3366699e+01
   3.3399082e+01
   3.3427460e+01
   3.3460452e+01
   3.3492735e+01
   3.3523253e+01
   3.3554297e+01
   3.3587182e+01
   3.3617771e+01
   3.3651211e+01
   3.3683478e+01
   3.3716247e+01
   3.3744523e+01
   3.3778256e+01
   3.3808548e+01
   3.3837280e+01
   3.3882635e+01
   3.3923161e+01
   3.3954756e+01
   3.3996242e+01
   3.4032939e+01
   3.4074638e+01
   3.4102635e+01
   3.4132100e+01
   3.4164842e+01
   3.4195830e+01
   3.4228097e+01
   3.4259133e+01
   3.4289916e+01
   3.4323609e+01
   3.4357583e+01
   3.4387150e+01
   3.4421639e+01
   3.4455092e+01
   3.4486007e+01
   3.4515693e+01
   3.4546657e+01
   3.4577831e+01
   3.4607971e+01
   3.4635438e+01
   3.4666770e+01
   3.4693208e+01
   3.4726639e+01
   3.4757963e+01
   3.4792618e+01
   3.4826321e+01
   3.4858773e+01
   3.4890271e+01
   3.4924176e+01
   3.4958722e+01
   3.4990716e+01
   3.5021949e+01
   3.5056536e+01
   3.5086241e+01
   3.5117837e+01
   3.5156023e+01
   3.5189003e+01
   3.5223235e+01
   3.5255762e+01
   3.5283076e+01
   3.5310170e+01
   3.5339159e+01
   3.5372053e+01
   3.5401747e+01
   3.5436176e+01
   3.5469838e+01
   3.5504073e+01
   3.5538356e+01
   3.5576422e+01
   3.5611906e+01
   3.5647670e+01
