   3.1029763e-07
   1.0042680e-06
   1.7298187e-06
   2.0181962e-06
   2.3350023e-06
   2.7856659e-06
   3.0867360e-06
   3.4113280e-06
   3.8091399e-06
   4.4488219e-06
   5.1516525e-06
   5.3374396e-06
   5.8310629e-06
   6.2350836e-06
   6.6951618e-06
   7.2001542e-06
   7.8121515e-06
   8.3188874e-06
   8.7684771e-06
   9.3345720e-06
   9.8935124e-06
   1.0334312e-05
   1.0817954e-05
   1.1093153e-05
   1.1240604e-05
   1.1603771e-05
   1.1983372e-05
   1.2461731e-05
   1.2911268e-05
   1.3371617e-05
   1.4025827e-05
   1.4555384e-05
   1.4766308e-05
   1.5216818e-05
   1.5705820e-05
   1.5971689e-05
   1.6267890e-05
   1.6719397e-05
   1.7204812e-05
   1.7589208e-05
   1.7701510e-05
   1.8191690e-05
   1.8666091e-05
   1.9157767e-05
   1.9705420e-05
   2.0382949e-05
   2.0701867e-05
   2.1153063e-05
   2.1554014e-05
   2.1954906e-05
   2.2629766e-05
   2.3262814e-05
   2.3868507e-05
   2.4291665e-05
   2.4735207e-05
   2.5232649e-05
   2.5626768e-05
   2.5786465e-05
   2.6162616e-05
   2.6708295e-05
   2.7120969e-05
   2.7548293e-05
   2.7888908e-05
   2.8122104e-05
   2.8654191e-05
   2.9015702e-05
   2.9423950e-05
   2.9870042e-05
   3.0177028e-05
   3.0598281e-05
   3.1006524e-05
   3.1510856e-05
   3.1867219e-05
   3.2525027e-05
   3.3033203e-05
   3.3284320e-05
   3.3603060e-05
   3.4084116e-05
   3.4324601e-05
   3.4637668e-05
   3.5002719e-05
   3.5432876e-05
   3.6069118e-05
   3.6528145e-05
   3.6863344e-05
   3.7217295e-05
   3.7538848e-05
   3.7966002e-05
   3.8300182e-05
   3.8818577e-05
   3.9326224e-05
   3.9961436e-05
   4.0441225e-05
   4.0903443e-05
   4.1400569e-05
   4.1720206e-05
   4.1980736e-05
   4.2412333e-05
   4.2817807e-05
   4.3415602e-05
   4.3992312e-05
   4.4582981e-05
   4.5035320e-05
   4.5374009e-05
   4.5675938e-05
   4.6167639e-05
   4.6491377e-05
   4.7172997e-05
   4.7783993e-05
   4.8239937e-05
   4.8632915e-05
   4.8986921e-05
   4.9367428e-05
   4.9923352e-05
   5.0430798e-05
   5.0737552e-05
   5.1255901e-05
   5.1955927e-05
   5.2381047e-05
   5.2842934e-05
   5.3301058e-05
   5.3858995e-05
   5.4367041e-05
   5.4697556e-05
   5.5186944e-05
   5.5829100e-05
   5.6187106e-05
   5.6570900e-05
   5.6881511e-05
   5.7236638e-05
   5.7503990e-05
   5.7946835e-05
   5.8206220e-05
   5.8638760e-05
   5.8858373e-05
   5.9414795e-05
   5.9819641e-05
   6.0233255e-05
   6.0718963e-05
   6.1326801e-05
   6.1551960e-05
   6.1986626e-05
   6.2413508e-05
   6.2911825e-05
   6.3342252e-05
   6.3836670e-05
   6.4080572e-05
   6.4372883e-05
   6.4606621e-05
   6.4866256e-05
   6.5346450e-05
   6.5867686e-05
   6.6297752e-05
   6.6832508e-05
   6.7281162e-05
   6.7466684e-05
   6.7989263e-05
   6.8439432e-05
   6.8717377e-05
   6.9170199e-05
   6.9562781e-05
   6.9843695e-05
   7.0272471e-05
   7.0680743e-05
   7.0991544e-05
   7.1532420e-05
   7.1791537e-05
   7.2129096e-05
   7.2568991e-05
   7.2978456e-05
   7.3478382e-05
   7.3798085e-05
   7.4327469e-05
   7.4589734e-05
   7.4840919e-05
   7.5134098e-05
   7.5675160e-05
   7.6173060e-05
   7.6468005e-05
   7.6774184e-05
   7.7195942e-05
   7.7750836e-05
   7.8076775e-05
   7.8545432e-05
   7.8918069e-05
   7.9294064e-05
   7.9683220e-05
   7.9904001e-05
   8.0462827e-05
   8.0975006e-05
   8.1092743e-05
   8.1691827e-05
   8.2204038e-05
   8.2687110e-05
   8.3119391e-05
   8.3513201e-05
   8.3930012e-05
   8.4524114e-05
   8.5100555e-05
   8.5445100e-05
   8.6003495e-05
   8.6466855e-05
   8.6822531e-05
   8.7063321e-05
   8.7568940e-05
   8.8263339e-05
   8.8868811e-05
   8.9383403e-05
   8.9983816e-05
   9.0601137e-05
   9.0961470e-05
   9.1352583e-05
   9.1698062e-05
   9.2196766e-05
   9.2740967e-05
   9.2965808e-05
   9.3510188e-05
   9.3830862e-05
   9.4377646e-05
   9.4740549e-05
   9.5362877e-05
   9.5799355e-05
   9.6101135e-05
   9.6646258e-05
   9.7113353e-05
   9.7413125e-05
   9.7834215e-05
   9.8249323e-05
   9.8688222e-05
   9.9230064e-05
   9.9804635e-05
   1.0021699e-04
   1.0063201e-04
   1.0112603e-04
   1.0144589e-04
   1.0179740e-04
   1.0200489e-04
   1.0228795e-04
   1.0276817e-04
   1.0325671e-04
   1.0377250e-04
   1.0406997e-04
   1.0459127e-04
   1.0513377e-04
   1.0541867e-04
   1.0596813e-04
   1.0647255e-04
   1.0704980e-04
   1.0752101e-04
   1.0800805e-04
   1.0836169e-04
   1.0885887e-04
   1.0936670e-04
   1.0957024e-04
   1.0999927e-04
   1.1025723e-04
   1.1065671e-04
   1.1127989e-04
   1.1189523e-04
   1.1226875e-04
   1.1283735e-04
   1.1356085e-04
   1.1388699e-04
   1.1436964e-04
   1.1488714e-04
   1.1518164e-04
   1.1534756e-04
   1.1578366e-04
   1.1628137e-04
   1.1657851e-04
   1.1715239e-04
   1.1752739e-04
   1.1792024e-04
   1.1822614e-04
   1.1879292e-04
   1.1944345e-04
   1.1985921e-04
   1.2017318e-04
   1.2074032e-04
   1.2122835e-04
   1.2179756e-04
   1.2214030e-04
   1.2240737e-04
   1.2300249e-04
   1.2360682e-04
   1.2394963e-04
   1.2417009e-04
   1.2469803e-04
   1.2515924e-04
   1.2553571e-04
   1.2602716e-04
   1.2655007e-04
   1.2703868e-04
   1.2743863e-04
   1.2793202e-04
   1.2841115e-04
   1.2893011e-04
   1.2933220e-04
   1.2972206e-04
   1.2991621e-04
   1.3035214e-04
   1.3059991e-04
   1.3104890e-04
   1.3152190e-04
   1.3172445e-04
   1.3214565e-04
   1.3269751e-04
   1.3315721e-04
   1.3365287e-04
   1.3402225e-04
   1.3451913e-04
   1.3494294e-04
   1.3545299e-04
   1.3581699e-04
   1.3610141e-04
   1.3639768e-04
   1.3684128e-04
   1.3723485e-04
   1.3771044e-04
   1.3807747e-04
   1.3860373e-04
   1.3904526e-04
   1.3925964e-04
   1.3975854e-04
   1.4036528e-04
   1.4076251e-04
   1.4105243e-04
   1.4154006e-04
   1.4204013e-04
   1.4230341e-04
   1.4279214e-04
   1.4335465e-04
   1.4397807e-04
   1.4436197e-04
   1.4480100e-04
   1.4504728e-04
   1.4523506e-04
   1.4556154e-04
   1.4582771e-04
   1.4625276e-04
   1.4673631e-04
   1.4710276e-04
   1.4749126e-04
   1.4797619e-04
   1.4823876e-04
   1.4868113e-04
   1.4910569e-04
   1.4938821e-04
   1.4972323e-04
   1.5012547e-04
   1.5068501e-04
   1.5109271e-04
   1.5155587e-04
   1.5185543e-04
   1.5217360e-04
   1.5237658e-04
   1.5288070e-04
   1.5306135e-04
   1.5354565e-04
   1.5401262e-04
   1.5441012e-04
   1.5466559e-04
   1.5506884e-04
   1.5566145e-04
   1.5613457e-04
   1.5653045e-04
   1.5690947e-04
   1.5716898e-04
   1.5743959e-04
   1.5773795e-04
   1.5798017e-04
   1.5846001e-04
   1.5907940e-04
   1.5965630e-04
   1.6027376e-04
   1.6092724e-04
   1.6131990e-04
   1.6177598e-04
   1.6237880e-04
   1.6291000e-04
   1.6332035e-04
   1.6375324e-04
   1.6409065e-04
   1.6433966e-04
   1.6452971e-04
   1.6494530e-04
   1.6556284e-04
   1.6617830e-04
   1.6650657e-04
   1.6698597e-04
   1.6757304e-04
   1.6811809e-04
   1.6852769e-04
   1.6892679e-04
   1.6941737e-04
   1.7006271e-04
   1.7030006e-04
   1.7089979e-04
   1.7129234e-04
   1.7166263e-04
   1.7216020e-04
   1.7259400e-04
   1.7301659e-04
   1.7325508e-04
   1.7375653e-04
   1.7422743e-04
   1.7468479e-04
   1.7507646e-04
   1.7559710e-04
   1.7609921e-04
   1.7644487e-04
   1.7679894e-04
   1.7696287e-04
   1.7737560e-04
   1.7791319e-04
   1.7822865e-04
   1.7873710e-04
   1.7909195e-04
   1.7952440e-04
   1.7988234e-04
   1.8031629e-04
   1.8081202e-04
   1.8131059e-04
   1.8193486e-04
   1.8253111e-04
   1.8284415e-04
   1.8330737e-04
   1.8389065e-04
   1.8422716e-04
   1.8466778e-04
   1.8504134e-04
   1.8539268e-04
   1.8594470e-04
   1.8655169e-04
   1.8670574e-04
   1.8705013e-04
   1.8760569e-04
   1.8816240e-04
   1.8878939e-04
   1.8943307e-04
   1.8997389e-04
   1.9036508e-04
   1.9089095e-04
   1.9139558e-04
   1.9202568e-04
   1.9238127e-04
   1.9269268e-04
   1.9305305e-04
   1.9325807e-04
   1.9384903e-04
   1.9437047e-04
   1.9476827e-04
   1.9523678e-04
   1.9563501e-04
   1.9609789e-04
   1.9666689e-04
   1.9725246e-04
   1.9776393e-04
   1.9807111e-04
   1.9840353e-04
   1.9884423e-04
   1.9936060e-04
   1.9978745e-04
   2.0022354e-04
   2.0066083e-04
   2.0098667e-04
   2.0152768e-04
   2.0199184e-04
   2.0227233e-04
   2.0280671e-04
   2.0324234e-04
   2.0363501e-04
   2.0417410e-04
   2.0483229e-04
   2.0537433e-04
   2.0564569e-04
   2.0615423e-04
   2.0650839e-04
   2.0686493e-04
   2.0739610e-04
   2.0758946e-04
   2.0796352e-04
   2.0836057e-04
   2.0876040e-04
   2.0933322e-04
   2.0971992e-04
   2.1010040e-04
   2.1028915e-04
   2.1067598e-04
   2.1101664e-04
   2.1135997e-04
   2.1196508e-04
   2.1242909e-04
   2.1297254e-04
   2.1358874e-04
   2.1396453e-04
   2.1441589e-04
   2.1457509e-04
   2.1483226e-04
   2.1688465e-04
   2.1771874e-04
   2.1847368e-04
   2.1898453e-04
   2.1971013e-04
   2.2023472e-04
   2.2114903e-04
   2.2219802e-04
   2.2299257e-04
   2.2372600e-04
   2.2521619e-04
   2.2609088e-04
   2.2730835e-04
   2.2795398e-04
   2.2828549e-04
   2.2913524e-04
   2.2995358e-04
   2.3078330e-04
   2.3167808e-04
   2.3266485e-04
   2.3363382e-04
   2.3472650e-04
   2.3547178e-04
   2.3637327e-04
   2.3699110e-04
   2.3754426e-04
   2.3815613e-04
   2.3885266e-04
   2.3978471e-04
   2.4071881e-04
   2.4166940e-04
   2.4263291e-04
   2.4354339e-04
   2.4455591e-04
   2.4548045e-04
   2.4597112e-04
   2.4654752e-04
   2.4726972e-04
   2.4838157e-04
   2.4909829e-04
   2.4957364e-04
   2.5003983e-04
   2.5049697e-04
   2.5143961e-04
   2.5209924e-04
   2.5270773e-04
   2.5342851e-04
   2.5463461e-04
   2.5597015e-04
   2.5730112e-04
   2.5826620e-04
   2.5897110e-04
   2.5994936e-04
   2.6089576e-04
   2.6126688e-04
   2.6226107e-04
   2.6323235e-04
   2.6427111e-04
   2.6514748e-04
   2.6625695e-04
   2.6720725e-04
   2.6784469e-04
   2.6853344e-04
   2.6965639e-04
   2.7022805e-04
   2.7098859e-04
   2.7171246e-04
   2.7269179e-04
   2.7328817e-04
   2.7442845e-04
   2.7494965e-04
   2.7585158e-04
   2.7704847e-04
   2.7804171e-04
   2.7901585e-04
   2.8003895e-04
   2.8078275e-04
   2.8179904e-04
   2.8326216e-04
   2.8451378e-04
   2.8571584e-04
   2.8657201e-04
   2.8763712e-04
   2.8898599e-04
   2.8996905e-04
   2.9080854e-04
   2.9142895e-04
   2.9211820e-04
   2.9240482e-04
   2.9309167e-04
   2.9393616e-04
   2.9472543e-04
   2.9585895e-04
   2.9684792e-04
   2.9772528e-04
   2.9901836e-04
   2.9997446e-04
   3.0145602e-04
   3.0266847e-04
   3.0336559e-04
   3.0463349e-04
   3.0553298e-04
   3.0608463e-04
   3.0688543e-04
   3.0763839e-04
   3.0870486e-04
   3.0934345e-04
   3.0994107e-04
   3.1090441e-04
   3.1150071e-04
   3.1235859e-04
   3.1330120e-04
   3.1404424e-04
   3.1466960e-04
   3.1537688e-04
   3.1649872e-04
   3.1759543e-04
   3.1854078e-04
   3.1923165e-04
   3.2029462e-04
   3.2152390e-04
   3.2261017e-04
   3.2358032e-04
   3.2497564e-04
   3.2556821e-04
   3.2605972e-04
   3.2719142e-04
   3.2785894e-04
   3.2908931e-04
   3.2973572e-04
   3.3114403e-04
   3.3201670e-04
   3.3347645e-04
   3.3446117e-04
   3.3531966e-04
   3.3613796e-04
   3.3683499e-04
   3.3810569e-04
   3.3892952e-04
   3.3982190e-04
   3.4072927e-04
   3.4190469e-04
   3.4273910e-04
   3.4363721e-04
   3.4471197e-04
   3.4552112e-04
   3.4680604e-04
   3.4787685e-04
   3.4860921e-04
   3.4923333e-04
   3.4994076e-04
   3.5107613e-04
   3.5233853e-04
   3.5331347e-04
   3.5419475e-04
   3.5490705e-04
   3.5602950e-04
   3.5681022e-04
   3.5748691e-04
   3.5822271e-04
   3.5969417e-04
   3.6031718e-04
   3.6065631e-04
   3.6136373e-04
   3.6191123e-04
   3.6270093e-04
   3.6374560e-04
   3.6512344e-04
   3.6609024e-04
   3.6721821e-04
   3.6781879e-04
   3.6885986e-04
   3.6970023e-04
   3.7062754e-04
   3.7137712e-04
   3.7191986e-04
   3.7249036e-04
   3.7352639e-04
   3.7467007e-04
   3.7484667e-04
   3.7566997e-04
   3.7663824e-04
   3.7753016e-04
   3.7826387e-04
   3.7884064e-04
   3.7939026e-04
   3.8002004e-04
   3.8096372e-04
   3.8174236e-04
   3.8239353e-04
   3.8287967e-04
   3.8357058e-04
   3.8460043e-04
   3.8548533e-04
   3.8640020e-04
   3.8732905e-04
   3.8799840e-04
   3.8887103e-04
   3.9010703e-04
   3.9121842e-04
   3.9227285e-04
   3.9291005e-04
   3.9344328e-04
   3.9440603e-04
   3.9499617e-04
   3.9624651e-04
   3.9733721e-04
   3.9807653e-04
   3.9882896e-04
   3.9943492e-04
   4.0027720e-04
   4.0075701e-04
   4.0185764e-04
   4.0243181e-04
   4.0321428e-04
   4.0436242e-04
   4.0524901e-04
   4.0581448e-04
   4.0671042e-04
   4.0806284e-04
   4.0922854e-04
   4.0974247e-04
   4.1066377e-04
   4.1160282e-04
   4.1251870e-04
   4.1337126e-04
   4.1444746e-04
   4.1526553e-04
   4.1573718e-04
   4.1637623e-04
   4.1752610e-04
   4.1886803e-04
   4.1956540e-04
   4.2001657e-04
   4.2084986e-04
   4.2184213e-04
   4.2308987e-04
   4.2410193e-04
   4.2465547e-04
   4.2544010e-04
   4.2596966e-04
   4.2690405e-04
   4.2757009e-04
   4.2904553e-04
   4.2960064e-04
   4.3003945e-04
   4.3085645e-04
   4.3169095e-04
   4.3246133e-04
   4.3341501e-04
   4.3455350e-04
   4.3525392e-04
   4.3598673e-04
   4.3688044e-04
   4.3761062e-04
   4.3885660e-04
   4.3963721e-04
   4.4081049e-04
   4.4165836e-04
   4.4317528e-04
   4.4453264e-04
   4.4553479e-04
   4.4593338e-04
   4.4681874e-04
   4.4808253e-04
   4.4873766e-04
   4.4959495e-04
   4.5067571e-04
   4.5158392e-04
   4.5199280e-04
   4.5301009e-04
   4.5384188e-04
   4.5453696e-04
   4.5540866e-04
   4.5648789e-04
   4.5735690e-04
   4.5832405e-04
   4.5950303e-04
   4.6060120e-04
   4.6188305e-04
   4.6310971e-04
   4.6419807e-04
   4.6491468e-04
   4.6572111e-04
   4.6664021e-04
   4.6762539e-04
   4.6888695e-04
   4.6988026e-04
   4.7057719e-04
   4.7135148e-04
   4.7225644e-04
   4.7305923e-04
   4.7433598e-04
   4.7522196e-04
   4.7556434e-04
   4.7653006e-04
   4.7725069e-04
   4.7817000e-04
   4.7963618e-04
   4.8087560e-04
   4.8149724e-04
   4.8212851e-04
   4.8294600e-04
   4.8366767e-04
   4.8414952e-04
   4.8531742e-04
   4.8616587e-04
   4.8700353e-04
   4.8809306e-04
   4.8872666e-04
   4.8928004e-04
   4.9025806e-04
   4.9131821e-04
   4.9175138e-04
   4.9230398e-04
   4.9316952e-04
   4.9384604e-04
   4.9426765e-04
   4.9469670e-04
   4.9574283e-04
   4.9654188e-04
   4.9749259e-04
   4.9841014e-04
   4.9951376e-04
   5.0016420e-04
   5.0050607e-04
   5.0127657e-04
   5.0178370e-04
   5.0260494e-04
   5.0360063e-04
   5.0435769e-04
   5.0486018e-04
   5.0573756e-04
   5.0638292e-04
   5.0760114e-04
   5.0854298e-04
   5.0944480e-04
   5.1020447e-04
   5.1136803e-04
   5.1210923e-04
   5.1281159e-04
   5.1394744e-04
   5.1522416e-04
   5.1636297e-04
   5.1701164e-04
   5.1832735e-04
   5.1964284e-04
   5.2035337e-04
   5.2109936e-04
   5.2189120e-04
   5.2300471e-04
   5.2409892e-04
   5.2507362e-04
   5.2599615e-04
   5.2658796e-04
   5.2722982e-04
   5.2825571e-04
   5.2928395e-04
   5.3046560e-04
   5.3212661e-04
   5.3299309e-04
   5.3402221e-04
   5.3496421e-04
   5.3581918e-04
   5.3694397e-04
   5.3792282e-04
   5.3842556e-04
   5.3921836e-04
   5.4004863e-04
   5.4126083e-04
   5.4183765e-04
   5.4288259e-04
   5.4380891e-04
   5.4501939e-04
   5.4604200e-04
   5.4675559e-04
   5.4797659e-04
   5.4907214e-04
   5.4977458e-04
   5.5082898e-04
   5.5163792e-04
   5.5221291e-04
   5.5293237e-04
   5.5349852e-04
   5.5480025e-04
   5.5603353e-04
   5.5663845e-04
   5.5739018e-04
   5.5813762e-04
   5.5881641e-04
   5.5968907e-04
   5.6024262e-04
   5.6079711e-04
   5.6197407e-04
   5.6326113e-04
   5.6431063e-04
   5.6561656e-04
   5.6677898e-04
   5.6765605e-04
   5.6809067e-04
   5.6871040e-04
   5.6928314e-04
   5.7028920e-04
   5.7130626e-04
   5.7227262e-04
   5.7313590e-04
   5.7467927e-04
   5.7535252e-04
   5.7628427e-04
   5.7729450e-04
   5.7817888e-04
   5.7911664e-04
   5.8008858e-04
   5.8102391e-04
   5.8216860e-04
   5.8334395e-04
   5.8413552e-04
   5.8530832e-04
   5.8598448e-04
   5.8686121e-04
   5.8744951e-04
   5.8862309e-04
   5.8907154e-04
   5.8991858e-04
   5.9123454e-04
   5.9177932e-04
   5.9292230e-04
   5.9435372e-04
   5.9535605e-04
   5.9678152e-04
   5.9763368e-04
   5.9869070e-04
   5.9948076e-04
   6.0007689e-04
   6.0086913e-04
   6.0166504e-04
   6.0247067e-04
   6.0316290e-04
   6.0417062e-04
   6.0485865e-04
   6.0544939e-04
   6.0628023e-04
   6.0735746e-04
   6.0777950e-04
   6.0855543e-04
   6.0956605e-04
   6.1047010e-04
   6.1160269e-04
   6.1261031e-04
   6.1352798e-04
   6.1504360e-04
   6.1607494e-04
   6.1696088e-04
   6.1794015e-04
   6.1914713e-04
   6.2019149e-04
   6.2109334e-04
   6.2203256e-04
   6.2279538e-04
   6.2379092e-04
   6.2490096e-04
   6.2548442e-04
   6.2604238e-04
   6.2707520e-04
   6.2797241e-04
   6.2916044e-04
   6.3019813e-04
   6.3097294e-04
   6.3201503e-04
   6.3285360e-04
   6.3383745e-04
   6.3433625e-04
   6.3478861e-04
   6.3599654e-04
   6.3654393e-04
   6.3778865e-04
   6.3883864e-04
   6.3974190e-04
   6.4081959e-04
   6.4153960e-04
   6.4275733e-04
   6.4387278e-04
   6.4505967e-04
   6.4586083e-04
   6.4700293e-04
   6.4762592e-04
   6.4830660e-04
   6.4917248e-04
   6.4986640e-04
   6.5040460e-04
   6.5161392e-04
   6.5206961e-04
   6.5331240e-04
   6.5451376e-04
   6.5552292e-04
   6.5629282e-04
   6.5714665e-04
   6.5816620e-04
   6.5917999e-04
   6.6026422e-04
