   1.8035129e-11
   3.2339020e-11
   5.1140314e-11
   6.3691385e-11
   7.7466145e-11
   8.8448249e-11
   1.0320977e-10
   1.1499690e-10
   1.2897949e-10
   1.4847079e-10
   1.5952328e-10
   1.7737756e-10
   1.9348545e-10
   2.1211555e-10
   2.2881874e-10
   2.4338276e-10
   2.5321933e-10
   2.7175429e-10
   2.8310987e-10
   2.9968261e-10
   3.1272818e-10
   3.2368486e-10
   3.3586822e-10
   3.5513947e-10
   3.7052628e-10
   3.8703263e-10
   4.0731929e-10
   4.2265369e-10
   4.3877901e-10
   4.4829851e-10
   4.6365145e-10
   4.7452797e-10
   4.8918358e-10
   5.0158044e-10
   5.1959903e-10
   5.3597504e-10
   5.5076821e-10
   5.6767979e-10
   5.8479288e-10
   5.9652905e-10
   6.0805372e-10
   6.1860728e-10
   6.3704442e-10
   6.5018591e-10
   6.6377936e-10
   6.7827821e-10
   6.9034722e-10
   7.0428308e-10
   7.1967199e-10
   7.3714057e-10
   7.5267359e-10
   7.6504225e-10
   7.8160134e-10
   7.9105678e-10
   8.0306506e-10
   8.1585372e-10
   8.3196117e-10
   8.4853924e-10
   8.6553675e-10
   8.7712215e-10
   8.9374486e-10
   9.0474128e-10
   9.2218944e-10
   9.3762109e-10
   9.5571429e-10
   9.7012787e-10
   9.8658459e-10
   1.0006463e-09
   1.0119813e-09
   1.0253167e-09
   1.0437619e-09
   1.0585200e-09
   1.0755412e-09
   1.0901754e-09
   1.1047436e-09
   1.1187069e-09
   1.1314379e-09
   1.1424983e-09
   1.1586802e-09
   1.1756687e-09
   1.1879138e-09
   1.2037028e-09
   1.2188185e-09
   1.2327986e-09
   1.2457466e-09
   1.2566294e-09
   1.2721659e-09
   1.2846703e-09
   1.2997082e-09
   1.3134291e-09
   1.3261533e-09
   1.3421763e-09
   1.3521428e-09
   1.3688344e-09
   1.3861874e-09
   1.3978965e-09
   1.4108912e-09
   1.4262330e-09
   1.4361203e-09
   1.4514910e-09
   1.4647893e-09
   1.4833685e-09
   1.4963767e-09
   1.5117677e-09
   1.5285063e-09
   1.5456247e-09
   1.5587213e-09
   1.5731484e-09
   1.5882713e-09
   1.6028939e-09
   1.6151592e-09
   1.6288512e-09
   1.6438526e-09
   1.6602304e-09
   1.6720901e-09
   1.6842239e-09
   1.6979541e-09
   1.7196808e-09
   1.7310592e-09
   1.7480848e-09
   1.7594652e-09
   1.7724443e-09
   1.7811602e-09
   1.7969082e-09
   1.8103626e-09
   1.8266058e-09
   1.8373849e-09
   1.8497727e-09
   1.8628538e-09
   1.8800375e-09
   1.8917565e-09
   1.9045068e-09
   1.9177179e-09
   1.9280947e-09
   1.9398297e-09
   1.9542178e-09
   1.9713635e-09
   1.9825821e-09
   1.9993990e-09
   2.0090585e-09
   2.0262607e-09
   2.0411473e-09
   2.0552768e-09
   2.0685049e-09
   2.0833332e-09
   2.0951864e-09
   2.1066571e-09
   2.1163520e-09
   2.1273079e-09
   2.1402283e-09
   2.1550470e-09
   2.1642919e-09
   2.1771542e-09
   2.1945213e-09
   2.2055472e-09
   2.2216577e-09
   2.2361908e-09
   2.2534279e-09
   2.2646064e-09
   2.2775716e-09
   2.2914253e-09
   2.3041268e-09
   2.3170357e-09
   2.3361930e-09
   2.3502722e-09
   2.3625599e-09
   2.3795236e-09
   2.3937484e-09
   2.4071596e-09
   2.4198246e-09
   2.4358356e-09
   2.4474522e-09
   2.4610690e-09
   2.4703912e-09
   2.4813911e-09
   2.4940073e-09
   2.5103087e-09
   2.5229663e-09
   2.5379394e-09
   2.5541088e-09
   2.5668536e-09
   2.5778034e-09
   2.5944074e-09
   2.6105035e-09
   2.6268668e-09
   2.6440449e-09
   2.6579337e-09
   2.6719352e-09
   2.6852072e-09
   2.6958422e-09
   2.7110052e-09
   2.7256402e-09
   2.7417898e-09
   2.7554172e-09
   2.7669910e-09
   2.7815784e-09
   2.7935114e-09
   2.8051298e-09
   2.8196484e-09
   2.8354676e-09
   2.8503487e-09
   2.8639037e-09
   2.8811397e-09
   2.8937798e-09
   2.9057766e-09
   2.9219280e-09
   2.9374292e-09
   2.9537610e-09
   2.9688815e-09
   2.9791927e-09
   2.9942496e-09
   3.0096688e-09
   3.0219869e-09
   3.0360628e-09
   3.0502593e-09
   3.0614603e-09
   3.0711432e-09
   3.0871772e-09
   3.0996329e-09
   3.1115555e-09
   3.1206543e-09
   3.1369478e-09
   3.1474926e-09
   3.1602012e-09
   3.1717333e-09
   3.1870155e-09
   3.2005741e-09
   3.2136477e-09
   3.2279821e-09
   3.2393632e-09
   3.2581604e-09
   3.2688970e-09
   3.2813692e-09
   3.2988672e-09
   3.3121530e-09
   3.3260935e-09
   3.3389360e-09
   3.3501909e-09
   3.3637317e-09
   3.3758615e-09
   3.3880777e-09
   3.3997619e-09
   3.4146743e-09
   3.4269518e-09
   3.4433618e-09
   3.4578717e-09
   3.4763806e-09
   3.4887988e-09
   3.4995331e-09
   3.5151656e-09
   3.5276614e-09
   3.5417516e-09
   3.5522916e-09
   3.5666327e-09
   3.5821497e-09
   3.5947603e-09
   3.6066716e-09
   3.6223257e-09
   3.6336120e-09
   3.6510293e-09
   3.6626774e-09
   3.6812453e-09
   3.6890011e-09
   3.7001321e-09
   3.7159879e-09
   3.7289706e-09
   3.7412661e-09
   3.7544217e-09
   3.7692242e-09
   3.7784430e-09
   3.7895168e-09
   3.8052075e-09
   3.8179494e-09
   3.8366895e-09
   3.8546714e-09
   3.8690793e-09
   3.8815222e-09
   3.8985596e-09
   3.9139456e-09
   3.9285092e-09
   3.9454391e-09
   3.9598292e-09
   3.9719620e-09
   3.9839091e-09
   4.0008611e-09
   4.0117479e-09
   4.0268052e-09
   4.0391557e-09
   4.0511731e-09
   4.0687235e-09
   4.0829282e-09
   4.0974437e-09
   4.1134822e-09
   4.1240306e-09
   4.1404662e-09
   4.1516002e-09
   4.1669656e-09
   4.1807884e-09
   4.1932097e-09
   4.2030073e-09
   4.2126251e-09
   4.2276493e-09
   4.2456627e-09
   4.2629655e-09
   4.2781387e-09
   4.2928026e-09
   4.3049356e-09
   4.3221752e-09
   4.3377597e-09
   4.3519841e-09
   4.3647538e-09
   4.3810747e-09
   4.3954376e-09
   4.4088002e-09
   4.4241204e-09
   4.4404406e-09
   4.4557569e-09
   4.4693904e-09
   4.4800833e-09
   4.4954328e-09
   4.5104024e-09
   4.5221579e-09
   4.5372361e-09
   4.5521192e-09
   4.5689545e-09
   4.5867522e-09
   4.6026584e-09
   4.6164910e-09
   4.6290098e-09
   4.6383364e-09
   4.6479858e-09
   4.6612210e-09
   4.6699197e-09
   4.6877786e-09
   4.7024900e-09
   4.7121786e-09
   4.7240104e-09
   4.7367570e-09
   4.7521597e-09
   4.7680702e-09
   4.7810089e-09
   4.7928540e-09
   4.8073301e-09
   4.8211789e-09
   4.8363868e-09
   4.8533728e-09
   4.8653056e-09
   4.8777806e-09
   4.8870846e-09
   4.9002979e-09
   4.9156536e-09
   4.9312751e-09
   4.9496364e-09
   4.9627854e-09
   4.9724386e-09
   4.9840263e-09
   4.9967532e-09
   5.0106788e-09
   5.0249733e-09
   5.0394972e-09
   5.0493308e-09
   5.0643156e-09
   5.0831704e-09
   5.0993099e-09
   5.1107357e-09
   5.1242403e-09
   5.1339675e-09
   5.1471858e-09
   5.1580704e-09
   5.1706727e-09
   5.1855246e-09
   5.1999278e-09
   5.2098004e-09
   5.2237283e-09
   5.2369142e-09
   5.2542170e-09
   5.2655046e-09
   5.2818048e-09
   5.2961129e-09
   5.3073312e-09
   5.3213756e-09
   5.3319802e-09
   5.3476661e-09
   5.3589627e-09
   5.3688329e-09
   5.3788227e-09
   5.3924463e-09
   5.4069985e-09
   5.4162104e-09
   5.4274811e-09
   5.4419687e-09
   5.4526210e-09
   5.4673651e-09
   5.4836179e-09
   5.4982966e-09
   5.5097474e-09
   5.5236663e-09
   5.5399718e-09
   5.5522360e-09
   5.5681165e-09
   5.5811827e-09
   5.5940088e-09
   5.6068801e-09
   5.6230661e-09
   5.6361282e-09
   5.6489946e-09
   5.6627163e-09
   5.6780041e-09
   5.6918146e-09
   5.7060169e-09
   5.7217796e-09
   5.7357008e-09
   5.7479284e-09
   5.7595168e-09
   5.7738504e-09
   5.7874198e-09
   5.8053340e-09
   5.8172619e-09
   5.8344243e-09
   5.8473760e-09
   5.8622982e-09
   5.8791102e-09
   5.8899061e-09
   5.9073572e-09
   5.9179325e-09
   5.9321101e-09
   5.9449249e-09
   5.9578247e-09
   5.9728991e-09
   5.9842838e-09
   5.9947012e-09
   6.0077249e-09
   6.0226250e-09
   6.0359195e-09
   6.0468236e-09
   6.0580110e-09
   6.0724689e-09
   6.0843078e-09
   6.0959818e-09
   6.1059103e-09
   6.1183509e-09
   6.1308497e-09
   6.1424148e-09
   6.1538489e-09
   6.1681182e-09
   6.1813629e-09
   6.1983568e-09
   6.2122437e-09
   6.2240739e-09
   6.2354476e-09
   6.2484222e-09
   6.2615644e-09
   6.2783394e-09
   6.2920356e-09
   6.3035649e-09
   6.3181115e-09
   6.3321720e-09
   6.3457227e-09
   6.3563768e-09
   6.3678289e-09
   6.3791245e-09
   6.3941711e-09
   6.4079919e-09
   6.4240833e-09
   6.4351580e-09
   6.4511744e-09
   6.4639067e-09
   6.4784483e-09
   6.4880695e-09
   6.5007999e-09
   6.5169032e-09
   6.5348376e-09
   6.5485410e-09
   6.5552708e-09
   6.5701677e-09
   6.5821507e-09
   6.5939155e-09
   6.6082577e-09
   6.6175487e-09
   6.6289466e-09
   6.6474648e-09
   6.6645702e-09
   6.6758418e-09
   6.6905690e-09
   6.7050174e-09
   6.7181075e-09
   6.7352851e-09
   6.7465286e-09
   6.7567862e-09
   6.7699140e-09
   6.7856590e-09
   6.8033251e-09
   6.8149719e-09
   6.8279141e-09
   6.8419589e-09
   6.8547653e-09
   6.8712960e-09
   6.8829834e-09
   6.8956856e-09
   6.9067099e-09
   6.9685572e-09
   7.0219073e-09
   7.0811315e-09
   7.1361040e-09
   7.1965653e-09
   7.2441440e-09
   7.3148965e-09
   7.3766712e-09
   7.4233497e-09
   7.4644969e-09
   7.5477339e-09
   7.6032165e-09
   7.6490783e-09
   7.6813738e-09
   7.7195533e-09
   7.7688294e-09
   7.8107737e-09
   7.8474678e-09
   7.8960695e-09
   7.9353508e-09
   7.9903453e-09
   8.0413345e-09
   8.0961537e-09
   8.1594637e-09
   8.2132893e-09
   8.2711245e-09
   8.3421249e-09
   8.4144295e-09
   8.4566526e-09
   8.5099348e-09
   8.5507651e-09
   8.6043562e-09
   8.6521834e-09
   8.7203355e-09
   8.7755293e-09
   8.8232536e-09
   8.8771013e-09
   8.9367969e-09
   9.0055010e-09
   9.0725829e-09
   9.1304737e-09
   9.1920889e-09
   9.2435185e-09
   9.3108511e-09
   9.3661100e-09
   9.4245823e-09
   9.4768468e-09
   9.5294590e-09
   9.5779242e-09
   9.6278663e-09
   9.6927708e-09
   9.7508418e-09
   9.8101551e-09
   9.8680467e-09
   9.9266833e-09
   9.9861619e-09
   1.0041656e-08
   1.0107044e-08
   1.0179521e-08
   1.0231692e-08
   1.0309950e-08
   1.0366395e-08
   1.0427878e-08
   1.0475169e-08
   1.0519142e-08
   1.0569467e-08
   1.0639275e-08
   1.0683950e-08
   1.0734556e-08
   1.0797312e-08
   1.0853891e-08
   1.0922300e-08
   1.0957645e-08
   1.1020303e-08
   1.1098326e-08
   1.1150349e-08
   1.1211926e-08
   1.1281566e-08
   1.1310611e-08
   1.1361128e-08
   1.1420202e-08
   1.1462968e-08
   1.1529199e-08
   1.1572983e-08
   1.1633439e-08
   1.1698313e-08
   1.1762819e-08
   1.1817804e-08
   1.1867219e-08
   1.1924904e-08
   1.1961887e-08
   1.2013184e-08
   1.2078665e-08
   1.2134069e-08
   1.2193443e-08
   1.2241842e-08
   1.2304471e-08
   1.2365113e-08
   1.2433155e-08
   1.2485971e-08
   1.2556258e-08
   1.2610156e-08
   1.2665049e-08
   1.2716915e-08
   1.2781117e-08
   1.2837654e-08
   1.2890896e-08
   1.2941556e-08
   1.2993746e-08
   1.3035025e-08
   1.3098334e-08
   1.3134772e-08
   1.3192355e-08
   1.3243715e-08
   1.3309526e-08
   1.3363892e-08
   1.3413787e-08
   1.3461824e-08
   1.3511247e-08
   1.3574059e-08
   1.3630204e-08
   1.3676606e-08
   1.3708507e-08
   1.3777690e-08
   1.3841603e-08
   1.3894514e-08
   1.3935708e-08
   1.3984889e-08
   1.4032962e-08
   1.4074798e-08
   1.4134956e-08
   1.4209895e-08
   1.4250143e-08
   1.4296328e-08
   1.4368568e-08
   1.4423755e-08
   1.4478665e-08
   1.4533590e-08
   1.4590754e-08
   1.4632514e-08
   1.4693181e-08
   1.4755436e-08
   1.4798293e-08
   1.4849501e-08
   1.4903483e-08
   1.4940446e-08
   1.5002783e-08
   1.5062023e-08
   1.5121569e-08
   1.5176627e-08
   1.5239162e-08
   1.5269253e-08
   1.5337129e-08
   1.5393960e-08
   1.5436575e-08
   1.5490827e-08
   1.5540306e-08
   1.5594090e-08
   1.5651698e-08
   1.5726813e-08
   1.5768019e-08
   1.5816993e-08
   1.5858178e-08
   1.5912868e-08
   1.5976926e-08
   1.6026896e-08
   1.6094574e-08
   1.6151742e-08
   1.6200073e-08
   1.6250699e-08
   1.6306987e-08
   1.6377755e-08
   1.6438043e-08
   1.6481827e-08
   1.6519088e-08
   1.6555786e-08
   1.6593533e-08
   1.6650844e-08
   1.6707312e-08
   1.6759144e-08
   1.6820676e-08
   1.6881266e-08
   1.6935158e-08
   1.6997726e-08
   1.7061420e-08
   1.7127772e-08
   1.7195231e-08
   1.7239520e-08
   1.7294628e-08
   1.7363010e-08
   1.7422089e-08
   1.7483652e-08
   1.7547808e-08
   1.7600525e-08
   1.7643165e-08
   1.7690248e-08
   1.7736959e-08
   1.7796820e-08
   1.7849507e-08
   1.7904738e-08
   1.7955105e-08
   1.8009192e-08
   1.8059660e-08
   1.8110524e-08
   1.8175048e-08
   1.8216997e-08
   1.8274593e-08
   1.8331799e-08
   1.8401512e-08
   1.8469290e-08
   1.8518116e-08
   1.8557830e-08
   1.8625729e-08
   1.8696782e-08
   1.8759611e-08
   1.8811124e-08
   1.8861136e-08
   1.8915191e-08
   1.8984499e-08
   1.9017933e-08
   1.9074807e-08
   1.9135847e-08
   1.9175185e-08
   1.9223958e-08
   1.9276958e-08
   1.9335441e-08
   1.9386828e-08
   1.9445280e-08
   1.9494366e-08
   1.9553563e-08
   1.9586688e-08
   1.9649363e-08
   1.9697489e-08
   1.9739812e-08
   1.9789031e-08
   1.9833404e-08
   1.9875838e-08
   1.9927014e-08
   1.9980586e-08
   2.0023886e-08
   2.0077953e-08
   2.0138516e-08
   2.0208679e-08
   2.0254016e-08
   2.0300705e-08
   2.0359346e-08
   2.0421222e-08
   2.0483385e-08
   2.0527150e-08
   2.0582614e-08
   2.0636506e-08
   2.0703286e-08
   2.0766761e-08
   2.0821468e-08
   2.0871543e-08
   2.0934599e-08
   2.0980575e-08
   2.1028072e-08
   2.1097462e-08
   2.1141828e-08
   2.1196756e-08
   2.1246642e-08
   2.1304433e-08
   2.1341640e-08
   2.1394011e-08
   2.1450627e-08
   2.1494900e-08
   2.1540062e-08
   2.1592212e-08
   2.1651822e-08
   2.1694997e-08
   2.1746051e-08
   2.1794383e-08
   2.1860963e-08
   2.1909170e-08
   2.1979579e-08
   2.2038699e-08
   2.2102012e-08
   2.2145913e-08
   2.2217563e-08
   2.2257250e-08
   2.2315060e-08
   2.2370530e-08
   2.2432899e-08
   2.2468780e-08
   2.2519333e-08
   2.2568934e-08
   2.2625729e-08
   2.2675087e-08
   2.2712750e-08
   2.2764487e-08
   2.2814957e-08
   2.2854006e-08
   2.2909927e-08
   2.2968351e-08
   2.3016545e-08
   2.3077717e-08
   2.3150962e-08
   2.3181705e-08
   2.3244144e-08
   2.3299316e-08
   2.3359674e-08
   2.3401674e-08
   2.3460234e-08
   2.3527399e-08
   2.3562639e-08
   2.3609225e-08
   2.3675558e-08
   2.3716836e-08
   2.3773177e-08
   2.3830883e-08
   2.3869923e-08
   2.3923292e-08
   2.3973510e-08
   2.4015131e-08
   2.4077480e-08
   2.4132023e-08
   2.4179910e-08
   2.4233857e-08
   2.4279927e-08
   2.4336826e-08
   2.4387291e-08
   2.4442365e-08
   2.4479243e-08
   2.4525917e-08
   2.4565029e-08
   2.4617482e-08
   2.4676586e-08
   2.4739350e-08
   2.4777413e-08
   2.4823909e-08
   2.4867690e-08
   2.4923693e-08
   2.4980498e-08
   2.5036756e-08
   2.5109903e-08
   2.5168185e-08
   2.5226299e-08
   2.5269857e-08
   2.5322455e-08
   2.5356398e-08
   2.5412473e-08
   2.5461309e-08
   2.5511301e-08
   2.5560662e-08
   2.5609576e-08
   2.5662399e-08
   2.5705263e-08
   2.5757837e-08
   2.5804587e-08
   2.5864936e-08
   2.5910967e-08
   2.5946049e-08
   2.5995558e-08
   2.6043129e-08
   2.6109335e-08
   2.6169944e-08
   2.6214148e-08
   2.6258532e-08
   2.6312897e-08
   2.6367515e-08
   2.6416673e-08
   2.6475161e-08
   2.6518637e-08
   2.6568375e-08
   2.6607558e-08
   2.6652070e-08
   2.6704445e-08
   2.6747713e-08
   2.6813231e-08
   2.6874985e-08
   2.6922000e-08
   2.6967132e-08
   2.7019754e-08
   2.7066405e-08
   2.7116905e-08
   2.7167325e-08
   2.7216185e-08
   2.7255646e-08
   2.7324094e-08
   2.7371620e-08
   2.7418994e-08
   2.7470162e-08
   2.7522202e-08
   2.7574428e-08
   2.7614903e-08
   2.7669991e-08
   2.7706839e-08
   2.7745840e-08
   2.7777638e-08
   2.7821491e-08
   2.7871134e-08
   2.7918153e-08
   2.7968264e-08
   2.8008474e-08
   2.8057493e-08
   2.8092617e-08
   2.8147138e-08
   2.8185847e-08
   2.8228566e-08
   2.8288068e-08
   2.8359091e-08
   2.8416821e-08
   2.8471143e-08
   2.8543967e-08
   2.8599495e-08
   2.8652702e-08
   2.8710330e-08
   2.8755933e-08
   2.8784613e-08
   2.8824362e-08
   2.8879314e-08
   2.8936866e-08
   2.8982001e-08
   2.9012189e-08
   2.9061773e-08
   2.9115313e-08
   2.9167755e-08
   2.9206231e-08
   2.9267527e-08
   2.9312587e-08
   2.9363808e-08
   2.9417380e-08
   2.9450138e-08
   2.9516792e-08
   2.9582011e-08
   2.9626156e-08
   2.9682567e-08
   2.9743366e-08
   2.9782192e-08
   2.9835322e-08
   2.9888169e-08
   2.9932204e-08
   2.9979510e-08
   3.0036404e-08
   3.0087312e-08
   3.0126378e-08
   3.0161675e-08
   3.0226608e-08
   3.0282603e-08
   3.0333419e-08
   3.0383236e-08
   3.0433839e-08
   3.0484736e-08
   3.0531888e-08
   3.0575999e-08
   3.0616524e-08
   3.0675247e-08
   3.0721934e-08
   3.0762613e-08
   3.0813506e-08
   3.0881668e-08
   3.0932774e-08
   3.0984704e-08
   3.1037314e-08
   3.1105387e-08
   3.1151918e-08
   3.1210363e-08
   3.1256750e-08
   3.1315267e-08
   3.1359091e-08
   3.1402728e-08
   3.1448548e-08
   3.1506364e-08
   3.1549299e-08
   3.1610909e-08
   3.1663079e-08
   3.1697173e-08
   3.1756467e-08
   3.1799423e-08
   3.1865147e-08
   3.1927517e-08
   3.1987325e-08
   3.2034749e-08
   3.2093262e-08
   3.2136192e-08
   3.2189892e-08
   3.2229199e-08
   3.2265689e-08
   3.2320667e-08
   3.2366523e-08
   3.2406012e-08
   3.2460412e-08
   3.2515782e-08
   3.2552556e-08
   3.2592259e-08
   3.2622176e-08
   3.2669293e-08
   3.2707039e-08
   3.2743476e-08
   3.2805262e-08
   3.2869364e-08
   3.2900343e-08
   3.2953067e-08
   3.3002427e-08
   3.3045041e-08
   3.3088784e-08
   3.3144560e-08
   3.3205992e-08
   3.3273706e-08
