   2.8277000e-02
   4.1995000e-02
   5.3354000e-02
   6.4846000e-02
   7.5992000e-02
   8.6781000e-02
   9.7682000e-02
   1.0658300e-01
   1.1543400e-01
   1.2422400e-01
   1.3310400e-01
   1.4184600e-01
   1.5070500e-01
   1.5950500e-01
   1.6838400e-01
   1.7701000e-01
   1.8573900e-01
   1.9444700e-01
   2.0311500e-01
   2.1169100e-01
   2.2033900e-01
   2.2906400e-01
   2.3784300e-01
   2.4656000e-01
   2.5520100e-01
   2.6405600e-01
   2.7271300e-01
   2.8138800e-01
   2.9000000e-01
   2.9875900e-01
   3.0753700e-01
   3.1619400e-01
   3.2493200e-01
   3.3362100e-01
   3.4232400e-01
   3.5098400e-01
   3.5963300e-01
   3.6837000e-01
   3.7709000e-01
   3.8572900e-01
   3.9444900e-01
   4.0309200e-01
   4.1182300e-01
   4.2057400e-01
   4.2942700e-01
   4.3811500e-01
   4.4689500e-01
   4.5561300e-01
   4.6431100e-01
   4.7301200e-01
   4.8173800e-01
   4.9046700e-01
   4.9927700e-01
   5.0814700e-01
   5.1690900e-01
   5.2613900e-01
   5.3495300e-01
   5.4367400e-01
   5.5254200e-01
   5.6134800e-01
   5.7004700e-01
   5.7881800e-01
   5.8754900e-01
   5.9627700e-01
   6.0497900e-01
   6.1416500e-01
   6.2272900e-01
   6.3138800e-01
   6.4010600e-01
   6.4871600e-01
   6.5746900e-01
   6.6606600e-01
   6.7477900e-01
   6.8352400e-01
   6.9225800e-01
   7.0098800e-01
   7.0976300e-01
   7.1840300e-01
   7.2718600e-01
   7.3595300e-01
   7.4473100e-01
   7.5337000e-01
   7.6218600e-01
   7.7099700e-01
   7.8013000e-01
   7.8887000e-01
   7.9749800e-01
   8.0615400e-01
   8.1496400e-01
   8.2378800e-01
   8.3251700e-01
   8.4141500e-01
   8.5014200e-01
   8.5881300e-01
   8.6764100e-01
   8.7654100e-01
   8.8569800e-01
   8.9440900e-01
   9.0323200e-01
   9.1201700e-01
   9.2097000e-01
   9.2984000e-01
   9.3870300e-01
   9.4752500e-01
   9.5622000e-01
   9.6492700e-01
   9.7363900e-01
   9.8239700e-01
   9.9199900e-01
   1.0011240e+00
   1.0101010e+00
   1.0214910e+00
   1.0327630e+00
   1.0440090e+00
   1.0553510e+00
   1.0666420e+00
   1.0778020e+00
   1.0868150e+00
   1.0954230e+00
   1.1041640e+00
   1.1129410e+00
   1.1218650e+00
   1.1305710e+00
   1.1392030e+00
   1.1478270e+00
   1.1565020e+00
   1.1652180e+00
   1.1739340e+00
   1.1827230e+00
   1.1915170e+00
   1.2004320e+00
   1.2092730e+00
   1.2180910e+00
   1.2267340e+00
   1.2355800e+00
   1.2442550e+00
   1.2530920e+00
   1.2621620e+00
   1.2709650e+00
   1.2796060e+00
   1.2889010e+00
   1.2976830e+00
   1.3063560e+00
   1.3150670e+00
   1.3240910e+00
   1.3329240e+00
   1.3415720e+00
   1.3504570e+00
   1.3591140e+00
   1.3678220e+00
   1.3764790e+00
   1.3851920e+00
   1.3938970e+00
   1.4030100e+00
   1.4118210e+00
   1.4205090e+00
   1.4292560e+00
   1.4385290e+00
   1.4473190e+00
   1.4560210e+00
   1.4646930e+00
   1.4733990e+00
   1.4821220e+00
   1.4908540e+00
   1.4995640e+00
   1.5085400e+00
   1.5173380e+00
   1.5261160e+00
   1.5348400e+00
   1.5435850e+00
   1.5523360e+00
   1.5610510e+00
   1.5698410e+00
   1.5785880e+00
   1.5873030e+00
   1.5962770e+00
   1.6049720e+00
   1.6136270e+00
   1.6224050e+00
   1.6310600e+00
   1.6397510e+00
   1.6484500e+00
   1.6573160e+00
   1.6662050e+00
   1.6748630e+00
   1.6836120e+00
   1.6923310e+00
   1.7010430e+00
   1.7100460e+00
   1.7188950e+00
   1.7276430e+00
   1.7366100e+00
   1.7452750e+00
   1.7539550e+00
   1.7626010e+00
   1.7714090e+00
   1.7802090e+00
   1.7889530e+00
   1.7976860e+00
   1.8064270e+00
   1.8150780e+00
   1.8242620e+00
   1.8330560e+00
   1.8419010e+00
   1.8505400e+00
   1.8593240e+00
   1.8680970e+00
   1.8768320e+00
   1.8856900e+00
   1.8944640e+00
   1.9032180e+00
   1.9119460e+00
   1.9213160e+00
   1.9302750e+00
   1.9390310e+00
   1.9476340e+00
   1.9563310e+00
   1.9651000e+00
   1.9738900e+00
   1.9825920e+00
   1.9913140e+00
   2.0000930e+00
   2.0087560e+00
   2.0174330e+00
   2.0262350e+00
   2.0350610e+00
   2.0439710e+00
   2.0530840e+00
   2.0617590e+00
   2.0704520e+00
   2.0791850e+00
   2.0879290e+00
   2.0967270e+00
   2.1055330e+00
   2.1142850e+00
   2.1230100e+00
   2.1317810e+00
   2.1404880e+00
   2.1492430e+00
   2.1580920e+00
   2.1668510e+00
   2.1756720e+00
   2.1845720e+00
   2.1933040e+00
   2.2021030e+00
   2.2108800e+00
   2.2196030e+00
   2.2292420e+00
   2.2386580e+00
   2.2480640e+00
   2.2568650e+00
   2.2658510e+00
   2.2746280e+00
   2.2834400e+00
   2.2922530e+00
   2.3009840e+00
   2.3096570e+00
   2.3183660e+00
   2.3270590e+00
   2.3358170e+00
   2.3445610e+00
   2.3533510e+00
   2.3620030e+00
   2.3708500e+00
   2.3795600e+00
   2.3882220e+00
   2.3970140e+00
   2.4062760e+00
   2.4158920e+00
   2.4246510e+00
   2.4334800e+00
   2.4422460e+00
   2.4509460e+00
   2.4597330e+00
   2.4684740e+00
   2.4771370e+00
   2.4858030e+00
   2.4945370e+00
   2.5032660e+00
   2.5121260e+00
   2.5209200e+00
   2.5297950e+00
   2.5385470e+00
   2.5474050e+00
   2.5560910e+00
   2.5647530e+00
   2.5734910e+00
   2.5823800e+00
   2.5910910e+00
   2.5999520e+00
   2.6086450e+00
   2.6174160e+00
   2.6261440e+00
   2.6348480e+00
   2.6435820e+00
   2.6523980e+00
   2.6614290e+00
   2.6702460e+00
   2.6790990e+00
   2.6878800e+00
   2.6967460e+00
   2.7054650e+00
   2.7144560e+00
   2.7231920e+00
   2.7319670e+00
   2.7407260e+00
   2.7493380e+00
   2.7581000e+00
   2.7671960e+00
   2.7761270e+00
   2.7849730e+00
   2.7937120e+00
   2.8025530e+00
   2.8113820e+00
   2.8205130e+00
   2.8292640e+00
   2.8381250e+00
   2.8469150e+00
   2.8556140e+00
   2.8643550e+00
   2.8731550e+00
   2.8819350e+00
   2.8907870e+00
   2.8995850e+00
   2.9084200e+00
   2.9172240e+00
   2.9260420e+00
   2.9349050e+00
   2.9436210e+00
   2.9522590e+00
   2.9610220e+00
   2.9698940e+00
   2.9786830e+00
   2.9873660e+00
   2.9962750e+00
   3.0051060e+00
   3.0139100e+00
   3.0229310e+00
   3.0316560e+00
   3.0403510e+00
   3.0491660e+00
   3.0578720e+00
   3.0665590e+00
   3.0752950e+00
   3.0839120e+00
   3.0926360e+00
   3.1013800e+00
   3.1102330e+00
   3.1190420e+00
   3.1278000e+00
   3.1365860e+00
   3.1453520e+00
   3.1541240e+00
   3.1629010e+00
   3.1716160e+00
   3.1802170e+00
   3.1890170e+00
   3.1977770e+00
   3.2065210e+00
   3.2153470e+00
   3.2242470e+00
   3.2330700e+00
   3.2418660e+00
   3.2507190e+00
   3.2595150e+00
   3.2682170e+00
   3.2769980e+00
   3.2857090e+00
   3.2944180e+00
   3.3032730e+00
   3.3121150e+00
   3.3209030e+00
   3.3295970e+00
   3.3383110e+00
   3.3470830e+00
   3.3559010e+00
   3.3645870e+00
   3.3736270e+00
   3.3823480e+00
   3.3910980e+00
   3.3999940e+00
   3.4087850e+00
   3.4176000e+00
   3.4263230e+00
   3.4349640e+00
   3.4437370e+00
   3.4525440e+00
   3.4614130e+00
   3.4703280e+00
   3.4792490e+00
   3.4880040e+00
   3.4967110e+00
   3.5055390e+00
   3.5142220e+00
   3.5231020e+00
   3.5319270e+00
   3.5407160e+00
   3.5495210e+00
   3.5582330e+00
   3.5672110e+00
   3.5758630e+00
   3.5846080e+00
   3.5932210e+00
   3.6019640e+00
   3.6107650e+00
   3.6195250e+00
   3.6282140e+00
   3.6369840e+00
   3.6458140e+00
   3.6546490e+00
   3.6633650e+00
   3.6720870e+00
   3.6806920e+00
   3.6894170e+00
   3.6981620e+00
   3.7068360e+00
   3.7156130e+00
   3.7244240e+00
   3.7331920e+00
   3.7418460e+00
   3.7505160e+00
   3.7602160e+00
   3.7695640e+00
   3.7789240e+00
   3.7878580e+00
   3.7967850e+00
   3.8057560e+00
   3.8153630e+00
   3.8241460e+00
   3.8338660e+00
   3.8428590e+00
   3.8518470e+00
   3.8607840e+00
   3.8696470e+00
   3.8782920e+00
   3.8870290e+00
   3.8958200e+00
   3.9052500e+00
   3.9138790e+00
   3.9226040e+00
   3.9313590e+00
   3.9400420e+00
   3.9487500e+00
   3.9575420e+00
   3.9662090e+00
   3.9750100e+00
   3.9837820e+00
   3.9924540e+00
   4.0012130e+00
   4.0099820e+00
   4.0187570e+00
   4.0273560e+00
   4.0361600e+00
   4.0450190e+00
   4.0537310e+00
   4.0625050e+00
   4.0714500e+00
   4.0801640e+00
   4.0894510e+00
   4.0980620e+00
   4.1067820e+00
   4.1155230e+00
   4.1242250e+00
   4.1328560e+00
   4.1415420e+00
   4.1502040e+00
   4.1588660e+00
   4.1676070e+00
   4.1762450e+00
   4.1849300e+00
   4.1936700e+00
   4.2024340e+00
   4.2113730e+00
   4.2200770e+00
   4.2287420e+00
   4.2374380e+00
   4.2463410e+00
   4.2551630e+00
   4.2638270e+00
   4.2725620e+00
   4.2813320e+00
   4.2899450e+00
   4.2986840e+00
   4.3072800e+00
   4.3159510e+00
   4.3246170e+00
   4.3332450e+00
   4.3420850e+00
   4.3508540e+00
   4.3595330e+00
   4.3682200e+00
   4.3770220e+00
   4.3858520e+00
   4.3946710e+00
   4.4034520e+00
   4.4121220e+00
   4.4208610e+00
   4.4294200e+00
   4.4382540e+00
   4.4468850e+00
   4.4556440e+00
   4.4643990e+00
   4.4730040e+00
   4.4815890e+00
   4.4904080e+00
   4.4993330e+00
   4.5081120e+00
   4.5167550e+00
   4.5256240e+00
   4.5342280e+00
   4.5429480e+00
   4.5515520e+00
   4.5603540e+00
   4.5690220e+00
   4.5780080e+00
   4.5867890e+00
   4.5955390e+00
   4.6042310e+00
   4.6129360e+00
   4.6216690e+00
   4.6305160e+00
   4.6391880e+00
   4.6484390e+00
   4.6571540e+00
   4.6658290e+00
   4.6745170e+00
   4.6833180e+00
   4.6921500e+00
   4.7008110e+00
   4.7094280e+00
   4.7181520e+00
   4.7270590e+00
   4.7357220e+00
   4.7443960e+00
   4.7538260e+00
   4.7625860e+00
   4.7714600e+00
   4.7801080e+00
   4.7887800e+00
   4.7975480e+00
   4.8062620e+00
   4.8149930e+00
   4.8237210e+00
   4.8324850e+00
   4.8414130e+00
   4.8502900e+00
   4.8593950e+00
   4.8681880e+00
   4.8769720e+00
   4.8857600e+00
   4.8945490e+00
   4.9032660e+00
   4.9121040e+00
   4.9209280e+00
   4.9297540e+00
   4.9385320e+00
   4.9471660e+00
   4.9560560e+00
   4.9647670e+00
   4.9735630e+00
   4.9823060e+00
   4.9917360e+00
   5.0004890e+00
   5.0091500e+00
   5.0179320e+00
   5.0266940e+00
   5.0355420e+00
   5.0443350e+00
   5.0530440e+00
   5.0617020e+00
   5.0704630e+00
   5.0792300e+00
   5.0887150e+00
   5.0974500e+00
   5.1061970e+00
   5.1149750e+00
   5.1237680e+00
   5.1324280e+00
   5.1412210e+00
   5.1499600e+00
   5.1588210e+00
   5.1676560e+00
   5.1764240e+00
   5.1852670e+00
   5.1940890e+00
   5.2028020e+00
   5.2117940e+00
   5.2205630e+00
   5.2294550e+00
   5.2383170e+00
   5.2471240e+00
   5.2558580e+00
   5.2647520e+00
   5.2736300e+00
   5.2824820e+00
   5.2914050e+00
   5.3003410e+00
   5.3091370e+00
   5.3179190e+00
   5.3266680e+00
   5.3355240e+00
   5.3447490e+00
   5.3534680e+00
   5.3622040e+00
   5.3709280e+00
   5.3795520e+00
   5.3882680e+00
   5.3969230e+00
   5.4057690e+00
   5.4144250e+00
   5.4232010e+00
   5.4317450e+00
   5.4410800e+00
   5.4499220e+00
   5.4586740e+00
   5.4676260e+00
   5.4764090e+00
   5.4857970e+00
   5.4945520e+00
   5.5033660e+00
   5.5120280e+00
   5.5207000e+00
   5.5300220e+00
   5.5386840e+00
   5.5474030e+00
   5.5562290e+00
   5.5650840e+00
   5.5738920e+00
   5.5825690e+00
   5.5913370e+00
   5.6001550e+00
   5.6088590e+00
   5.6174630e+00
   5.6262730e+00
   5.6351130e+00
   5.6438870e+00
   5.6525560e+00
   5.6612310e+00
   5.6701690e+00
   5.6788780e+00
   5.6876030e+00
   5.6962650e+00
   5.7050200e+00
   5.7136980e+00
   5.7223790e+00
   5.7311090e+00
   5.7397910e+00
   5.7485080e+00
   5.7579610e+00
   5.7667280e+00
   5.7754390e+00
   5.7841750e+00
   5.7928280e+00
   5.8015380e+00
   5.8102840e+00
   5.8191400e+00
   5.8278510e+00
   5.8365540e+00
   5.8454690e+00
   5.8542270e+00
   5.8629840e+00
   5.8718240e+00
   5.8805420e+00
   5.8892860e+00
   5.8980570e+00
   5.9074630e+00
   5.9161230e+00
   5.9247340e+00
   5.9336000e+00
   5.9423630e+00
   5.9510200e+00
   5.9597650e+00
   5.9688600e+00
   5.9778180e+00
   5.9866790e+00
   5.9954770e+00
   6.0042060e+00
   6.0130580e+00
   6.0218310e+00
   6.0305610e+00
   6.0393580e+00
   6.0480450e+00
   6.0568140e+00
   6.0654920e+00
   6.0742330e+00
   6.0830290e+00
   6.0916560e+00
   6.1004290e+00
   6.1091520e+00
   6.1179250e+00
   6.1266480e+00
   6.1354050e+00
   6.1440890e+00
   6.1528330e+00
   6.1616290e+00
   6.1702160e+00
   6.1790970e+00
   6.1877610e+00
   6.1965930e+00
   6.2053250e+00
   6.2141880e+00
   6.2229660e+00
   6.2317520e+00
   6.2406100e+00
   6.2492500e+00
   6.2580220e+00
   6.2666910e+00
   6.2754640e+00
   6.2843210e+00
   6.2930330e+00
   6.3017720e+00
   6.3104740e+00
   6.3192900e+00
   6.3280600e+00
   6.3368630e+00
   6.3455990e+00
   6.3543170e+00
   6.3629490e+00
   6.3717050e+00
   6.3803690e+00
   6.3890290e+00
   6.3978360e+00
   6.4064430e+00
   6.4152090e+00
   6.4238990e+00
   6.4326640e+00
   6.4414110e+00
   6.4501080e+00
   6.4588900e+00
   6.4677210e+00
   6.4764050e+00
   6.4852610e+00
   6.4945020e+00
   6.5033110e+00
   6.5120670e+00
   6.5208510e+00
   6.5298600e+00
   6.5384700e+00
   6.5472680e+00
   6.5560390e+00
   6.5648510e+00
   6.5737190e+00
   6.5824990e+00
   6.5912970e+00
   6.5999710e+00
   6.6086870e+00
   6.6173620e+00
   6.6261250e+00
   6.6348060e+00
   6.6435720e+00
   6.6522400e+00
   6.6609210e+00
   6.6696020e+00
   6.6784090e+00
   6.6874240e+00
   6.6963260e+00
   6.7049570e+00
   6.7136430e+00
   6.7224060e+00
   6.7311810e+00
   6.7411860e+00
   6.7504990e+00
   6.7597620e+00
   6.7687040e+00
   6.7775700e+00
   6.7866480e+00
   6.7957120e+00
   6.8048200e+00
   6.8134120e+00
   6.8220450e+00
   6.8306880e+00
   6.8393580e+00
   6.8480280e+00
   6.8566650e+00
   6.8653390e+00
   6.8739610e+00
   6.8826090e+00
   6.8913570e+00
   6.8999210e+00
   6.9085230e+00
   6.9171390e+00
   6.9257810e+00
   6.9344830e+00
   6.9432300e+00
   6.9520400e+00
   6.9607950e+00
   6.9695640e+00
   6.9781770e+00
   6.9870480e+00
   6.9958270e+00
   7.0045840e+00
   7.0131900e+00
   7.0219650e+00
   7.0306120e+00
   7.0394550e+00
   7.0491600e+00
   7.0579230e+00
   7.0666100e+00
   7.0754560e+00
   7.0843970e+00
   7.0932670e+00
   7.1020180e+00
   7.1108160e+00
   7.1196110e+00
   7.1283620e+00
   7.1369990e+00
   7.1458230e+00
   7.1544760e+00
   7.1632570e+00
   7.1721020e+00
   7.1808450e+00
   7.1895220e+00
   7.1982440e+00
   7.2071710e+00
   7.2158940e+00
   7.2246300e+00
   7.2333070e+00
   7.2420320e+00
   7.2508340e+00
   7.2595650e+00
   7.2682870e+00
   7.2772290e+00
   7.2858580e+00
   7.2949420e+00
   7.3036660e+00
   7.3125290e+00
   7.3214070e+00
   7.3302170e+00
   7.3389010e+00
   7.3477110e+00
   7.3565190e+00
   7.3653210e+00
   7.3739620e+00
   7.3827560e+00
   7.3914850e+00
   7.4002610e+00
   7.4089850e+00
   7.4177030e+00
   7.4265700e+00
   7.4353360e+00
   7.4439920e+00
   7.4527620e+00
   7.4614760e+00
   7.4700830e+00
   7.4787760e+00
   7.4875450e+00
   7.4964430e+00
   7.5051680e+00
   7.5138310e+00
   7.5224550e+00
   7.5311290e+00
   7.5399720e+00
   7.5487020e+00
   7.5575200e+00
   7.5662170e+00
   7.5751430e+00
   7.5840430e+00
   7.5929180e+00
   7.6016280e+00
   7.6104890e+00
   7.6192290e+00
   7.6279360e+00
   7.6367740e+00
   7.6455850e+00
   7.6544050e+00
   7.6631590e+00
   7.6718590e+00
   7.6806120e+00
   7.6893600e+00
   7.6980870e+00
   7.7069060e+00
   7.7157030e+00
   7.7244770e+00
   7.7332460e+00
   7.7420330e+00
   7.7508850e+00
   7.7595510e+00
   7.7681500e+00
   7.7767170e+00
   7.7855050e+00
   7.7942010e+00
   7.8029130e+00
   7.8116540e+00
   7.8204950e+00
   7.8292790e+00
   7.8380510e+00
   7.8467250e+00
   7.8554130e+00
   7.8642630e+00
   7.8729590e+00
   7.8816450e+00
   7.8903320e+00
   7.8990910e+00
   7.9079090e+00
   7.9166040e+00
   7.9254110e+00
   7.9341570e+00
   7.9430420e+00
   7.9518110e+00
   7.9606980e+00
   7.9695460e+00
   7.9795300e+00
   7.9882340e+00
   7.9970090e+00
   8.0057630e+00
   8.0145290e+00
   8.0233100e+00
   8.0320790e+00
   8.0408960e+00
   8.0495840e+00
   8.0583970e+00
   8.0671490e+00
   8.0759660e+00
   8.0847510e+00
   8.0934280e+00
   8.1021490e+00
   8.1109190e+00
   8.1196540e+00
   8.1283800e+00
   8.1371180e+00
   8.1457360e+00
   8.1545580e+00
   8.1633860e+00
   8.1726840e+00
   8.1814210e+00
   8.1901290e+00
   8.1987930e+00
   8.2075390e+00
   8.2163740e+00
   8.2252960e+00
   8.2341000e+00
   8.2427370e+00
   8.2514840e+00
   8.2602100e+00
   8.2689420e+00
   8.2827560e+00
   8.3014790e+00
   8.3170760e+00
   8.3327500e+00
   8.3437410e+00
   8.3550240e+00
   8.3663530e+00
   8.3776100e+00
   8.3887740e+00
   8.4001220e+00
   8.4087860e+00
   8.4174940e+00
   8.4262240e+00
   8.4348960e+00
   8.4436200e+00
   8.4523110e+00
   8.4610160e+00
   8.4703740e+00
   8.4791010e+00
   8.4878300e+00
   8.4966390e+00
   8.5053260e+00
   8.5140930e+00
   8.5229620e+00
   8.5316900e+00
   8.5405150e+00
   8.5493890e+00
   8.5581550e+00
   8.5669140e+00
   8.5756560e+00
   8.5846230e+00
   8.5938980e+00
   8.6027200e+00
   8.6136080e+00
   8.6222900e+00
   8.6310720e+00
   8.6403080e+00
   8.6501550e+00
   8.6688490e+00
   8.6875040e+00
   8.7025870e+00
   8.7175300e+00
   8.7325670e+00
   8.7416850e+00
   8.7504460e+00
   8.7592060e+00
   8.7678940e+00
   8.7766890e+00
   8.7854710e+00
   8.7941840e+00
   8.8029560e+00
   8.8118200e+00
   8.8205840e+00
   8.8315280e+00
   8.8479590e+00
   8.8574180e+00
   8.8683770e+00
   8.8793490e+00
   8.8911410e+00
   8.9066570e+00
   8.9224950e+00
   8.9375640e+00
   8.9484710e+00
   8.9593270e+00
   8.9703400e+00
   8.9812140e+00
   8.9921660e+00
   9.0033640e+00
   9.0120260e+00
   9.0207570e+00
   9.0295380e+00
   9.0383360e+00
   9.0471520e+00
   9.0559640e+00
   9.0648350e+00
   9.0735310e+00
   9.0821430e+00
   9.0908140e+00
   9.0995900e+00
   9.1082120e+00
   9.1168580e+00
   9.1255820e+00
   9.1342250e+00
   9.1429020e+00
   9.1516390e+00
   9.1601920e+00
   9.1689500e+00
   9.1777300e+00
   9.1863450e+00
   9.1949810e+00
   9.2037530e+00
   9.2124990e+00
   9.2212520e+00
   9.2299480e+00
   9.2386880e+00
   9.2473540e+00
   9.2561050e+00
   9.2648050e+00
   9.2736530e+00
   9.2824740e+00
   9.2911140e+00
   9.2998230e+00
   9.3084940e+00
   9.3171440e+00
   9.3258230e+00
   9.3345660e+00
   9.3433100e+00
   9.3519770e+00
   9.3607900e+00
   9.3695600e+00
   9.3783990e+00
   9.3872170e+00
   9.3959140e+00
   9.4045650e+00
   9.4134020e+00
   9.4220550e+00
   9.4308480e+00
   9.4395760e+00
   9.4483100e+00
   9.4571360e+00
   9.4658730e+00
   9.4745950e+00
   9.4833180e+00
   9.4921040e+00
   9.5009300e+00
   9.5096550e+00
   9.5185240e+00
   9.5276580e+00
   9.5363620e+00
   9.5464240e+00
   9.5556960e+00
   9.5648640e+00
   9.5735440e+00
   9.5823110e+00
   9.5910250e+00
   9.5998560e+00
   9.6086240e+00
   9.6172280e+00
   9.6259100e+00
   9.6352160e+00
   9.6441040e+00
   9.6538770e+00
   9.6629240e+00
   9.6716430e+00
   9.6805840e+00
   9.6892960e+00
   9.6980620e+00
   9.7067280e+00
   9.7154310e+00
   9.7242130e+00
   9.7329500e+00
   9.7417960e+00
   9.7505820e+00
   9.7595890e+00
   9.7683740e+00
   9.7770790e+00
   9.7856880e+00
   9.7944380e+00
   9.8031730e+00
   9.8118520e+00
   9.8205200e+00
   9.8292490e+00
   9.8380660e+00
   9.8467510e+00
   9.8554980e+00
   9.8645510e+00
   9.8733040e+00
   9.8820380e+00
   9.8908190e+00
   9.8997480e+00
   9.9084900e+00
   9.9173120e+00
   9.9260650e+00
   9.9348760e+00
   9.9435860e+00
   9.9523600e+00
   9.9609780e+00
   9.9697210e+00
   9.9784320e+00
   9.9870490e+00
   9.9958370e+00
   1.0004582e+01
   1.0013342e+01
   1.0022089e+01
   1.0030815e+01
   1.0039607e+01
   1.0048339e+01
   1.0057036e+01
   1.0065823e+01
   1.0074472e+01
   1.0083235e+01
   1.0091933e+01
   1.0100680e+01
   1.0109299e+01
   1.0117946e+01
   1.0126634e+01
   1.0135352e+01
   1.0144166e+01
   1.0152833e+01
   1.0161554e+01
   1.0170235e+01
   1.0178936e+01
   1.0187694e+01
   1.0196346e+01
   1.0205192e+01
   1.0213797e+01
   1.0222658e+01
   1.0231328e+01
   1.0239936e+01
   1.0248694e+01
   1.0257386e+01
   1.0266174e+01
   1.0274932e+01
   1.0283732e+01
   1.0292458e+01
   1.0301378e+01
   1.0309993e+01
   1.0318797e+01
   1.0327570e+01
   1.0336245e+01
   1.0345011e+01
   1.0353714e+01
   1.0362363e+01
   1.0371030e+01
   1.0379639e+01
   1.0388401e+01
   1.0397153e+01
   1.0405954e+01
   1.0414782e+01
   1.0423514e+01
   1.0432230e+01
   1.0441047e+01
   1.0449839e+01
   1.0458615e+01
   1.0467336e+01
   1.0476124e+01
   1.0485004e+01
   1.0493721e+01
   1.0502623e+01
   1.0511380e+01
   1.0520144e+01
   1.0528928e+01
   1.0538018e+01
   1.0546666e+01
   1.0555459e+01
   1.0564067e+01
   1.0572938e+01
   1.0581782e+01
   1.0590498e+01
   1.0599247e+01
   1.0608106e+01
   1.0616861e+01
   1.0625489e+01
   1.0634164e+01
   1.0642994e+01
   1.0651855e+01
   1.0660512e+01
   1.0669173e+01
   1.0677833e+01
   1.0686662e+01
   1.0695436e+01
   1.0704174e+01
   1.0712985e+01
   1.0721710e+01
   1.0730431e+01
   1.0740536e+01
   1.0749345e+01
   1.0758076e+01
   1.0766801e+01
   1.0775455e+01
   1.0784239e+01
   1.0793029e+01
   1.0801748e+01
   1.0810542e+01
   1.0819368e+01
   1.0828161e+01
   1.0836789e+01
   1.0845490e+01
   1.0854788e+01
   1.0863826e+01
   1.0872572e+01
   1.0881234e+01
   1.0889956e+01
   1.0898724e+01
   1.0907437e+01
   1.0916151e+01
   1.0924838e+01
   1.0933370e+01
   1.0941976e+01
   1.0950701e+01
   1.0959431e+01
   1.0968091e+01
   1.0976897e+01
   1.0985673e+01
   1.0994474e+01
   1.1003106e+01
   1.1011814e+01
   1.1020540e+01
   1.1029278e+01
   1.1037867e+01
   1.1046442e+01
   1.1055168e+01
   1.1063884e+01
   1.1072561e+01
   1.1081327e+01
   1.1090068e+01
   1.1098913e+01
   1.1107529e+01
   1.1116122e+01
   1.1124798e+01
   1.1133411e+01
   1.1142122e+01
   1.1150769e+01
   1.1159334e+01
   1.1167881e+01
   1.1176521e+01
   1.1185252e+01
   1.1193953e+01
   1.1202541e+01
   1.1211348e+01
   1.1220126e+01
   1.1228814e+01
   1.1237590e+01
   1.1246358e+01
   1.1255098e+01
   1.1264399e+01
   1.1273298e+01
   1.1282006e+01
   1.1290772e+01
   1.1299661e+01
   1.1308401e+01
   1.1317120e+01
   1.1325881e+01
   1.1334579e+01
   1.1343279e+01
   1.1352196e+01
   1.1360881e+01
   1.1369496e+01
   1.1378277e+01
   1.1387045e+01
   1.1395811e+01
   1.1404812e+01
   1.1413617e+01
   1.1422390e+01
   1.1431222e+01
   1.1439929e+01
   1.1448662e+01
   1.1457306e+01
   1.1465979e+01
   1.1474803e+01
   1.1483504e+01
   1.1492272e+01
   1.1501071e+01
   1.1509858e+01
   1.1518535e+01
   1.1527372e+01
   1.1536077e+01
   1.1544842e+01
   1.1554056e+01
   1.1562883e+01
   1.1571539e+01
   1.1580312e+01
   1.1589022e+01
   1.1597785e+01
   1.1606472e+01
   1.1615186e+01
   1.1623741e+01
   1.1632510e+01
   1.1641151e+01
   1.1649839e+01
   1.1658425e+01
   1.1667137e+01
   1.1675813e+01
   1.1684342e+01
   1.1693091e+01
   1.1701788e+01
   1.1710529e+01
   1.1719319e+01
   1.1727968e+01
   1.1736620e+01
   1.1745223e+01
   1.1754095e+01
   1.1762599e+01
   1.1771222e+01
   1.1779847e+01
   1.1788532e+01
   1.1797262e+01
   1.1805811e+01
   1.1814511e+01
   1.1823159e+01
   1.1831835e+01
   1.1840596e+01
   1.1849361e+01
   1.1857966e+01
   1.1866537e+01
   1.1875268e+01
   1.1883953e+01
   1.1892628e+01
   1.1901378e+01
   1.1910022e+01
   1.1918721e+01
   1.1927413e+01
   1.1936062e+01
   1.1944748e+01
   1.1953497e+01
   1.1962170e+01
   1.1970969e+01
   1.1979684e+01
   1.1988514e+01
   1.1997201e+01
   1.2005952e+01
   1.2014690e+01
   1.2023378e+01
   1.2032124e+01
   1.2040966e+01
   1.2049707e+01
   1.2058987e+01
   1.2067665e+01
   1.2076475e+01
   1.2085133e+01
   1.2093841e+01
   1.2102666e+01
   1.2111468e+01
   1.2120355e+01
   1.2129182e+01
   1.2137953e+01
   1.2146655e+01
   1.2155390e+01
   1.2164190e+01
   1.2172899e+01
   1.2181661e+01
   1.2190449e+01
   1.2199039e+01
   1.2207849e+01
   1.2216505e+01
   1.2225242e+01
   1.2234031e+01
   1.2242885e+01
   1.2251610e+01
   1.2260166e+01
   1.2268870e+01
   1.2277448e+01
   1.2286880e+01
   1.2295683e+01
   1.2304362e+01
   1.2313241e+01
   1.2321931e+01
   1.2330656e+01
   1.2339547e+01
   1.2348344e+01
   1.2357023e+01
   1.2365834e+01
   1.2374623e+01
   1.2383205e+01
   1.2391883e+01
   1.2400727e+01
   1.2409494e+01
   1.2418185e+01
   1.2426817e+01
   1.2436040e+01
   1.2444786e+01
   1.2453616e+01
   1.2462469e+01
   1.2471148e+01
   1.2480458e+01
   1.2489135e+01
   1.2497869e+01
   1.2507608e+01
   1.2517043e+01
   1.2525771e+01
   1.2534634e+01
   1.2543432e+01
   1.2552233e+01
   1.2560955e+01
   1.2569718e+01
   1.2578624e+01
   1.2587382e+01
   1.2596208e+01
   1.2604940e+01
   1.2613658e+01
   1.2622497e+01
   1.2631253e+01
   1.2640131e+01
   1.2648903e+01
   1.2657606e+01
   1.2666267e+01
   1.2675010e+01
   1.2683728e+01
   1.2692414e+01
   1.2701178e+01
   1.2709898e+01
   1.2718682e+01
   1.2728392e+01
   1.2737064e+01
   1.2745786e+01
   1.2754577e+01
   1.2763306e+01
   1.2771978e+01
   1.2780732e+01
   1.2789478e+01
   1.2798263e+01
   1.2806919e+01
   1.2815726e+01
   1.2824470e+01
   1.2833182e+01
   1.2842045e+01
   1.2850817e+01
   1.2859605e+01
   1.2868417e+01
   1.2877098e+01
   1.2885943e+01
   1.2894644e+01
   1.2903523e+01
   1.2912305e+01
   1.2921123e+01
   1.2929741e+01
   1.2938604e+01
   1.2947267e+01
   1.2956066e+01
   1.2964877e+01
   1.2973561e+01
   1.2982238e+01
   1.2991156e+01
   1.2999988e+01
   1.3008661e+01
   1.3017432e+01
   1.3026120e+01
   1.3034847e+01
   1.3043750e+01
   1.3052472e+01
   1.3061307e+01
   1.3069980e+01
   1.3078991e+01
   1.3087627e+01
   1.3096477e+01
   1.3105365e+01
   1.3113965e+01
   1.3122762e+01
   1.3131490e+01
   1.3140282e+01
   1.3148959e+01
   1.3157674e+01
   1.3166629e+01
   1.3175410e+01
   1.3184128e+01
   1.3192801e+01
   1.3201585e+01
   1.3210291e+01
   1.3219020e+01
   1.3227844e+01
   1.3236693e+01
   1.3245404e+01
   1.3254162e+01
   1.3262983e+01
   1.3271982e+01
   1.3280696e+01
   1.3289433e+01
   1.3298134e+01
   1.3306865e+01
   1.3315605e+01
   1.3324325e+01
   1.3332999e+01
   1.3341674e+01
   1.3350392e+01
   1.3359027e+01
   1.3367787e+01
   1.3376568e+01
   1.3385297e+01
   1.3394030e+01
   1.3402784e+01
   1.3411533e+01
   1.3420267e+01
   1.3429116e+01
   1.3437743e+01
   1.3446488e+01
   1.3455174e+01
   1.3463935e+01
   1.3472658e+01
   1.3481785e+01
   1.3490573e+01
   1.3499376e+01
   1.3508127e+01
   1.3517117e+01
   1.3525892e+01
   1.3534698e+01
   1.3543435e+01
   1.3552258e+01
   1.3560918e+01
   1.3570088e+01
   1.3578733e+01
   1.3587464e+01
   1.3596111e+01
   1.3604792e+01
   1.3614000e+01
   1.3622838e+01
   1.3631660e+01
   1.3640513e+01
   1.3649215e+01
   1.3657942e+01
   1.3666684e+01
   1.3675323e+01
   1.3684704e+01
   1.3693770e+01
   1.3702900e+01
   1.3711876e+01
   1.3720485e+01
   1.3729134e+01
   1.3737837e+01
   1.3746675e+01
   1.3755430e+01
   1.3764099e+01
   1.3772835e+01
   1.3781652e+01
   1.3790341e+01
   1.3799149e+01
   1.3807843e+01
   1.3816532e+01
   1.3825185e+01
   1.3833920e+01
   1.3842561e+01
   1.3851233e+01
   1.3860003e+01
   1.3868684e+01
   1.3877447e+01
   1.3886112e+01
   1.3894991e+01
   1.3903865e+01
   1.3912660e+01
   1.3921426e+01
   1.3930122e+01
   1.3938921e+01
   1.3947648e+01
   1.3956418e+01
   1.3965273e+01
   1.3974089e+01
   1.3982828e+01
   1.3991607e+01
   1.4000406e+01
   1.4009083e+01
   1.4017852e+01
   1.4026492e+01
   1.4035082e+01
   1.4043796e+01
   1.4052442e+01
   1.4061075e+01
   1.4069769e+01
   1.4078576e+01
   1.4087293e+01
   1.4096018e+01
   1.4104828e+01
   1.4113539e+01
   1.4122645e+01
   1.4131354e+01
   1.4140044e+01
   1.4148735e+01
   1.4157428e+01
   1.4166208e+01
   1.4174952e+01
   1.4183831e+01
   1.4192683e+01
   1.4201471e+01
   1.4210254e+01
   1.4219071e+01
   1.4227845e+01
   1.4236618e+01
   1.4245252e+01
   1.4253907e+01
   1.4262621e+01
   1.4271585e+01
   1.4280420e+01
   1.4289093e+01
   1.4297870e+01
   1.4306430e+01
   1.4314969e+01
   1.4323653e+01
   1.4332430e+01
   1.4341218e+01
   1.4349921e+01
   1.4358648e+01
   1.4367280e+01
   1.4376009e+01
   1.4384619e+01
   1.4393452e+01
   1.4402233e+01
   1.4410870e+01
   1.4419475e+01
   1.4428033e+01
   1.4436694e+01
   1.4445334e+01
   1.4453990e+01
   1.4462741e+01
   1.4471776e+01
   1.4480573e+01
   1.4489330e+01
   1.4498022e+01
   1.4506779e+01
   1.4515469e+01
   1.4524020e+01
   1.4532768e+01
   1.4541443e+01
   1.4550206e+01
   1.4558891e+01
   1.4567563e+01
   1.4576320e+01
   1.4585046e+01
   1.4593607e+01
   1.4602135e+01
   1.4610794e+01
   1.4619424e+01
   1.4628138e+01
   1.4636939e+01
   1.4645638e+01
   1.4654308e+01
   1.4662993e+01
   1.4671717e+01
   1.4680289e+01
   1.4688990e+01
   1.4697769e+01
   1.4706370e+01
   1.4715171e+01
   1.4723766e+01
   1.4732491e+01
   1.4741281e+01
   1.4749905e+01
   1.4758570e+01
   1.4767237e+01
   1.4775935e+01
   1.4784497e+01
   1.4793078e+01
   1.4801651e+01
   1.4810338e+01
   1.4819057e+01
   1.4827760e+01
   1.4836429e+01
   1.4845051e+01
   1.4853814e+01
   1.4862489e+01
   1.4871240e+01
   1.4879902e+01
   1.4889027e+01
   1.4897680e+01
   1.4906463e+01
   1.4915092e+01
   1.4923878e+01
   1.4933185e+01
   1.4941936e+01
   1.4950572e+01
   1.4959311e+01
   1.4968012e+01
   1.4976742e+01
   1.4985386e+01
   1.4995331e+01
   1.5003958e+01
   1.5012599e+01
   1.5021846e+01
   1.5030516e+01
   1.5039296e+01
   1.5047946e+01
   1.5056604e+01
   1.5065231e+01
   1.5073962e+01
   1.5082733e+01
   1.5091408e+01
   1.5100112e+01
   1.5108788e+01
   1.5117452e+01
   1.5126019e+01
   1.5134732e+01
   1.5143448e+01
   1.5152085e+01
   1.5160766e+01
   1.5169365e+01
   1.5178119e+01
   1.5186763e+01
   1.5195578e+01
   1.5204291e+01
   1.5212931e+01
   1.5221586e+01
   1.5230435e+01
   1.5239073e+01
   1.5247946e+01
   1.5257684e+01
   1.5266377e+01
   1.5275076e+01
   1.5283774e+01
   1.5292426e+01
   1.5301257e+01
   1.5311198e+01
   1.5320502e+01
   1.5329550e+01
   1.5338463e+01
   1.5347013e+01
   1.5355768e+01
   1.5364445e+01
   1.5373117e+01
   1.5381855e+01
   1.5390625e+01
   1.5399375e+01
   1.5408195e+01
   1.5417019e+01
   1.5425565e+01
   1.5434149e+01
   1.5442818e+01
   1.5451498e+01
   1.5460286e+01
   1.5468921e+01
   1.5477684e+01
   1.5486739e+01
   1.5495535e+01
   1.5504208e+01
   1.5512880e+01
   1.5521557e+01
   1.5530311e+01
   1.5538937e+01
   1.5547655e+01
   1.5556405e+01
   1.5565141e+01
   1.5573964e+01
   1.5582945e+01
   1.5591613e+01
   1.5600422e+01
   1.5609072e+01
   1.5617733e+01
   1.5626488e+01
   1.5635167e+01
   1.5643850e+01
   1.5652509e+01
   1.5661139e+01
   1.5669853e+01
   1.5678581e+01
   1.5687361e+01
   1.5696019e+01
   1.5704606e+01
   1.5713282e+01
   1.5722102e+01
   1.5730740e+01
   1.5739415e+01
   1.5748126e+01
   1.5756769e+01
   1.5765492e+01
   1.5774225e+01
   1.5782958e+01
   1.5791597e+01
   1.5800213e+01
   1.5809033e+01
   1.5817754e+01
   1.5826437e+01
   1.5834982e+01
   1.5843791e+01
   1.5852484e+01
   1.5861201e+01
   1.5869885e+01
   1.5878541e+01
   1.5887235e+01
   1.5895892e+01
   1.5904504e+01
   1.5913211e+01
   1.5921946e+01
   1.5930586e+01
   1.5939185e+01
   1.5947777e+01
   1.5956531e+01
   1.5965281e+01
   1.5974046e+01
   1.5982810e+01
   1.5991615e+01
   1.6000287e+01
   1.6009069e+01
   1.6017911e+01
   1.6026588e+01
   1.6035211e+01
   1.6043877e+01
   1.6052583e+01
   1.6061339e+01
   1.6072843e+01
   1.6081457e+01
   1.6090077e+01
   1.6100019e+01
   1.6108801e+01
   1.6117479e+01
   1.6126067e+01
   1.6134759e+01
   1.6143405e+01
   1.6152194e+01
   1.6160838e+01
   1.6169774e+01
   1.6178666e+01
   1.6187486e+01
   1.6196484e+01
   1.6205414e+01
   1.6214081e+01
   1.6222876e+01
   1.6231726e+01
   1.6240395e+01
   1.6249000e+01
   1.6257675e+01
   1.6266257e+01
   1.6274831e+01
   1.6283366e+01
   1.6292068e+01
   1.6300760e+01
   1.6309449e+01
   1.6318015e+01
   1.6326588e+01
   1.6335314e+01
   1.6343988e+01
   1.6352495e+01
   1.6361252e+01
   1.6369960e+01
   1.6378516e+01
   1.6387222e+01
   1.6395925e+01
   1.6404545e+01
   1.6413155e+01
   1.6421890e+01
   1.6430541e+01
   1.6439245e+01
   1.6448018e+01
   1.6456663e+01
   1.6465289e+01
   1.6473971e+01
   1.6482560e+01
   1.6491140e+01
   1.6499780e+01
   1.6508299e+01
   1.6516856e+01
   1.6525411e+01
   1.6534192e+01
   1.6543532e+01
   1.6552794e+01
   1.6562204e+01
   1.6571548e+01
   1.6580526e+01
   1.6589338e+01
   1.6598019e+01
   1.6606707e+01
   1.6615311e+01
   1.6624016e+01
   1.6632659e+01
   1.6641313e+01
   1.6649786e+01
   1.6658499e+01
   1.6667128e+01
   1.6675709e+01
   1.6684189e+01
   1.6692824e+01
   1.6701457e+01
   1.6710143e+01
   1.6718860e+01
   1.6727545e+01
   1.6736184e+01
   1.6744819e+01
   1.6753506e+01
   1.6762271e+01
   1.6770912e+01
   1.6779549e+01
   1.6788189e+01
   1.6796848e+01
   1.6805552e+01
   1.6814266e+01
   1.6822871e+01
   1.6831405e+01
   1.6840224e+01
   1.6848759e+01
   1.6857238e+01
   1.6865845e+01
   1.6874644e+01
   1.6883274e+01
   1.6891871e+01
   1.6900551e+01
   1.6909156e+01
   1.6917856e+01
   1.6926523e+01
   1.6935134e+01
   1.6943745e+01
   1.6952408e+01
   1.6961099e+01
   1.6969685e+01
   1.6978351e+01
   1.6987031e+01
   1.6995665e+01
   1.7004265e+01
   1.7013012e+01
   1.7021783e+01
   1.7030447e+01
   1.7039202e+01
   1.7047944e+01
   1.7056649e+01
   1.7065242e+01
   1.7073866e+01
   1.7082592e+01
   1.7091219e+01
   1.7099895e+01
   1.7108503e+01
   1.7117137e+01
   1.7125748e+01
   1.7134350e+01
   1.7142840e+01
   1.7151531e+01
   1.7160175e+01
   1.7168986e+01
   1.7177688e+01
   1.7186394e+01
   1.7195117e+01
   1.7203868e+01
   1.7212484e+01
   1.7221086e+01
   1.7229702e+01
   1.7238336e+01
   1.7247078e+01
   1.7255656e+01
   1.7264444e+01
   1.7273155e+01
   1.7281862e+01
   1.7290390e+01
   1.7298986e+01
   1.7307714e+01
   1.7316350e+01
   1.7325094e+01
   1.7333693e+01
   1.7342340e+01
   1.7351039e+01
   1.7359773e+01
   1.7368392e+01
   1.7376906e+01
   1.7385463e+01
   1.7394221e+01
   1.7402837e+01
   1.7411560e+01
   1.7420041e+01
   1.7428657e+01
   1.7437208e+01
   1.7445820e+01
   1.7454421e+01
   1.7463069e+01
   1.7471682e+01
   1.7480401e+01
   1.7489142e+01
   1.7497908e+01
   1.7506533e+01
   1.7515247e+01
   1.7523932e+01
   1.7532733e+01
   1.7543514e+01
   1.7554308e+01
   1.7562977e+01
   1.7571695e+01
   1.7580358e+01
   1.7589006e+01
   1.7597793e+01
   1.7606420e+01
   1.7615106e+01
   1.7623885e+01
   1.7632561e+01
   1.7641193e+01
   1.7649778e+01
   1.7658297e+01
   1.7666964e+01
   1.7675540e+01
   1.7684269e+01
   1.7693007e+01
   1.7702268e+01
   1.7710878e+01
   1.7719475e+01
   1.7728156e+01
   1.7736762e+01
   1.7745488e+01
   1.7754217e+01
   1.7762884e+01
   1.7771608e+01
   1.7780308e+01
   1.7788984e+01
   1.7797782e+01
   1.7806625e+01
   1.7815420e+01
   1.7824135e+01
   1.7832742e+01
   1.7841439e+01
   1.7850313e+01
   1.7859160e+01
   1.7867821e+01
   1.7876561e+01
   1.7885349e+01
   1.7893991e+01
   1.7902631e+01
   1.7911254e+01
   1.7919885e+01
   1.7928790e+01
   1.7937542e+01
   1.7946223e+01
   1.7954850e+01
   1.7963705e+01
   1.7972305e+01
   1.7980965e+01
   1.7989670e+01
   1.7998407e+01
   1.8010270e+01
   1.8018978e+01
   1.8029783e+01
   1.8040609e+01
   1.8049453e+01
   1.8058342e+01
   1.8067138e+01
   1.8075924e+01
   1.8084759e+01
   1.8093578e+01
   1.8102395e+01
   1.8111188e+01
   1.8119949e+01
   1.8128519e+01
   1.8137598e+01
   1.8146244e+01
   1.8154973e+01
   1.8163691e+01
   1.8173009e+01
   1.8182091e+01
   1.8191029e+01
   1.8200093e+01
   1.8209301e+01
   1.8218257e+01
   1.8227000e+01
   1.8235801e+01
   1.8244632e+01
   1.8253516e+01
   1.8262379e+01
   1.8271177e+01
   1.8280005e+01
   1.8288793e+01
   1.8297451e+01
   1.8306192e+01
   1.8315008e+01
   1.8323702e+01
   1.8332463e+01
   1.8341238e+01
   1.8349991e+01
   1.8358707e+01
   1.8367517e+01
   1.8376339e+01
   1.8385132e+01
   1.8393824e+01
   1.8402518e+01
   1.8411287e+01
   1.8419995e+01
   1.8428799e+01
   1.8437501e+01
   1.8446216e+01
   1.8455855e+01
   1.8464584e+01
   1.8473370e+01
   1.8482101e+01
   1.8490843e+01
   1.8499576e+01
   1.8508375e+01
   1.8517125e+01
   1.8526002e+01
   1.8534807e+01
   1.8543533e+01
   1.8552218e+01
   1.8560950e+01
   1.8569665e+01
   1.8578458e+01
   1.8587251e+01
   1.8595906e+01
   1.8604711e+01
   1.8613321e+01
   1.8622181e+01
   1.8630955e+01
   1.8639905e+01
   1.8648600e+01
   1.8657511e+01
   1.8666270e+01
   1.8675013e+01
   1.8683789e+01
   1.8692543e+01
   1.8701215e+01
   1.8709996e+01
   1.8718591e+01
   1.8727350e+01
   1.8736123e+01
   1.8744920e+01
   1.8753731e+01
   1.8762550e+01
   1.8771329e+01
   1.8780191e+01
   1.8788957e+01
   1.8797657e+01
   1.8806460e+01
   1.8815343e+01
   1.8824006e+01
   1.8832902e+01
   1.8841791e+01
   1.8850578e+01
   1.8859374e+01
   1.8868176e+01
   1.8877010e+01
   1.8885681e+01
   1.8894493e+01
   1.8903169e+01
   1.8911799e+01
   1.8920541e+01
   1.8929321e+01
   1.8938177e+01
   1.8946934e+01
   1.8955690e+01
   1.8964333e+01
   1.8973017e+01
   1.8981674e+01
   1.8990418e+01
   1.8999062e+01
   1.9007708e+01
   1.9016406e+01
   1.9024998e+01
   1.9033597e+01
   1.9042249e+01
   1.9051017e+01
   1.9059732e+01
   1.9068392e+01
   1.9077040e+01
   1.9085770e+01
   1.9094619e+01
   1.9103265e+01
   1.9111907e+01
   1.9120618e+01
   1.9129364e+01
   1.9138098e+01
   1.9146883e+01
   1.9155702e+01
   1.9164505e+01
   1.9173173e+01
   1.9181946e+01
   1.9190653e+01
   1.9199293e+01
   1.9208019e+01
   1.9216778e+01
   1.9225536e+01
   1.9234335e+01
   1.9242979e+01
   1.9251529e+01
   1.9260288e+01
   1.9268984e+01
   1.9277701e+01
   1.9286426e+01
   1.9295222e+01
   1.9303921e+01
   1.9312685e+01
   1.9321425e+01
   1.9330147e+01
   1.9338840e+01
   1.9347568e+01
   1.9356338e+01
   1.9365199e+01
   1.9373993e+01
   1.9383070e+01
   1.9391760e+01
   1.9400414e+01
   1.9409304e+01
   1.9418116e+01
   1.9426971e+01
   1.9435799e+01
   1.9444536e+01
   1.9453361e+01
   1.9463294e+01
   1.9472475e+01
   1.9481714e+01
   1.9490599e+01
   1.9499265e+01
   1.9508047e+01
   1.9516722e+01
   1.9525389e+01
   1.9534088e+01
   1.9542758e+01
   1.9551336e+01
   1.9560109e+01
   1.9568697e+01
   1.9577377e+01
   1.9586033e+01
   1.9594857e+01
   1.9603769e+01
   1.9612426e+01
   1.9621135e+01
   1.9629880e+01
   1.9638466e+01
   1.9647148e+01
   1.9655889e+01
   1.9664598e+01
   1.9673150e+01
   1.9681949e+01
   1.9690616e+01
   1.9699396e+01
   1.9708202e+01
   1.9716759e+01
   1.9725497e+01
   1.9734195e+01
   1.9742898e+01
   1.9751681e+01
   1.9760450e+01
   1.9769225e+01
   1.9777908e+01
   1.9786613e+01
   1.9795400e+01
   1.9804206e+01
   1.9812917e+01
   1.9821625e+01
   1.9830321e+01
   1.9839034e+01
   1.9847799e+01
   1.9856428e+01
   1.9865078e+01
   1.9873786e+01
   1.9882572e+01
   1.9891405e+01
   1.9900223e+01
   1.9908993e+01
   1.9917704e+01
   1.9926382e+01
   1.9935065e+01
   1.9943884e+01
   1.9952614e+01
   1.9961384e+01
   1.9970041e+01
   1.9978678e+01
   1.9987587e+01
   1.9996461e+01
   2.0005309e+01
   2.0014002e+01
   2.0022636e+01
   2.0031286e+01
   2.0039953e+01
   2.0048616e+01
   2.0057331e+01
   2.0066088e+01
   2.0074768e+01
   2.0083469e+01
   2.0092095e+01
   2.0100742e+01
   2.0109496e+01
   2.0118214e+01
   2.0127076e+01
   2.0135690e+01
   2.0144281e+01
   2.0152989e+01
   2.0161535e+01
   2.0170199e+01
   2.0178967e+01
   2.0187659e+01
   2.0196341e+01
   2.0205031e+01
   2.0213651e+01
   2.0222255e+01
   2.0230962e+01
   2.0239860e+01
   2.0248551e+01
   2.0257331e+01
   2.0265984e+01
   2.0274717e+01
   2.0283456e+01
   2.0292165e+01
   2.0300812e+01
   2.0309507e+01
   2.0323839e+01
   2.0338765e+01
   2.0353751e+01
   2.0368586e+01
   2.0377387e+01
   2.0392539e+01
   2.0403832e+01
   2.0415092e+01
   2.0425964e+01
   2.0436742e+01
   2.0448119e+01
   2.0458987e+01
   2.0469800e+01
   2.0480507e+01
   2.0491374e+01
   2.0500026e+01
   2.0508760e+01
   2.0517338e+01
   2.0525993e+01
   2.0535434e+01
   2.0544371e+01
   2.0553044e+01
   2.0561701e+01
   2.0570316e+01
   2.0579146e+01
   2.0587836e+01
   2.0596533e+01
   2.0605214e+01
   2.0613799e+01
   2.0622494e+01
   2.0631270e+01
   2.0639958e+01
   2.0648534e+01
   2.0657280e+01
   2.0665832e+01
   2.0674437e+01
   2.0683064e+01
   2.0691705e+01
   2.0700347e+01
   2.0709047e+01
   2.0718668e+01
   2.0727327e+01
   2.0735981e+01
   2.0744731e+01
   2.0753476e+01
   2.0762091e+01
   2.0770846e+01
   2.0779640e+01
   2.0788315e+01
   2.0797177e+01
   2.0805767e+01
   2.0814468e+01
   2.0823014e+01
   2.0831695e+01
   2.0840871e+01
   2.0849575e+01
   2.0858229e+01
   2.0866944e+01
   2.0875729e+01
   2.0884743e+01
   2.0893424e+01
   2.0902086e+01
   2.0910895e+01
   2.0919592e+01
   2.0928123e+01
   2.0936807e+01
   2.0945470e+01
   2.0954123e+01
   2.0962744e+01
   2.0971976e+01
   2.0980611e+01
   2.0989282e+01
   2.0997928e+01
   2.1006650e+01
   2.1015425e+01
   2.1024235e+01
   2.1034143e+01
   2.1044213e+01
   2.1054055e+01
   2.1063360e+01
   2.1072807e+01
   2.1081720e+01
   2.1090533e+01
   2.1099244e+01
   2.1107979e+01
   2.1116691e+01
   2.1125414e+01
   2.1134146e+01
   2.1142859e+01
   2.1151645e+01
   2.1160265e+01
   2.1168970e+01
   2.1177685e+01
   2.1186307e+01
   2.1194978e+01
   2.1203596e+01
   2.1212303e+01
   2.1221125e+01
   2.1229801e+01
   2.1238647e+01
   2.1247261e+01
   2.1255939e+01
   2.1264693e+01
   2.1273417e+01
   2.1282183e+01
   2.1290886e+01
   2.1299646e+01
   2.1308308e+01
   2.1317071e+01
   2.1325830e+01
   2.1334629e+01
   2.1343167e+01
   2.1351781e+01
   2.1360512e+01
   2.1369142e+01
   2.1378113e+01
   2.1386860e+01
   2.1395399e+01
   2.1404188e+01
   2.1412936e+01
   2.1421780e+01
   2.1430511e+01
   2.1439301e+01
   2.1448018e+01
   2.1456783e+01
   2.1465430e+01
   2.1474123e+01
   2.1482832e+01
   2.1491711e+01
   2.1500495e+01
   2.1509243e+01
   2.1517830e+01
   2.1526538e+01
   2.1535252e+01
   2.1543826e+01
   2.1553081e+01
   2.1561812e+01
   2.1570439e+01
   2.1579179e+01
   2.1588003e+01
   2.1596745e+01
   2.1605423e+01
   2.1614026e+01
   2.1622830e+01
   2.1631594e+01
   2.1640373e+01
   2.1649187e+01
   2.1657927e+01
   2.1666619e+01
   2.1675293e+01
   2.1683890e+01
   2.1692644e+01
   2.1701263e+01
   2.1710037e+01
   2.1718554e+01
   2.1727308e+01
   2.1735907e+01
   2.1744555e+01
   2.1753195e+01
   2.1761996e+01
   2.1770752e+01
   2.1779564e+01
   2.1788366e+01
   2.1797154e+01
   2.1805905e+01
   2.1814654e+01
   2.1823295e+01
   2.1832186e+01
   2.1840839e+01
   2.1855815e+01
   2.1866731e+01
   2.1877727e+01
   2.1888646e+01
   2.1899779e+01
   2.1911105e+01
   2.1922507e+01
   2.1933941e+01
   2.1942771e+01
   2.1951613e+01
   2.1960382e+01
   2.1969215e+01
   2.1978083e+01
   2.1986999e+01
   2.1995814e+01
   2.2005433e+01
   2.2014134e+01
   2.2022912e+01
   2.2032210e+01
   2.2040971e+01
   2.2049669e+01
   2.2058457e+01
   2.2067234e+01
   2.2075860e+01
   2.2084500e+01
   2.2093347e+01
   2.2102125e+01
   2.2110868e+01
   2.2119498e+01
   2.2128321e+01
   2.2137111e+01
   2.2145857e+01
   2.2154498e+01
   2.2163311e+01
   2.2171996e+01
   2.2180705e+01
   2.2189517e+01
   2.2198172e+01
   2.2207142e+01
   2.2215856e+01
   2.2224390e+01
   2.2233006e+01
   2.2241701e+01
   2.2250512e+01
   2.2259291e+01
   2.2267932e+01
   2.2276699e+01
   2.2285421e+01
   2.2294081e+01
   2.2302785e+01
   2.2311528e+01
   2.2320207e+01
   2.2330296e+01
   2.2340083e+01
   2.2349131e+01
   2.2357752e+01
   2.2366442e+01
   2.2375399e+01
   2.2384122e+01
   2.2392820e+01
   2.2401566e+01
   2.2410314e+01
   2.2419012e+01
   2.2427820e+01
   2.2436608e+01
   2.2445242e+01
   2.2453907e+01
   2.2462698e+01
   2.2471398e+01
   2.2480111e+01
   2.2488847e+01
   2.2497471e+01
   2.2506025e+01
   2.2514786e+01
   2.2523441e+01
   2.2532169e+01
   2.2540999e+01
   2.2549702e+01
   2.2558500e+01
   2.2567116e+01
   2.2575734e+01
   2.2584422e+01
   2.2593170e+01
   2.2601849e+01
   2.2610476e+01
   2.2619079e+01
   2.2627797e+01
   2.2636491e+01
   2.2645264e+01
   2.2653845e+01
   2.2662637e+01
   2.2671304e+01
   2.2679987e+01
   2.2688929e+01
   2.2697523e+01
   2.2706173e+01
   2.2714871e+01
   2.2723675e+01
   2.2732358e+01
   2.2741004e+01
   2.2749668e+01
   2.2758361e+01
   2.2767118e+01
   2.2775841e+01
   2.2784517e+01
   2.2793225e+01
   2.2801837e+01
   2.2810388e+01
   2.2819195e+01
   2.2827734e+01
   2.2836507e+01
   2.2845298e+01
   2.2853981e+01
   2.2862808e+01
   2.2871462e+01
   2.2880095e+01
   2.2888814e+01
   2.2897595e+01
   2.2906280e+01
   2.2915576e+01
   2.2924284e+01
   2.2932832e+01
   2.2941627e+01
   2.2950425e+01
   2.2959212e+01
   2.2967998e+01
   2.2976752e+01
   2.2985382e+01
   2.2994028e+01
   2.3002598e+01
   2.3011945e+01
   2.3020690e+01
   2.3029353e+01
   2.3038099e+01
   2.3046717e+01
   2.3055264e+01
   2.3063972e+01
   2.3072638e+01
   2.3081382e+01
   2.3090047e+01
   2.3098762e+01
   2.3107471e+01
   2.3116122e+01
   2.3124807e+01
   2.3133396e+01
   2.3142190e+01
   2.3150875e+01
   2.3159540e+01
   2.3168424e+01
   2.3177163e+01
   2.3185984e+01
   2.3194602e+01
   2.3203454e+01
   2.3212178e+01
   2.3220881e+01
   2.3229536e+01
   2.3238224e+01
   2.3246896e+01
   2.3255590e+01
   2.3264172e+01
   2.3272868e+01
   2.3281460e+01
   2.3290081e+01
   2.3298720e+01
   2.3307418e+01
   2.3316024e+01
   2.3324842e+01
   2.3333492e+01
   2.3342461e+01
   2.3351192e+01
   2.3359917e+01
   2.3368604e+01
   2.3377428e+01
   2.3386124e+01
   2.3394768e+01
   2.3403559e+01
   2.3412235e+01
   2.3421076e+01
   2.3429826e+01
   2.3438384e+01
   2.3447375e+01
   2.3456534e+01
   2.3465309e+01
   2.3473973e+01
   2.3482806e+01
   2.3491524e+01
   2.3500233e+01
   2.3508927e+01
   2.3517608e+01
   2.3526272e+01
   2.3535061e+01
   2.3543772e+01
   2.3552554e+01
   2.3561353e+01
   2.3570066e+01
   2.3578718e+01
   2.3587404e+01
   2.3596038e+01
   2.3604693e+01
   2.3613380e+01
   2.3622063e+01
   2.3630716e+01
   2.3639357e+01
   2.3648136e+01
   2.3656793e+01
   2.3665447e+01
   2.3674139e+01
   2.3682788e+01
   2.3691557e+01
   2.3700259e+01
   2.3708851e+01
   2.3717560e+01
   2.3726203e+01
   2.3734821e+01
   2.3743448e+01
   2.3752151e+01
   2.3760921e+01
   2.3769653e+01
   2.3778102e+01
   2.3786755e+01
   2.3795491e+01
   2.3804196e+01
   2.3812935e+01
   2.3821589e+01
   2.3830296e+01
   2.3838972e+01
   2.3847720e+01
   2.3856293e+01
   2.3865006e+01
   2.3873695e+01
   2.3882391e+01
   2.3891163e+01
   2.3899802e+01
   2.3908537e+01
   2.3917266e+01
   2.3925884e+01
   2.3934623e+01
   2.3943346e+01
   2.3951948e+01
   2.3960549e+01
   2.3969254e+01
   2.3977880e+01
   2.3987090e+01
   2.3996026e+01
   2.4004941e+01
   2.4013778e+01
   2.4022491e+01
   2.4031244e+01
   2.4039980e+01
   2.4048650e+01
   2.4057346e+01
   2.4066093e+01
   2.4074871e+01
   2.4083604e+01
   2.4092204e+01
   2.4100831e+01
   2.4109560e+01
   2.4118275e+01
   2.4127038e+01
   2.4135762e+01
   2.4144510e+01
   2.4153130e+01
   2.4161818e+01
   2.4170458e+01
   2.4179252e+01
   2.4188015e+01
   2.4196743e+01
   2.4205570e+01
   2.4214210e+01
   2.4222986e+01
   2.4231638e+01
   2.4240236e+01
   2.4248871e+01
   2.4257547e+01
   2.4266270e+01
   2.4274948e+01
   2.4283534e+01
   2.4292270e+01
   2.4301096e+01
   2.4309781e+01
   2.4318396e+01
   2.4327020e+01
   2.4335718e+01
   2.4344439e+01
   2.4353238e+01
   2.4361980e+01
   2.4370658e+01
   2.4379332e+01
   2.4388095e+01
   2.4396780e+01
   2.4405314e+01
   2.4413958e+01
   2.4422674e+01
   2.4431268e+01
   2.4439929e+01
   2.4448478e+01
   2.4457199e+01
   2.4465887e+01
   2.4474602e+01
   2.4483224e+01
   2.4491910e+01
   2.4501287e+01
   2.4510021e+01
   2.4518626e+01
   2.4527236e+01
   2.4535964e+01
   2.4544709e+01
   2.4553379e+01
   2.4562110e+01
   2.4570720e+01
   2.4579409e+01
   2.4587883e+01
   2.4596632e+01
   2.4605278e+01
   2.4614057e+01
   2.4622756e+01
   2.4631225e+01
   2.4639844e+01
   2.4648508e+01
   2.4657207e+01
   2.4665784e+01
   2.4674386e+01
   2.4683004e+01
   2.4691563e+01
   2.4700274e+01
   2.4708909e+01
   2.4717610e+01
   2.4726164e+01
   2.4734818e+01
   2.4743474e+01
   2.4752120e+01
   2.4760758e+01
   2.4770035e+01
   2.4778795e+01
   2.4787431e+01
   2.4796170e+01
   2.4804788e+01
   2.4813377e+01
   2.4822110e+01
   2.4830732e+01
   2.4839421e+01
   2.4847969e+01
   2.4856540e+01
   2.4865300e+01
   2.4873909e+01
   2.4882658e+01
   2.4891465e+01
   2.4900104e+01
   2.4908727e+01
   2.4917315e+01
   2.4926016e+01
   2.4934654e+01
   2.4943533e+01
   2.4952005e+01
   2.4960582e+01
   2.4969160e+01
   2.4977791e+01
   2.4986418e+01
   2.4994960e+01
   2.5003645e+01
   2.5012273e+01
   2.5020942e+01
   2.5029562e+01
   2.5038181e+01
   2.5046851e+01
   2.5055453e+01
   2.5064162e+01
   2.5072805e+01
   2.5081387e+01
   2.5089994e+01
   2.5098466e+01
   2.5107040e+01
   2.5115632e+01
   2.5124400e+01
   2.5132965e+01
   2.5142413e+01
   2.5151142e+01
   2.5159793e+01
   2.5168529e+01
   2.5177270e+01
   2.5185847e+01
   2.5194566e+01
   2.5203120e+01
   2.5211710e+01
   2.5220281e+01
   2.5228824e+01
   2.5237595e+01
   2.5246324e+01
   2.5254999e+01
   2.5263719e+01
   2.5272109e+01
   2.5281844e+01
   2.5291178e+01
   2.5300089e+01
   2.5308671e+01
   2.5317370e+01
   2.5326225e+01
   2.5334988e+01
   2.5343590e+01
   2.5352246e+01
   2.5361328e+01
   2.5370433e+01
   2.5379356e+01
   2.5388319e+01
   2.5397003e+01
   2.5405796e+01
   2.5414446e+01
   2.5423025e+01
   2.5431775e+01
   2.5440479e+01
   2.5449072e+01
   2.5457805e+01
   2.5466512e+01
   2.5475126e+01
   2.5483730e+01
   2.5492565e+01
   2.5501292e+01
   2.5509995e+01
   2.5518710e+01
   2.5527330e+01
   2.5536012e+01
   2.5544754e+01
   2.5553529e+01
   2.5562391e+01
   2.5571026e+01
   2.5579768e+01
   2.5588488e+01
   2.5597191e+01
   2.5606002e+01
   2.5614666e+01
   2.5624116e+01
   2.5632847e+01
   2.5641388e+01
   2.5650127e+01
   2.5658852e+01
   2.5667662e+01
   2.5676447e+01
   2.5685122e+01
   2.5693983e+01
   2.5702762e+01
   2.5711344e+01
   2.5719923e+01
   2.5728728e+01
   2.5737337e+01
   2.5746012e+01
   2.5754808e+01
   2.5763607e+01
   2.5772397e+01
   2.5781903e+01
   2.5790760e+01
   2.5799534e+01
   2.5808380e+01
   2.5817093e+01
   2.5825979e+01
   2.5834721e+01
   2.5843533e+01
   2.5852121e+01
   2.5860768e+01
   2.5869487e+01
   2.5878176e+01
   2.5886905e+01
   2.5895585e+01
   2.5904365e+01
   2.5912978e+01
   2.5921740e+01
   2.5930487e+01
   2.5939154e+01
   2.5947849e+01
   2.5956523e+01
   2.5965105e+01
   2.5973828e+01
   2.5982545e+01
   2.5991124e+01
   2.5999922e+01
   2.6008879e+01
   2.6017616e+01
   2.6026135e+01
   2.6034904e+01
   2.6043490e+01
   2.6052201e+01
   2.6060904e+01
   2.6069539e+01
   2.6078224e+01
   2.6086987e+01
   2.6095696e+01
   2.6104513e+01
   2.6113284e+01
   2.6121924e+01
   2.6130566e+01
   2.6139183e+01
   2.6147915e+01
   2.6156498e+01
   2.6165262e+01
   2.6174060e+01
   2.6182813e+01
   2.6191551e+01
   2.6200202e+01
   2.6208975e+01
   2.6217789e+01
   2.6226396e+01
   2.6235012e+01
   2.6243678e+01
   2.6252364e+01
   2.6260937e+01
   2.6269676e+01
   2.6278398e+01
   2.6287077e+01
   2.6296238e+01
   2.6304979e+01
   2.6313585e+01
   2.6322293e+01
   2.6330994e+01
   2.6339672e+01
   2.6348324e+01
   2.6356957e+01
   2.6365547e+01
   2.6374285e+01
   2.6382909e+01
   2.6391514e+01
   2.6400371e+01
   2.6409065e+01
   2.6417687e+01
   2.6426493e+01
   2.6435153e+01
   2.6443939e+01
   2.6452603e+01
   2.6461183e+01
   2.6469916e+01
   2.6478598e+01
   2.6487375e+01
   2.6496075e+01
   2.6504738e+01
   2.6513309e+01
   2.6521915e+01
   2.6530568e+01
   2.6539410e+01
   2.6548240e+01
   2.6556791e+01
   2.6565349e+01
   2.6574130e+01
   2.6582728e+01
   2.6591434e+01
   2.6600112e+01
   2.6608821e+01
   2.6617446e+01
   2.6626226e+01
   2.6634982e+01
   2.6643682e+01
   2.6652443e+01
   2.6661194e+01
   2.6669851e+01
   2.6678485e+01
   2.6687110e+01
   2.6695898e+01
   2.6704571e+01
   2.6713828e+01
   2.6722631e+01
   2.6731435e+01
   2.6740227e+01
   2.6748847e+01
   2.6757499e+01
   2.6766186e+01
   2.6774730e+01
   2.6783407e+01
   2.6793256e+01
   2.6802573e+01
   2.6811577e+01
   2.6820507e+01
   2.6829645e+01
   2.6838446e+01
   2.6847045e+01
   2.6857031e+01
   2.6866415e+01
   2.6875668e+01
   2.6884628e+01
   2.6893619e+01
   2.6902769e+01
   2.6911853e+01
   2.6920518e+01
   2.6929121e+01
   2.6937738e+01
   2.6946459e+01
   2.6955068e+01
   2.6963807e+01
   2.6972519e+01
   2.6981242e+01
   2.6989844e+01
   2.6998532e+01
   2.7007270e+01
   2.7015909e+01
   2.7024703e+01
   2.7033348e+01
   2.7041996e+01
   2.7050724e+01
   2.7059362e+01
   2.7068010e+01
   2.7076771e+01
   2.7085467e+01
   2.7094253e+01
   2.7102838e+01
   2.7111574e+01
   2.7120171e+01
   2.7128753e+01
   2.7137367e+01
   2.7146128e+01
   2.7154795e+01
   2.7163310e+01
   2.7171994e+01
   2.7180661e+01
   2.7189309e+01
   2.7198512e+01
   2.7207081e+01
   2.7215780e+01
   2.7224427e+01
   2.7232988e+01
   2.7242088e+01
   2.7250844e+01
   2.7259710e+01
   2.7268380e+01
   2.7277149e+01
   2.7285846e+01
   2.7294416e+01
   2.7303191e+01
   2.7311850e+01
   2.7320472e+01
   2.7329153e+01
   2.7337865e+01
   2.7346543e+01
   2.7355147e+01
   2.7363807e+01
   2.7372487e+01
   2.7381203e+01
   2.7389785e+01
   2.7398553e+01
   2.7407438e+01
   2.7416224e+01
   2.7424940e+01
   2.7433567e+01
   2.7442372e+01
   2.7450984e+01
   2.7459677e+01
   2.7468270e+01
   2.7476978e+01
   2.7485731e+01
   2.7494339e+01
   2.7502942e+01
   2.7511639e+01
   2.7520334e+01
   2.7528920e+01
   2.7537582e+01
   2.7546127e+01
   2.7554935e+01
   2.7563523e+01
   2.7572146e+01
   2.7580782e+01
   2.7589539e+01
   2.7598231e+01
   2.7606947e+01
   2.7615699e+01
   2.7624279e+01
   2.7632930e+01
   2.7641617e+01
   2.7650368e+01
   2.7658991e+01
   2.7667674e+01
   2.7676346e+01
   2.7684916e+01
   2.7693628e+01
   2.7702306e+01
   2.7710979e+01
   2.7719713e+01
   2.7728376e+01
   2.7737143e+01
   2.7745834e+01
   2.7754525e+01
   2.7763354e+01
   2.7772098e+01
   2.7780857e+01
   2.7789484e+01
   2.7798225e+01
   2.7806956e+01
   2.7815695e+01
   2.7824296e+01
   2.7833087e+01
   2.7841703e+01
   2.7850295e+01
   2.7859175e+01
   2.7867918e+01
   2.7876465e+01
   2.7885049e+01
   2.7893684e+01
   2.7902288e+01
   2.7911075e+01
   2.7919751e+01
   2.7928358e+01
   2.7936886e+01
   2.7945766e+01
   2.7954445e+01
   2.7963131e+01
   2.7971925e+01
   2.7980562e+01
   2.7989205e+01
   2.7997959e+01
   2.8006670e+01
   2.8015354e+01
   2.8024003e+01
   2.8032729e+01
   2.8041352e+01
   2.8050214e+01
   2.8059072e+01
   2.8068389e+01
   2.8077167e+01
   2.8085820e+01
   2.8094360e+01
   2.8104304e+01
   2.8113828e+01
   2.8122769e+01
   2.8131602e+01
   2.8140562e+01
   2.8149550e+01
   2.8158293e+01
   2.8167144e+01
   2.8175753e+01
   2.8184385e+01
   2.8193163e+01
   2.8201773e+01
   2.8210368e+01
   2.8219235e+01
   2.8227890e+01
   2.8236663e+01
   2.8245370e+01
   2.8253977e+01
   2.8262647e+01
   2.8271333e+01
   2.8280312e+01
   2.8289318e+01
   2.8298213e+01
   2.8306977e+01
   2.8315800e+01
   2.8324734e+01
   2.8333479e+01
   2.8342162e+01
   2.8350883e+01
   2.8359796e+01
   2.8368487e+01
   2.8377132e+01
   2.8385970e+01
   2.8394697e+01
   2.8403390e+01
   2.8412160e+01
   2.8421033e+01
   2.8429799e+01
   2.8438553e+01
   2.8447252e+01
   2.8456065e+01
   2.8464813e+01
   2.8473485e+01
   2.8482335e+01
   2.8491095e+01
   2.8499908e+01
   2.8508680e+01
   2.8517344e+01
   2.8526033e+01
   2.8534773e+01
   2.8543571e+01
   2.8552346e+01
   2.8561126e+01
   2.8569900e+01
   2.8578663e+01
   2.8587411e+01
   2.8596159e+01
   2.8604887e+01
   2.8613669e+01
   2.8622504e+01
   2.8631108e+01
   2.8639904e+01
   2.8648496e+01
   2.8657163e+01
   2.8665833e+01
   2.8674737e+01
   2.8683489e+01
   2.8692269e+01
   2.8700963e+01
   2.8709767e+01
   2.8718547e+01
   2.8727241e+01
   2.8736045e+01
   2.8744898e+01
   2.8753671e+01
   2.8762397e+01
   2.8771157e+01
   2.8779770e+01
   2.8788586e+01
   2.8797551e+01
   2.8806359e+01
   2.8815011e+01
   2.8824462e+01
   2.8833354e+01
   2.8842007e+01
   2.8850612e+01
   2.8859349e+01
   2.8868240e+01
   2.8876888e+01
   2.8885713e+01
   2.8894511e+01
   2.8903381e+01
   2.8912025e+01
   2.8920949e+01
   2.8929654e+01
   2.8938310e+01
   2.8946989e+01
   2.8955829e+01
   2.8964494e+01
   2.8973229e+01
   2.8981927e+01
   2.8990686e+01
   2.8999445e+01
   2.9008144e+01
   2.9016857e+01
   2.9025755e+01
   2.9034471e+01
   2.9043238e+01
   2.9051869e+01
   2.9060565e+01
   2.9069318e+01
   2.9078087e+01
   2.9086943e+01
   2.9095578e+01
   2.9104288e+01
   2.9113048e+01
   2.9121858e+01
   2.9130634e+01
   2.9139401e+01
   2.9148322e+01
   2.9157047e+01
   2.9165819e+01
   2.9174636e+01
   2.9183415e+01
   2.9192070e+01
   2.9200751e+01
   2.9209417e+01
   2.9218193e+01
   2.9226909e+01
   2.9235584e+01
   2.9244351e+01
   2.9253089e+01
   2.9261905e+01
   2.9270553e+01
   2.9279298e+01
   2.9288170e+01
   2.9297500e+01
   2.9306267e+01
   2.9315041e+01
   2.9323735e+01
   2.9332535e+01
   2.9341257e+01
   2.9350033e+01
   2.9358766e+01
   2.9367511e+01
   2.9376321e+01
   2.9385025e+01
   2.9393666e+01
   2.9402385e+01
   2.9411134e+01
   2.9419820e+01
   2.9428488e+01
   2.9437162e+01
   2.9446038e+01
   2.9454865e+01
   2.9463503e+01
   2.9472210e+01
   2.9480821e+01
   2.9489580e+01
   2.9498228e+01
   2.9507009e+01
   2.9515758e+01
   2.9524352e+01
   2.9533082e+01
   2.9541787e+01
   2.9550509e+01
   2.9559294e+01
   2.9567939e+01
   2.9576771e+01
   2.9585468e+01
   2.9594228e+01
   2.9602909e+01
   2.9611608e+01
   2.9620313e+01
   2.9629207e+01
   2.9637950e+01
   2.9646582e+01
   2.9655229e+01
   2.9663945e+01
   2.9672572e+01
   2.9681273e+01
   2.9690068e+01
   2.9698822e+01
   2.9707567e+01
   2.9716249e+01
   2.9726079e+01
   2.9735311e+01
   2.9744210e+01
   2.9753161e+01
   2.9761812e+01
   2.9770612e+01
   2.9779359e+01
   2.9788205e+01
   2.9796975e+01
   2.9805783e+01
   2.9814499e+01
   2.9823275e+01
   2.9832001e+01
   2.9840788e+01
   2.9849500e+01
   2.9858198e+01
   2.9866988e+01
   2.9875576e+01
   2.9884321e+01
   2.9893049e+01
   2.9901865e+01
   2.9910522e+01
   2.9919199e+01
   2.9928044e+01
   2.9937020e+01
   2.9945889e+01
   2.9954665e+01
   2.9963487e+01
   2.9972148e+01
   2.9980942e+01
   2.9989857e+01
   2.9998554e+01
   3.0007306e+01
   3.0016217e+01
   3.0024934e+01
   3.0033794e+01
   3.0042554e+01
   3.0051377e+01
   3.0059973e+01
   3.0068679e+01
   3.0077487e+01
   3.0086072e+01
   3.0094838e+01
   3.0103588e+01
   3.0112362e+01
   3.0121036e+01
   3.0129842e+01
   3.0138655e+01
   3.0147437e+01
   3.0156139e+01
   3.0164933e+01
   3.0173699e+01
   3.0182374e+01
   3.0191188e+01
   3.0199864e+01
   3.0208578e+01
   3.0217282e+01
   3.0225936e+01
   3.0234544e+01
   3.0243253e+01
   3.0251899e+01
   3.0260552e+01
   3.0269245e+01
   3.0277900e+01
   3.0286777e+01
   3.0295530e+01
   3.0304108e+01
   3.0312870e+01
   3.0321595e+01
   3.0330256e+01
   3.0338986e+01
   3.0347679e+01
   3.0356363e+01
   3.0365083e+01
   3.0373648e+01
   3.0382401e+01
   3.0391209e+01
   3.0400020e+01
   3.0408767e+01
   3.0417472e+01
   3.0426202e+01
   3.0435057e+01
   3.0443990e+01
   3.0452752e+01
   3.0461661e+01
   3.0470361e+01
   3.0479063e+01
   3.0487875e+01
   3.0496567e+01
   3.0505368e+01
   3.0514676e+01
   3.0523473e+01
   3.0532290e+01
   3.0541144e+01
   3.0549923e+01
   3.0558692e+01
   3.0567513e+01
   3.0576450e+01
   3.0585272e+01
   3.0594012e+01
   3.0602931e+01
   3.0611713e+01
   3.0620364e+01
   3.0629059e+01
   3.0637961e+01
   3.0646671e+01
   3.0655346e+01
   3.0664144e+01
   3.0672971e+01
   3.0681772e+01
   3.0690507e+01
   3.0699428e+01
   3.0708266e+01
   3.0717194e+01
   3.0725965e+01
   3.0734712e+01
   3.0743382e+01
   3.0752142e+01
   3.0761351e+01
   3.0770145e+01
   3.0778861e+01
   3.0787655e+01
   3.0796383e+01
   3.0805220e+01
   3.0814074e+01
   3.0822886e+01
   3.0831668e+01
   3.0840575e+01
   3.0849351e+01
   3.0858133e+01
   3.0866962e+01
   3.0875744e+01
   3.0884623e+01
   3.0893527e+01
   3.0902427e+01
   3.0911239e+01
   3.0920066e+01
   3.0928889e+01
   3.0937629e+01
   3.0946417e+01
   3.0955329e+01
   3.0964238e+01
   3.0973114e+01
   3.0981976e+01
   3.0992225e+01
   3.1001459e+01
   3.1010214e+01
   3.1019014e+01
   3.1027872e+01
   3.1036608e+01
   3.1045448e+01
   3.1054397e+01
   3.1063279e+01
   3.1072175e+01
   3.1081021e+01
   3.1089815e+01
   3.1098617e+01
   3.1107892e+01
   3.1116742e+01
   3.1125515e+01
   3.1134432e+01
   3.1143211e+01
   3.1152020e+01
   3.1160761e+01
   3.1169473e+01
   3.1178342e+01
   3.1187158e+01
   3.1195782e+01
   3.1204617e+01
   3.1213350e+01
   3.1222158e+01
   3.1231000e+01
   3.1239742e+01
   3.1248640e+01
   3.1257412e+01
   3.1266160e+01
   3.1274944e+01
   3.1283647e+01
   3.1292448e+01
   3.1301197e+01
   3.1310005e+01
   3.1318789e+01
   3.1327547e+01
   3.1336233e+01
   3.1344950e+01
   3.1353722e+01
   3.1362574e+01
   3.1371285e+01
   3.1380105e+01
   3.1388947e+01
   3.1397641e+01
   3.1406514e+01
   3.1415224e+01
   3.1424056e+01
   3.1432795e+01
   3.1441612e+01
   3.1450394e+01
   3.1459227e+01
   3.1467912e+01
   3.1476674e+01
   3.1485417e+01
   3.1494116e+01
   3.1502829e+01
   3.1511581e+01
   3.1520355e+01
   3.1529254e+01
   3.1538050e+01
   3.1546938e+01
   3.1555767e+01
   3.1564498e+01
   3.1573305e+01
   3.1582153e+01
   3.1590818e+01
   3.1599534e+01
   3.1608402e+01
   3.1617196e+01
   3.1626021e+01
   3.1634742e+01
   3.1643480e+01
   3.1652321e+01
   3.1661063e+01
   3.1669932e+01
   3.1678848e+01
   3.1687691e+01
   3.1696541e+01
   3.1705287e+01
   3.1714073e+01
   3.1722771e+01
   3.1731629e+01
   3.1740471e+01
   3.1749227e+01
   3.1758080e+01
   3.1766952e+01
   3.1775772e+01
   3.1784634e+01
   3.1793567e+01
   3.1802362e+01
   3.1811344e+01
   3.1820165e+01
   3.1828873e+01
   3.1837664e+01
   3.1846438e+01
   3.1855131e+01
   3.1863793e+01
   3.1872557e+01
   3.1881274e+01
   3.1889990e+01
   3.1898747e+01
   3.1907547e+01
   3.1916362e+01
   3.1925061e+01
   3.1933863e+01
   3.1942621e+01
   3.1951367e+01
   3.1960219e+01
   3.1968907e+01
   3.1977748e+01
   3.1986487e+01
   3.1995137e+01
   3.2003794e+01
   3.2012600e+01
   3.2021415e+01
   3.2030257e+01
   3.2039020e+01
   3.2047792e+01
   3.2056572e+01
   3.2065334e+01
   3.2074110e+01
   3.2082891e+01
   3.2091766e+01
   3.2100597e+01
   3.2109537e+01
   3.2118243e+01
   3.2127047e+01
   3.2135876e+01
   3.2144745e+01
   3.2153420e+01
   3.2162285e+01
   3.2171025e+01
   3.2179767e+01
   3.2188610e+01
   3.2197387e+01
   3.2206126e+01
   3.2214778e+01
   3.2223374e+01
   3.2232128e+01
   3.2240889e+01
   3.2249642e+01
   3.2258403e+01
   3.2267203e+01
   3.2275979e+01
   3.2284833e+01
   3.2293587e+01
   3.2302380e+01
   3.2311166e+01
   3.2319817e+01
   3.2328575e+01
   3.2337359e+01
   3.2346018e+01
   3.2354718e+01
   3.2363493e+01
   3.2372168e+01
   3.2381027e+01
   3.2389862e+01
   3.2398675e+01
   3.2407356e+01
   3.2416129e+01
   3.2424824e+01
   3.2433567e+01
   3.2442468e+01
   3.2451132e+01
   3.2459842e+01
   3.2468596e+01
   3.2477307e+01
   3.2486094e+01
   3.2494770e+01
   3.2503549e+01
   3.2512254e+01
   3.2520952e+01
   3.2529571e+01
   3.2538232e+01
   3.2547029e+01
   3.2555992e+01
   3.2564699e+01
   3.2573372e+01
   3.2582060e+01
   3.2590761e+01
   3.2599416e+01
   3.2608023e+01
   3.2616663e+01
   3.2625344e+01
   3.2634082e+01
   3.2642690e+01
   3.2651367e+01
   3.2660104e+01
   3.2668841e+01
   3.2677631e+01
   3.2686326e+01
   3.2695063e+01
   3.2703722e+01
   3.2712414e+01
   3.2721082e+01
   3.2729890e+01
   3.2738580e+01
   3.2747277e+01
   3.2755958e+01
   3.2764734e+01
   3.2773346e+01
   3.2782092e+01
   3.2790878e+01
   3.2799537e+01
   3.2808176e+01
   3.2816806e+01
   3.2825601e+01
   3.2834226e+01
   3.2843039e+01
   3.2851754e+01
   3.2860369e+01
   3.2869002e+01
   3.2877757e+01
   3.2886409e+01
   3.2895015e+01
   3.2903665e+01
   3.2912310e+01
   3.2921000e+01
   3.2929615e+01
   3.2938383e+01
   3.2947064e+01
   3.2955767e+01
   3.2964652e+01
   3.2973527e+01
   3.2982242e+01
   3.2990920e+01
   3.2999694e+01
   3.3008413e+01
   3.3017204e+01
   3.3025943e+01
   3.3034537e+01
   3.3043600e+01
   3.3052314e+01
   3.3061105e+01
   3.3069862e+01
   3.3078668e+01
   3.3087320e+01
   3.3095997e+01
   3.3104584e+01
   3.3113181e+01
   3.3121749e+01
   3.3130457e+01
   3.3139211e+01
   3.3147955e+01
   3.3156533e+01
   3.3165176e+01
   3.3174034e+01
   3.3182928e+01
   3.3191587e+01
   3.3200379e+01
   3.3209140e+01
   3.3217837e+01
   3.3226544e+01
   3.3235292e+01
   3.3243923e+01
   3.3252702e+01
   3.3261340e+01
   3.3270604e+01
   3.3279351e+01
   3.3288072e+01
   3.3296823e+01
   3.3305365e+01
   3.3314117e+01
   3.3322919e+01
   3.3331686e+01
   3.3340398e+01
   3.3349131e+01
   3.3357957e+01
   3.3366625e+01
   3.3375295e+01
   3.3384066e+01
   3.3392765e+01
   3.3401334e+01
   3.3410013e+01
   3.3418547e+01
   3.3427278e+01
   3.3435993e+01
   3.3444748e+01
   3.3453359e+01
   3.3462118e+01
   3.3470938e+01
   3.3479732e+01
   3.3488380e+01
   3.3497020e+01
   3.3506378e+01
   3.3515305e+01
   3.3523957e+01
   3.3532637e+01
   3.3541318e+01
   3.3550107e+01
   3.3558704e+01
   3.3567450e+01
   3.3576230e+01
   3.3585015e+01
   3.3593717e+01
   3.3602534e+01
   3.3611224e+01
   3.3620016e+01
   3.3628883e+01
   3.3637588e+01
   3.3646421e+01
   3.3655066e+01
   3.3663732e+01
   3.3672562e+01
   3.3681373e+01
   3.3690333e+01
   3.3699063e+01
   3.3707876e+01
   3.3716455e+01
   3.3725111e+01
   3.3733891e+01
   3.3742685e+01
   3.3751808e+01
   3.3760697e+01
   3.3769455e+01
   3.3778191e+01
   3.3786962e+01
   3.3795723e+01
   3.3805822e+01
   3.3814729e+01
   3.3823527e+01
   3.3832211e+01
   3.3841063e+01
   3.3849763e+01
   3.3858590e+01
   3.3867728e+01
   3.3876494e+01
   3.3885342e+01
   3.3894001e+01
   3.3902773e+01
   3.3911522e+01
   3.3920390e+01
   3.3929127e+01
   3.3937680e+01
   3.3946473e+01
   3.3955123e+01
   3.3963912e+01
   3.3972778e+01
   3.3981419e+01
   3.3990067e+01
   3.3998748e+01
   3.4007491e+01
   3.4016251e+01
   3.4025053e+01
   3.4033794e+01
   3.4042465e+01
   3.4051268e+01
   3.4059867e+01
   3.4068656e+01
   3.4077532e+01
   3.4086363e+01
   3.4095038e+01
   3.4103754e+01
   3.4112555e+01
   3.4121238e+01
   3.4129969e+01
   3.4138642e+01
   3.4147924e+01
   3.4156596e+01
   3.4165249e+01
   3.4173877e+01
   3.4182464e+01
   3.4191210e+01
   3.4200041e+01
   3.4208923e+01
   3.4217762e+01
   3.4226363e+01
   3.4235097e+01
   3.4243781e+01
   3.4252474e+01
   3.4261163e+01
   3.4269958e+01
   3.4278646e+01
   3.4287884e+01
   3.4296723e+01
   3.4305425e+01
   3.4314196e+01
   3.4322871e+01
   3.4332085e+01
   3.4340827e+01
   3.4349629e+01
   3.4358405e+01
   3.4367169e+01
   3.4376027e+01
   3.4385003e+01
   3.4393723e+01
   3.4402496e+01
   3.4411323e+01
   3.4420867e+01
   3.4429461e+01
   3.4438170e+01
   3.4446823e+01
   3.4455498e+01
   3.4464713e+01
   3.4473414e+01
   3.4482035e+01
   3.4490756e+01
   3.4499474e+01
   3.4508215e+01
   3.4516976e+01
   3.4525741e+01
   3.4534437e+01
   3.4543218e+01
   3.4552033e+01
   3.4560710e+01
   3.4569618e+01
   3.4578386e+01
   3.4587038e+01
   3.4595815e+01
   3.4604599e+01
   3.4613223e+01
   3.4622060e+01
   3.4630786e+01
   3.4639577e+01
   3.4648374e+01
   3.4657068e+01
   3.4665804e+01
   3.4674573e+01
   3.4683220e+01
   3.4692500e+01
   3.4701272e+01
   3.4710009e+01
   3.4718657e+01
   3.4727325e+01
   3.4736027e+01
   3.4744726e+01
   3.4753485e+01
   3.4762235e+01
   3.4770900e+01
   3.4779605e+01
   3.4788319e+01
   3.4797075e+01
   3.4805875e+01
   3.4814583e+01
   3.4823258e+01
   3.4831858e+01
   3.4840569e+01
   3.4849306e+01
   3.4858162e+01
   3.4866823e+01
   3.4875398e+01
   3.4884152e+01
   3.4893204e+01
   3.4901816e+01
   3.4910515e+01
   3.4919272e+01
   3.4927952e+01
   3.4936757e+01
   3.4945548e+01
   3.4954229e+01
   3.4963011e+01
   3.4971708e+01
   3.4980422e+01
   3.4989287e+01
   3.4997890e+01
   3.5006582e+01
   3.5015272e+01
   3.5024072e+01
   3.5033164e+01
   3.5041923e+01
   3.5050710e+01
   3.5059439e+01
   3.5068157e+01
   3.5076881e+01
   3.5085674e+01
   3.5094430e+01
   3.5103177e+01
   3.5112010e+01
   3.5120830e+01
   3.5129661e+01
   3.5138704e+01
   3.5147728e+01
   3.5156517e+01
   3.5165339e+01
   3.5174207e+01
   3.5183027e+01
   3.5191789e+01
   3.5200391e+01
   3.5209289e+01
   3.5217945e+01
   3.5226542e+01
   3.5235195e+01
   3.5243912e+01
   3.5252681e+01
   3.5261466e+01
   3.5270205e+01
   3.5279086e+01
   3.5287751e+01
   3.5297044e+01
   3.5305828e+01
   3.5314596e+01
   3.5323400e+01
   3.5332223e+01
   3.5340985e+01
   3.5349645e+01
   3.5358296e+01
   3.5366930e+01
   3.5375557e+01
   3.5384349e+01
   3.5393142e+01
   3.5401810e+01
   3.5410451e+01
   3.5419092e+01
   3.5427775e+01
   3.5436509e+01
   3.5445225e+01
   3.5453925e+01
   3.5463204e+01
   3.5471918e+01
   3.5480600e+01
   3.5489235e+01
   3.5497924e+01
   3.5506567e+01
   3.5515256e+01
   3.5524024e+01
   3.5532919e+01
   3.5541675e+01
   3.5550333e+01
   3.5559104e+01
   3.5567977e+01
   3.5576704e+01
   3.5585418e+01
   3.5594091e+01
   3.5602752e+01
   3.5611555e+01
   3.5620204e+01
   3.5628896e+01
   3.5637693e+01
   3.5646417e+01
   3.5655174e+01
   3.5663877e+01
   3.5672532e+01
   3.5681115e+01
   3.5695066e+01
   3.5710677e+01
   3.5726306e+01
   3.5741734e+01
   3.5757204e+01
   3.5772734e+01
   3.5784740e+01
   3.5796654e+01
   3.5808467e+01
   3.5820385e+01
   3.5832141e+01
   3.5844076e+01
   3.5855987e+01
   3.5867751e+01
   3.5882793e+01
   3.5897767e+01
   3.5912905e+01
   3.5924076e+01
   3.5935156e+01
   3.5946307e+01
   3.5957477e+01
   3.5968680e+01
   3.5979832e+01
   3.5990973e+01
   3.5999661e+01
   3.6008411e+01
