   1.8913202e-02
   6.6833106e-02
   6.6833106e-02
   2.3135430e-01
   2.8092438e-01
   4.3213081e-01
   4.3213081e-01
   4.8092905e-01
   5.0783625e-01
   5.0936643e-01
   8.7658990e-01
   8.7796736e-01
   9.1627573e-01
   9.1665410e-01
   9.7842070e-01
   9.7842070e-01
   1.0557953e+00
   1.0557953e+00
   1.1343013e+00
   1.1350961e+00
   1.2465387e+00
   1.3312955e+00
   1.3316221e+00
   1.3364262e+00
   1.3818005e+00
   1.7149100e+00
   1.7149100e+00
   1.7160958e+00
   1.7358754e+00
   1.8329771e+00
   1.8329771e+00
   2.0214147e+00
   2.0717978e+00
   2.1110869e+00
   2.4333938e+00
   2.4546124e+00
   2.5916400e+00
   2.5916400e+00
   2.5916400e+00
   2.5931103e+00
   2.6121248e+00
   2.6121248e+00
   2.6473588e+00
   2.6473588e+00
   2.6524798e+00
   2.6919313e+00
   2.6919313e+00
   2.6959493e+00
   2.7157220e+00
   2.7236203e+00
   2.7484946e+00
   2.7484946e+00
   2.7487163e+00
   2.9052125e+00
   2.9052125e+00
   2.9413624e+00
   2.9413624e+00
   2.9811145e+00
   3.0279525e+00
   3.1412757e+00
   3.2887386e+00
   3.2984147e+00
   3.4697224e+00
   3.4697224e+00
   3.4697224e+00
   3.4878753e+00
   3.4897031e+00
   3.6380411e+00
   3.6553127e+00
   3.6567752e+00
   3.6868967e+00
   3.6868967e+00
   3.6869203e+00
   3.8081035e+00
   3.8081035e+00
   3.8081035e+00
   3.9258376e+00
   3.9426812e+00
   4.2670753e+00
   4.2674288e+00
   4.2674288e+00
   4.3327049e+00
   4.3327049e+00
   4.3327049e+00
   4.3327049e+00
   4.3736638e+00
   4.3736638e+00
   4.3736638e+00
   4.3756984e+00
   4.4235699e+00
   4.4235699e+00
   4.4411955e+00
   4.4411955e+00
   4.4500397e+00
   4.5477904e+00
   4.6636821e+00
   4.6636821e+00
   4.6636821e+00
   4.6636821e+00
   4.6636821e+00
   4.6697747e+00
   4.6801786e+00
   4.8768490e+00
   4.9032595e+00
   4.9204406e+00
   5.0315613e+00
   5.0315613e+00
   5.0315613e+00
   5.1296528e+00
   5.1296528e+00
   5.1640133e+00
   5.3825197e+00
   5.3825197e+00
   5.4318622e+00
   5.4485780e+00
   5.4710558e+00
   5.4713867e+00
   5.4713867e+00
   5.5478248e+00
   5.7287525e+00
   5.8332270e+00
   5.8332270e+00
   5.8370842e+00
   5.8370842e+00
   5.9058333e+00
   5.9116577e+00
   5.9159510e+00
   6.1426895e+00
   6.1941223e+00
   6.2763727e+00
   6.2881758e+00
   6.3935890e+00
   6.3935890e+00
   6.4329430e+00
   6.5813176e+00
   6.5978318e+00
   6.6101417e+00
   6.6174531e+00
   6.6428108e+00
   6.6429517e+00
   6.6994024e+00
   6.7819675e+00
   6.7913889e+00
   6.8228267e+00
   6.9116174e+00
   6.9117030e+00
   6.9117030e+00
   6.9583423e+00
   7.0512143e+00
   7.2234141e+00
   7.3310554e+00
   7.5678501e+00
   7.5678501e+00
   7.5678501e+00
   7.6022177e+00
   7.6097688e+00
   7.6832424e+00
   7.7737570e+00
   7.8087974e+00
   7.8493603e+00
   7.9203550e+00
   7.9246434e+00
   8.0462967e+00
   8.1504473e+00
   8.3126022e+00
   8.3868213e+00
   8.3868213e+00
   8.4292857e+00
   8.4497770e+00
   8.6164577e+00
   8.7665505e+00
   8.8350435e+00
   8.9476272e+00
   9.2590441e+00
   9.2590441e+00
   9.3069770e+00
   9.3647140e+00
   9.3771964e+00
   9.3926132e+00
   9.3981999e+00
   9.4485756e+00
   9.4782731e+00
   9.4810577e+00
   9.4810577e+00
   9.4827559e+00
   9.6127650e+00
   9.6219896e+00
   9.6241924e+00
   9.6289568e+00
   9.7376373e+00
   9.7425683e+00
   9.7425683e+00
   9.7425683e+00
   9.7753350e+00
   9.9248237e+00
   9.9461072e+00
   1.0098650e+01
   1.0098650e+01
   1.0098650e+01
   1.0098672e+01
   1.0317673e+01
   1.0317673e+01
   1.0317673e+01
   1.0444684e+01
   1.0454427e+01
   1.0626460e+01
   1.0626460e+01
   1.0661629e+01
   1.0662788e+01
   1.0677041e+01
   1.0687123e+01
   1.0788160e+01
   1.0788160e+01
   1.0788160e+01
   1.0803290e+01
   1.0828755e+01
   1.0829259e+01
   1.0840582e+01
   1.0854540e+01
   1.0964497e+01
   1.0967050e+01
   1.1026110e+01
   1.1035706e+01
   1.1196911e+01
   1.1320263e+01
   1.1482976e+01
   1.1482976e+01
   1.1493159e+01
   1.1539086e+01
   1.1692098e+01
   1.1731162e+01
   1.1813198e+01
   1.1813198e+01
   1.1813198e+01
   1.1896915e+01
   1.1896915e+01
   1.1914423e+01
   1.1975681e+01
   1.1981571e+01
   1.2041307e+01
   1.2042876e+01
   1.2151672e+01
   1.2228435e+01
   1.2433606e+01
   1.2474225e+01
   1.2484703e+01
   1.2484703e+01
   1.2485034e+01
   1.2505575e+01
   1.2672382e+01
   1.2672382e+01
   1.2702398e+01
   1.2702398e+01
   1.2787741e+01
   1.2878896e+01
   1.3098671e+01
   1.3319868e+01
   1.3332370e+01
   1.3438724e+01
   1.3439031e+01
   1.3492384e+01
   1.3492384e+01
   1.3495250e+01
   1.3556120e+01
   1.3556760e+01
   1.3556760e+01
   1.3561322e+01
   1.3561322e+01
   1.3680766e+01
   1.3680766e+01
   1.3741867e+01
   1.3967496e+01
   1.3977004e+01
   1.3999255e+01
   1.4226184e+01
   1.4313175e+01
   1.4352413e+01
   1.4391972e+01
   1.4400834e+01
   1.4404476e+01
   1.4647600e+01
   1.4676064e+01
   1.4684080e+01
   1.4751043e+01
   1.4877357e+01
   1.4877389e+01
   1.5044330e+01
   1.5044330e+01
   1.5054384e+01
   1.5069129e+01
   1.5069129e+01
   1.5070502e+01
   1.5115011e+01
   1.5124816e+01
   1.5124816e+01
   1.5172672e+01
   1.5172672e+01
   1.5172672e+01
   1.5261665e+01
   1.5298122e+01
   1.5332703e+01
   1.5332703e+01
   1.5339645e+01
   1.5593234e+01
   1.5795783e+01
   1.5823363e+01
   1.5998918e+01
   1.5998918e+01
   1.5998918e+01
   1.5999236e+01
   1.6081869e+01
   1.6290968e+01
   1.6489806e+01
   1.6489806e+01
   1.6489806e+01
   1.6489806e+01
   1.6497481e+01
   1.6497481e+01
   1.6498409e+01
   1.6504239e+01
   1.6512524e+01
   1.6534486e+01
   1.6545998e+01
   1.6552328e+01
   1.6555912e+01
   1.6585872e+01
   1.6593969e+01
   1.6735714e+01
   1.6766959e+01
   1.6766959e+01
   1.6774522e+01
   1.6774522e+01
   1.6826739e+01
   1.6826739e+01
   1.6831949e+01
   1.6859441e+01
   1.6937353e+01
   1.6939674e+01
   1.7001927e+01
   1.7003445e+01
   1.7004560e+01
   1.7034289e+01
   1.7191654e+01
   1.7303294e+01
   1.7303971e+01
   1.7410248e+01
   1.7527902e+01
   1.7534980e+01
   1.7537738e+01
   1.7558206e+01
   1.7665958e+01
   1.7713391e+01
   1.7732022e+01
   1.7757238e+01
   1.7765476e+01
   1.7803839e+01
   1.7853838e+01
   1.7853838e+01
   1.7983757e+01
   1.7984930e+01
   1.8000276e+01
   1.8078723e+01
   1.8096290e+01
   1.8137767e+01
   1.8184645e+01
   1.8201086e+01
   1.8237329e+01
   1.8237329e+01
   1.8324382e+01
   1.8328323e+01
   1.8425579e+01
   1.8425579e+01
   1.8425594e+01
   1.8439180e+01
   1.8444320e+01
   1.8445775e+01
   1.8446948e+01
   1.8451358e+01
   1.8481531e+01
   1.8481531e+01
   1.8481531e+01
   1.8481531e+01
   1.8484961e+01
   1.8519338e+01
   1.8630904e+01
   1.8644820e+01
   1.8841172e+01
   1.8915641e+01
   1.9121843e+01
   1.9162807e+01
   1.9268867e+01
   1.9545420e+01
   1.9649459e+01
   1.9661628e+01
   1.9661628e+01
   1.9806715e+01
   1.9823638e+01
   1.9823705e+01
   1.9823705e+01
   1.9830477e+01
   1.9832358e+01
   1.9844876e+01
   1.9846059e+01
   1.9972054e+01
   2.0070494e+01
   2.0240291e+01
   2.0242555e+01
   2.0242555e+01
   2.0246317e+01
   2.0270015e+01
   2.0361589e+01
   2.0361589e+01
   2.0466811e+01
   2.0501304e+01
   2.0598523e+01
   2.0599064e+01
   2.0602057e+01
   2.0611667e+01
   2.0611667e+01
   2.0630803e+01
   2.0639114e+01
   2.0645832e+01
   2.0645832e+01
   2.0893358e+01
   2.1014218e+01
   2.1334238e+01
   2.1334238e+01
   2.1369810e+01
   2.1369810e+01
   2.1371236e+01
   2.1379953e+01
   2.1435097e+01
   2.1437510e+01
   2.1482422e+01
   2.1513033e+01
   2.1541644e+01
   2.1541693e+01
   2.1585221e+01
   2.1585221e+01
   2.1709018e+01
   2.1805189e+01
   2.1805189e+01
   2.1848918e+01
   2.1943077e+01
   2.1998684e+01
   2.2069496e+01
   2.2123653e+01
   2.2138979e+01
   2.2256123e+01
   2.2310608e+01
   2.2311088e+01
   2.2311088e+01
   2.2324801e+01
   2.2548261e+01
   2.2569083e+01
   2.2569083e+01
   2.2569083e+01
   2.2569083e+01
   2.2599328e+01
   2.2639866e+01
   2.2795368e+01
   2.2865963e+01
   2.2884166e+01
   2.2993426e+01
   2.3123148e+01
   2.3144496e+01
   2.3265890e+01
   2.3376935e+01
   2.3412995e+01
   2.3673479e+01
   2.3740747e+01
   2.3765863e+01
   2.3879780e+01
   2.3889707e+01
   2.3890140e+01
   2.3978420e+01
   2.3989558e+01
   2.3990410e+01
   2.4140324e+01
   2.4150017e+01
   2.4150260e+01
   2.4150260e+01
   2.4298500e+01
   2.4468449e+01
   2.4468449e+01
   2.4478632e+01
   2.4578154e+01
   2.4598902e+01
   2.4601663e+01
   2.4709399e+01
   2.4738932e+01
   2.4739015e+01
   2.4789314e+01
   2.4875257e+01
   2.5177162e+01
   2.5370660e+01
   2.5491432e+01
   2.5523801e+01
   2.5644280e+01
   2.5644280e+01
   2.5644280e+01
   2.5644280e+01
   2.5650682e+01
   2.5702645e+01
   2.5727864e+01
   2.5727864e+01
   2.5773090e+01
   2.5806011e+01
   2.5807061e+01
   2.5863212e+01
   2.5866550e+01
   2.5935913e+01
   2.6039678e+01
   2.6105794e+01
   2.6112633e+01
   2.6199870e+01
   2.6515262e+01
   2.6558296e+01
   2.6592874e+01
   2.6644679e+01
   2.6649546e+01
   2.6754784e+01
   2.6754784e+01
   2.6754784e+01
   2.6886335e+01
   2.6896383e+01
   2.6984881e+01
   2.6984882e+01
   2.7008312e+01
   2.7008312e+01
   2.7008312e+01
   2.7035722e+01
   2.7209612e+01
   2.7224271e+01
   2.7224271e+01
   2.7226549e+01
   2.7300668e+01
   2.7350154e+01
   2.7350154e+01
   2.7369632e+01
   2.7448080e+01
   2.7597824e+01
   2.7604875e+01
   2.7605784e+01
   2.7605852e+01
   2.7617344e+01
   2.7621922e+01
   2.7771214e+01
   2.7771214e+01
   2.7814141e+01
   2.7877684e+01
   2.8108402e+01
   2.8108402e+01
   2.8117099e+01
   2.8121629e+01
   2.8443849e+01
   2.8564253e+01
   2.8967654e+01
   2.8967654e+01
   2.8969288e+01
   2.8971968e+01
   2.9024303e+01
   2.9024303e+01
   2.9067524e+01
   2.9068066e+01
   2.9068083e+01
   2.9177388e+01
   2.9227701e+01
   2.9443550e+01
   2.9599781e+01
   2.9599781e+01
   2.9599781e+01
   2.9628757e+01
   2.9634744e+01
   2.9654289e+01
   2.9824198e+01
   2.9828288e+01
   2.9897893e+01
   3.0028695e+01
   3.0028695e+01
   3.0420045e+01
   3.0626015e+01
   3.0653370e+01
   3.0739727e+01
   3.0740190e+01
   3.0805273e+01
   3.0818352e+01
   3.0870341e+01
   3.0921723e+01
   3.0970234e+01
   3.0992745e+01
   3.1020120e+01
   3.1020120e+01
   3.1023979e+01
   3.1023979e+01
   3.1023979e+01
   3.1043523e+01
   3.1149223e+01
   3.1181869e+01
   3.1182408e+01
   3.1190855e+01
   3.1219247e+01
   3.1219247e+01
   3.1220072e+01
   3.1253145e+01
   3.1369533e+01
   3.1392677e+01
   3.1393275e+01
   3.1413848e+01
   3.1413848e+01
   3.1443794e+01
   3.1443794e+01
   3.1489654e+01
   3.1503113e+01
   3.1503113e+01
   3.1760887e+01
   3.1760887e+01
   3.1761765e+01
   3.1762546e+01
   3.2003999e+01
   3.2375598e+01
   3.2430135e+01
   3.2437082e+01
   3.2437082e+01
   3.2533295e+01
   3.2533295e+01
   3.2533295e+01
   3.2555978e+01
   3.2555978e+01
   3.2569113e+01
   3.2862645e+01
   3.2913575e+01
   3.2931420e+01
   3.2979449e+01
   3.3260657e+01
   3.3360107e+01
   3.3469151e+01
   3.3656396e+01
   3.3669307e+01
   3.3726304e+01
   3.4213563e+01
   3.4213563e+01
   3.4213563e+01
   3.4262071e+01
   3.4368059e+01
   3.4368059e+01
   3.4555731e+01
   3.4565567e+01
   3.4574987e+01
   3.4597598e+01
   3.4734716e+01
   3.4830619e+01
   3.4835789e+01
   3.4864661e+01
   3.4864948e+01
   3.4864948e+01
   3.4864948e+01
   3.4885292e+01
   3.4912726e+01
   3.4937075e+01
   3.5022316e+01
   3.5028181e+01
   3.5252085e+01
   3.5349677e+01
   3.5371028e+01
   3.5371028e+01
   3.5375064e+01
   3.5439323e+01
   3.5441216e+01
   3.5505163e+01
   3.5514796e+01
   3.5541883e+01
   3.5576257e+01
   3.5576257e+01
   3.5629062e+01
   3.5698476e+01
   3.5698476e+01
   3.5709995e+01
   3.5864026e+01
   3.6032389e+01
   3.6058518e+01
   3.6093969e+01
   3.6135120e+01
   3.6312002e+01
   3.6312002e+01
   3.6371770e+01
   3.6373510e+01
   3.6394011e+01
   3.6398687e+01
   3.6398687e+01
   3.6432537e+01
   3.6611819e+01
   3.6611819e+01
   3.6612228e+01
   3.6681628e+01
   3.6819169e+01
   3.6819313e+01
   3.6822948e+01
   3.6822955e+01
   3.6870770e+01
   3.6897927e+01
   3.6906833e+01
   3.6978477e+01
   3.6987819e+01
   3.7062191e+01
   3.7360771e+01
   3.7363351e+01
   3.7407236e+01
   3.7407236e+01
   3.7408133e+01
   3.7765437e+01
   3.7784154e+01
   3.7792108e+01
   3.7837036e+01
   3.7910218e+01
   3.7910218e+01
   3.7912877e+01
   3.7912877e+01
   3.7945238e+01
   3.8000471e+01
   3.8001831e+01
   3.8014750e+01
   3.8031099e+01
   3.8031099e+01
   3.8036452e+01
   3.8051212e+01
   3.8152140e+01
   3.8191357e+01
   3.8203710e+01
   3.8205275e+01
   3.8239598e+01
   3.8239598e+01
   3.8249819e+01
   3.8252898e+01
   3.8460167e+01
   3.8460167e+01
   3.8485823e+01
   3.8526536e+01
   3.8564494e+01
   3.8564494e+01
   3.8601510e+01
   3.8610692e+01
   3.8695557e+01
   3.8806729e+01
   3.8812194e+01
   3.8832638e+01
   3.8955844e+01
   3.8955844e+01
   3.8957743e+01
   3.8958799e+01
   3.9024478e+01
   3.9024478e+01
   3.9024869e+01
   3.9086128e+01
   3.9086128e+01
   3.9086128e+01
   3.9166856e+01
   3.9220744e+01
   3.9220744e+01
   3.9241721e+01
   3.9241721e+01
   3.9241721e+01
   3.9241721e+01
   3.9315149e+01
   3.9411452e+01
   3.9489365e+01
   3.9489365e+01
   3.9696311e+01
   3.9696311e+01
   3.9733576e+01
   3.9758724e+01
   3.9913715e+01
   4.0077086e+01
   4.0235775e+01
   4.0263042e+01
   4.0382009e+01
   4.0384499e+01
   4.0532449e+01
   4.0532449e+01
   4.0651483e+01
   4.0720125e+01
   4.0720137e+01
   4.0741920e+01
   4.0741920e+01
   4.0826785e+01
   4.1054616e+01
   4.1054616e+01
   4.1098088e+01
   4.1123890e+01
   4.1186199e+01
   4.1186199e+01
   4.1186199e+01
   4.1206538e+01
   4.1268350e+01
   4.1304688e+01
   4.1434621e+01
   4.1596759e+01
   4.1620848e+01
   4.1716526e+01
   4.1717253e+01
   4.1722777e+01
   4.1722777e+01
   4.1723559e+01
   4.1727178e+01
   4.1727178e+01
   4.1745432e+01
   4.1748929e+01
   4.1842736e+01
   4.1942806e+01
   4.2062336e+01
   4.2062336e+01
   4.2238861e+01
   4.2251676e+01
   4.2261828e+01
   4.2411848e+01
   4.2411848e+01
   4.2430512e+01
   4.2479969e+01
   4.2589901e+01
   4.2589901e+01
   4.2662820e+01
   4.2953582e+01
   4.2953582e+01
   4.2988470e+01
   4.2988470e+01
   4.2988470e+01
   4.2989685e+01
   4.2995037e+01
   4.3068948e+01
   4.3167011e+01
   4.3541207e+01
   4.3541207e+01
   4.3553981e+01
   4.3563035e+01
   4.3614522e+01
   4.3696232e+01
   4.3696232e+01
   4.3745725e+01
   4.3965133e+01
   4.4040149e+01
   4.4056113e+01
   4.4056113e+01
   4.4203838e+01
   4.4364224e+01
   4.4364224e+01
   4.4364224e+01
   4.4365509e+01
   4.4479645e+01
   4.4500097e+01
   4.4509549e+01
   4.4530841e+01
   4.4530841e+01
   4.4539627e+01
   4.4557761e+01
   4.4562577e+01
   4.4572870e+01
   4.4572873e+01
   4.4850925e+01
   4.4850925e+01
   4.4943669e+01
   4.4944629e+01
   4.4975283e+01
   4.4984423e+01
   4.4984719e+01
   4.4997528e+01
   4.4997837e+01
   4.5102878e+01
   4.5764948e+01
   4.5840253e+01
   4.5866331e+01
   4.5983889e+01
   4.6002490e+01
   4.6035229e+01
   4.6035229e+01
   4.6183916e+01
   4.6443024e+01
   4.6443024e+01
   4.6497309e+01
   4.6497309e+01
   4.6509249e+01
   4.6698727e+01
   4.6698727e+01
   4.6698727e+01
   4.6702031e+01
   4.6786694e+01
   4.6789139e+01
   4.6795635e+01
   4.6967108e+01
   4.6978043e+01
   4.7076266e+01
   4.7076266e+01
   4.7076990e+01
   4.7213142e+01
   4.7213142e+01
   4.7213594e+01
   4.7225195e+01
   4.7226713e+01
   4.7292019e+01
   4.7331575e+01
   4.7391147e+01
   4.7484752e+01
   4.7567737e+01
   4.7567737e+01
   4.7567737e+01
   4.7618536e+01
   4.7618536e+01
   4.7619499e+01
   4.7763083e+01
   4.7763083e+01
   4.7763083e+01
   4.7823306e+01
   4.7823306e+01
   4.7826485e+01
   4.7826485e+01
   4.7898220e+01
   4.7906778e+01
   4.7970966e+01
   4.8004506e+01
   4.8546246e+01
   4.8546246e+01
   4.8546246e+01
   4.8546246e+01
   4.8661888e+01
   4.8791680e+01
   4.8922488e+01
   4.8961999e+01
   4.8961999e+01
   4.8992322e+01
   4.9044695e+01
   4.9044695e+01
   4.9353210e+01
   4.9353210e+01
   4.9392632e+01
   4.9429364e+01
   4.9429364e+01
   4.9522497e+01
   4.9552015e+01
   4.9732705e+01
   4.9807013e+01
   4.9927248e+01
   4.9964017e+01
   4.9971981e+01
   4.9971981e+01
   5.0031968e+01
   5.0031968e+01
   5.0058654e+01
   5.0127818e+01
   5.0127823e+01
   5.0200161e+01
   5.0259335e+01
   5.0281797e+01
   5.0288506e+01
   5.0409622e+01
   5.0468010e+01
   5.0514269e+01
   5.0531840e+01
   5.0650497e+01
   5.0684733e+01
   5.0723309e+01
   5.0723309e+01
   5.0724128e+01
   5.0724128e+01
   5.0724128e+01
   5.0725175e+01
   5.0810435e+01
   5.0810435e+01
   5.0810469e+01
   5.0810469e+01
   5.0943157e+01
   5.0948761e+01
   5.0956195e+01
   5.1110648e+01
   5.1111040e+01
   5.1118840e+01
   5.1118840e+01
   5.1161735e+01
   5.1161735e+01
   5.1166453e+01
   5.1172539e+01
   5.1173791e+01
   5.1182126e+01
   5.1232668e+01
   5.1232668e+01
   5.1244049e+01
   5.1338615e+01
   5.1367616e+01
   5.1394526e+01
   5.1401494e+01
   5.1442598e+01
   5.1896005e+01
   5.1896005e+01
   5.1896034e+01
   5.1896034e+01
   5.1950623e+01
   5.1950623e+01
   5.1959538e+01
   5.2010191e+01
   5.2010191e+01
   5.2010191e+01
   5.2174594e+01
   5.2207281e+01
   5.2231559e+01
   5.2231559e+01
   5.2232855e+01
   5.2257973e+01
   5.2284603e+01
   5.2284974e+01
   5.2285269e+01
   5.2286261e+01
   5.2372931e+01
   5.2374341e+01
   5.2636865e+01
   5.2682355e+01
   5.2753280e+01
   5.2753280e+01
   5.2928343e+01
   5.2928343e+01
   5.3017037e+01
   5.3017037e+01
   5.3056226e+01
   5.3190483e+01
   5.3190483e+01
   5.3323315e+01
   5.3775677e+01
   5.3775677e+01
   5.3776823e+01
   5.3776823e+01
   5.3780718e+01
   5.3788783e+01
   5.3791911e+01
   5.3793261e+01
   5.3811025e+01
   5.4029595e+01
   5.4032910e+01
   5.4149590e+01
   5.4149590e+01
   5.4173211e+01
   5.4217035e+01
   5.4217035e+01
   5.4257932e+01
   5.4272834e+01
   5.4273815e+01
   5.4273924e+01
   5.4345356e+01
   5.4379393e+01
   5.4379393e+01
   5.4382693e+01
   5.4529797e+01
   5.4531179e+01
   5.4544000e+01
   5.4544000e+01
   5.4546182e+01
   5.4583558e+01
   5.4597557e+01
   5.4627755e+01
   5.4651245e+01
   5.4659725e+01
   5.4711674e+01
   5.4757179e+01
   5.4813165e+01
   5.4824850e+01
   5.4836626e+01
   5.4880647e+01
   5.4912506e+01
   5.5205040e+01
   5.5205040e+01
   5.5209995e+01
   5.5213625e+01
   5.5217051e+01
   5.5268016e+01
   5.5512851e+01
   5.5699199e+01
   5.5699457e+01
   5.5700724e+01
   5.5713762e+01
   5.5713762e+01
   5.5793883e+01
   5.5795625e+01
   5.5803071e+01
   5.5810086e+01
   5.5812887e+01
   5.5813767e+01
   5.5836464e+01
   5.5839126e+01
   5.6208656e+01
   5.6432200e+01
   5.6437076e+01
   5.6458085e+01
   5.6458273e+01
   5.6574681e+01
   5.6574806e+01
   5.6589545e+01
   5.6667339e+01
   5.6670725e+01
   5.6765106e+01
   5.6770487e+01
   5.6786197e+01
   5.6787025e+01
   5.6984475e+01
   5.6984475e+01
   5.6984475e+01
   5.7098061e+01
   5.7164548e+01
   5.7175422e+01
   5.7175422e+01
   5.7180662e+01
   5.7194224e+01
   5.7226609e+01
   5.7281324e+01
   5.7340473e+01
   5.7340473e+01
   5.7486649e+01
   5.7486649e+01
   5.7486649e+01
   5.7486649e+01
   5.7486649e+01
   5.7588339e+01
   5.7588339e+01
   5.7592780e+01
   5.7600808e+01
   5.7621583e+01
   5.7644535e+01
   5.7722089e+01
   5.7722089e+01
   5.7739066e+01
   5.7759552e+01
   5.7830651e+01
   5.7884652e+01
   5.7926622e+01
   5.7927487e+01
   5.8017860e+01
   5.8122414e+01
   5.8137241e+01
   5.8275942e+01
   5.8335485e+01
   5.8337787e+01
   5.8347508e+01
   5.8353298e+01
   5.8450355e+01
   5.8540008e+01
   5.8541256e+01
   5.8574485e+01
   5.8578989e+01
   5.8769053e+01
   5.8864355e+01
   5.8864415e+01
   5.9090199e+01
   5.9125363e+01
   5.9138717e+01
   5.9566608e+01
   5.9566608e+01
   5.9729028e+01
   5.9820098e+01
   5.9820098e+01
   5.9823413e+01
   5.9840675e+01
   5.9876352e+01
   5.9885095e+01
   5.9889705e+01
   5.9890105e+01
   6.0197352e+01
   6.0338329e+01
   6.0353538e+01
   6.0370685e+01
   6.0427551e+01
   6.0427551e+01
   6.0540762e+01
   6.0542689e+01
   6.0647153e+01
   6.0647831e+01
   6.0721782e+01
   6.0762560e+01
   6.0801136e+01
   6.0988910e+01
   6.1192460e+01
   6.1193403e+01
   6.1204716e+01
   6.1228759e+01
   6.1228759e+01
   6.1253289e+01
   6.1310199e+01
   6.1356987e+01
   6.1439678e+01
   6.1469169e+01
   6.1500805e+01
   6.1805666e+01
   6.2004815e+01
   6.2004815e+01
   6.2030082e+01
   6.2030082e+01
   6.2139206e+01
   6.2139206e+01
   6.2225148e+01
   6.2242144e+01
   6.2242146e+01
   6.2271376e+01
   6.2398270e+01
   6.2495529e+01
   6.2578278e+01
   6.2618263e+01
   6.2618263e+01
   6.2685556e+01
   6.2767314e+01
   6.2983857e+01
   6.2984361e+01
   6.3109043e+01
   6.3147781e+01
   6.3196101e+01
   6.3196101e+01
   6.3321356e+01
   6.3373683e+01
   6.3373683e+01
   6.3373683e+01
   6.3754102e+01
   6.3754102e+01
   6.3863191e+01
   6.3940546e+01
   6.4002157e+01
   6.4049128e+01
   6.4062634e+01
   6.4110675e+01
   6.4112644e+01
   6.4183243e+01
   6.4258247e+01
   6.4277718e+01
   6.4302259e+01
   6.4304143e+01
   6.4338032e+01
   6.4357538e+01
   6.4558589e+01
   6.4571440e+01
   6.4589195e+01
   6.4599899e+01
   6.4599899e+01
   6.4679016e+01
   6.4679016e+01
   6.4717293e+01
   6.4788568e+01
   6.4788568e+01
   6.4953909e+01
   6.4954003e+01
   6.4975996e+01
   6.5062038e+01
   6.5079406e+01
   6.5108818e+01
   6.5108818e+01
   6.5277878e+01
   6.5345536e+01
   6.5349655e+01
   6.5352857e+01
   6.5377088e+01
   6.5414779e+01
   6.5467614e+01
   6.5470613e+01
   6.5704546e+01
   6.5717214e+01
   6.5845909e+01
   6.5845909e+01
   6.5845909e+01
   6.5880226e+01
   6.5880251e+01
   6.5896789e+01
   6.5905155e+01
   6.5958510e+01
   6.5958510e+01
   6.5979809e+01
   6.6188073e+01
   6.6224395e+01
   6.6259823e+01
   6.6332976e+01
   6.6488082e+01
   6.6488082e+01
   6.6488082e+01
   6.6497329e+01
   6.6559932e+01
   6.6570956e+01
   6.6582074e+01
   6.6635178e+01
   6.6635178e+01
   6.6635178e+01
   6.6674177e+01
   6.6700815e+01
   6.6789492e+01
   6.6789492e+01
   6.6796669e+01
   6.6799243e+01
   6.6799243e+01
   6.6876343e+01
   6.6882618e+01
   6.6912695e+01
   6.6916092e+01
   6.6939403e+01
   6.6951827e+01
   6.6973564e+01
   6.6985238e+01
   6.7118254e+01
   6.7126493e+01
   6.7148851e+01
   6.7150912e+01
   6.7253159e+01
   6.7321984e+01
   6.7321984e+01
   6.7321984e+01
   6.7344822e+01
   6.7540128e+01
   6.7764519e+01
   6.7774993e+01
   6.7774993e+01
   6.7779945e+01
   6.7878578e+01
   6.7879323e+01
   6.7879323e+01
   6.7908214e+01
   6.8097393e+01
   6.8097393e+01
   6.8114353e+01
   6.8318810e+01
   6.8319366e+01
   6.8337216e+01
   6.8390739e+01
   6.8426476e+01
   6.8482336e+01
   6.8487251e+01
   6.8569311e+01
   6.8600836e+01
   6.8710423e+01
   6.8710423e+01
   6.8756497e+01
   6.8756497e+01
   6.8878399e+01
   6.8878560e+01
   6.9038680e+01
   6.9038680e+01
   6.9038680e+01
   6.9053483e+01
   6.9053864e+01
   6.9062770e+01
   6.9098554e+01
   6.9128176e+01
   6.9147298e+01
   6.9156922e+01
   6.9203101e+01
   6.9237574e+01
   6.9237611e+01
   6.9350654e+01
   6.9350654e+01
   6.9350654e+01
   6.9393415e+01
   6.9418534e+01
   6.9464849e+01
   6.9464849e+01
   6.9479295e+01
   6.9479440e+01
   6.9483814e+01
   6.9656810e+01
   6.9657629e+01
   6.9657629e+01
   6.9659937e+01
   6.9676262e+01
   6.9723814e+01
   6.9782468e+01
   6.9857717e+01
   6.9866247e+01
   6.9896820e+01
   7.0068821e+01
   7.0068821e+01
   7.0148293e+01
   7.0148293e+01
   7.0148707e+01
   7.0148763e+01
   7.0148763e+01
   7.0161903e+01
   7.0220775e+01
   7.0306571e+01
   7.0306571e+01
   7.0344204e+01
   7.0375136e+01
   7.0381626e+01
   7.0485872e+01
   7.0548236e+01
   7.0683043e+01
   7.0683043e+01
   7.0689150e+01
   7.0872636e+01
   7.1249575e+01
   7.1299785e+01
   7.1382846e+01
   7.1382846e+01
   7.1383321e+01
   7.1383321e+01
   7.1383321e+01
   7.1383321e+01
   7.1383758e+01
   7.1591301e+01
   7.2002651e+01
   7.2065298e+01
   7.2068469e+01
   7.2068469e+01
   7.2072082e+01
   7.2075128e+01
   7.2235971e+01
   7.2235971e+01
   7.2311142e+01
   7.2507216e+01
   7.2784871e+01
   7.2945763e+01
   7.2979953e+01
   7.2982519e+01
   7.3011183e+01
   7.3332770e+01
   7.3425835e+01
   7.3497622e+01
   7.3503881e+01
   7.3708798e+01
   7.3892817e+01
   7.3892817e+01
   7.3913065e+01
   7.3915912e+01
   7.4010754e+01
   7.4010754e+01
   7.4039290e+01
   7.4045980e+01
   7.4074121e+01
   7.4081994e+01
   7.4089026e+01
   7.4155829e+01
   7.4158778e+01
   7.4179557e+01
   7.4181640e+01
   7.4197490e+01
   7.4309148e+01
   7.4309148e+01
   7.4311233e+01
   7.4500475e+01
   7.4570171e+01
   7.4570171e+01
   7.4576051e+01
   7.4577200e+01
   7.4613563e+01
   7.4615772e+01
   7.4616679e+01
   7.4640053e+01
   7.4652460e+01
   7.4750736e+01
   7.4750736e+01
   7.4874957e+01
   7.4887151e+01
   7.5059763e+01
   7.5059763e+01
   7.5109181e+01
   7.5321527e+01
   7.5455098e+01
   7.5470754e+01
   7.5470754e+01
   7.5513806e+01
   7.5675155e+01
   7.5897093e+01
   7.5949231e+01
   7.5999610e+01
   7.6023680e+01
   7.6023680e+01
   7.6037038e+01
   7.6037038e+01
   7.6058339e+01
   7.6058339e+01
   7.6114337e+01
   7.6138125e+01
   7.6148629e+01
   7.6148629e+01
   7.6217736e+01
   7.6294110e+01
   7.6315015e+01
   7.6315015e+01
   7.6322167e+01
   7.6349867e+01
   7.6349883e+01
   7.6352356e+01
   7.6352415e+01
   7.6352649e+01
   7.6434769e+01
   7.6454937e+01
   7.6454937e+01
   7.6454937e+01
   7.6457117e+01
   7.6483283e+01
   7.6705612e+01
   7.6736672e+01
   7.6736672e+01
   7.6766169e+01
   7.6767187e+01
   7.6781773e+01
   7.6887923e+01
   7.6887923e+01
   7.6940090e+01
   7.7132615e+01
   7.7134583e+01
   7.7175519e+01
   7.7263763e+01
   7.7286868e+01
   7.7286868e+01
   7.7286868e+01
   7.7388321e+01
   7.7501168e+01
   7.7501301e+01
   7.7671295e+01
   7.7744445e+01
   7.7793486e+01
   7.7818838e+01
   7.7843035e+01
   7.7844408e+01
   7.7928603e+01
   7.7993250e+01
   7.7993250e+01
   7.8154712e+01
   7.8214412e+01
   7.8214952e+01
   7.8295863e+01
   7.8298068e+01
   7.8305909e+01
   7.8305909e+01
   7.8363032e+01
   7.8363464e+01
   7.8415622e+01
   7.8494615e+01
   7.8521002e+01
   7.8521002e+01
   7.8564374e+01
   7.8776755e+01
   7.8779395e+01
   7.8856596e+01
   7.8880017e+01
   7.8966893e+01
   7.8985027e+01
   7.8985027e+01
   7.8992652e+01
   7.8993816e+01
   7.9023680e+01
   7.9111880e+01
   7.9111880e+01
   7.9181737e+01
   7.9275304e+01
   7.9335354e+01
   7.9341750e+01
   7.9343220e+01
   7.9413224e+01
   7.9429892e+01
   7.9447200e+01
   7.9447200e+01
   7.9447200e+01
   7.9464901e+01
   7.9572073e+01
   7.9572073e+01
   7.9581328e+01
   7.9584266e+01
   7.9624259e+01
   7.9643786e+01
   7.9687418e+01
   7.9723267e+01
   7.9723454e+01
   7.9748091e+01
   7.9806651e+01
   8.0094068e+01
   8.0101512e+01
   8.0101515e+01
   8.0160561e+01
   8.0200559e+01
   8.0207579e+01
   8.0260306e+01
   8.0349530e+01
   8.0349530e+01
   8.0385234e+01
   8.0385325e+01
   8.0492770e+01
   8.0492770e+01
   8.0512486e+01
   8.0512486e+01
   8.0540545e+01
   8.0604852e+01
   8.0658621e+01
   8.0658621e+01
   8.0658621e+01
   8.0692881e+01
   8.0694097e+01
   8.0736627e+01
   8.0770158e+01
   8.0794276e+01
   8.0803850e+01
   8.0804088e+01
   8.0849925e+01
   8.0880881e+01
   8.0880881e+01
   8.0897263e+01
   8.0901855e+01
   8.0934966e+01
   8.0936498e+01
   8.1082282e+01
   8.1382113e+01
   8.1516420e+01
   8.1536502e+01
   8.1572852e+01
   8.1613891e+01
   8.1633492e+01
   8.1705414e+01
   8.1705723e+01
   8.1755583e+01
   8.1858486e+01
   8.1858486e+01
   8.2015255e+01
   8.2147177e+01
   8.2242431e+01
   8.2442742e+01
   8.2551362e+01
   8.2589925e+01
   8.2610192e+01
   8.2610192e+01
   8.2612031e+01
   8.2615195e+01
   8.2634018e+01
   8.2800026e+01
   8.2800026e+01
   8.2800026e+01
   8.2834199e+01
   8.2836640e+01
   8.2840741e+01
   8.2840741e+01
   8.2857799e+01
   8.2858292e+01
   8.2859540e+01
   8.3166592e+01
   8.3298537e+01
   8.3437257e+01
   8.3494044e+01
   8.3652259e+01
   8.3652259e+01
   8.3660652e+01
   8.3660652e+01
   8.3685574e+01
   8.3685616e+01
   8.3685616e+01
   8.3685616e+01
   8.3706410e+01
   8.3780638e+01
   8.4014631e+01
   8.4054069e+01
   8.4072302e+01
   8.4352785e+01
   8.5003290e+01
   8.5003290e+01
   8.5134439e+01
   8.5244136e+01
   8.5247085e+01
   8.5249012e+01
   8.5251299e+01
   8.5284620e+01
   8.5513063e+01
   8.5840597e+01
   8.5962823e+01
   8.6063594e+01
   8.6074988e+01
   8.6076267e+01
   8.6152724e+01
   8.6158262e+01
   8.6158262e+01
   8.6159702e+01
   8.6176464e+01
   8.6200343e+01
   8.6364072e+01
   8.6384385e+01
   8.6392524e+01
   8.6397543e+01
   8.6403749e+01
   8.6403904e+01
   8.6404742e+01
   8.6434445e+01
   8.6514297e+01
   8.6523724e+01
   8.6523724e+01
   8.6526776e+01
   8.6532873e+01
   8.6532873e+01
   8.6631594e+01
   8.6639979e+01
   8.6658758e+01
   8.6686126e+01
   8.6833140e+01
   8.6848660e+01
   8.6880596e+01
   8.6941455e+01
   8.7092718e+01
   8.7092718e+01
   8.7092718e+01
   8.7124383e+01
   8.7162419e+01
   8.7162419e+01
   8.7162419e+01
   8.7162595e+01
   8.7162595e+01
   8.7168615e+01
   8.7229362e+01
   8.7230078e+01
   8.7315759e+01
   8.7315874e+01
   8.7370497e+01
   8.7589224e+01
   8.7598367e+01
   8.7598386e+01
   8.7686116e+01
   8.7686116e+01
   8.7699968e+01
   8.7727761e+01
   8.7727761e+01
   8.7736581e+01
   8.7736581e+01
   8.7755624e+01
   8.7755624e+01
   8.7762419e+01
   8.7776394e+01
   8.7788419e+01
   8.7788419e+01
   8.7796655e+01
   8.7805156e+01
   8.7934668e+01
   8.7934700e+01
   8.8352525e+01
   8.8352525e+01
   8.8376393e+01
   8.8376393e+01
   8.8376595e+01
   8.8382054e+01
   8.8424860e+01
   8.8756532e+01
   8.9082855e+01
   8.9097123e+01
   8.9097123e+01
   8.9097123e+01
   8.9101854e+01
   8.9101974e+01
   8.9155342e+01
   8.9201124e+01
   8.9364081e+01
   8.9438667e+01
   8.9648656e+01
   8.9655741e+01
   8.9655741e+01
   8.9814123e+01
   8.9814123e+01
   8.9846781e+01
   8.9846786e+01
   8.9927811e+01
   8.9946445e+01
   8.9951828e+01
   9.0159576e+01
   9.0161635e+01
   9.0161635e+01
   9.0228407e+01
   9.0249656e+01
   9.0428124e+01
   9.0445956e+01
   9.0446966e+01
   9.0449322e+01
   9.0482377e+01
   9.0482377e+01
   9.0482377e+01
   9.0487955e+01
   9.0603986e+01
   9.0619851e+01
   9.0624703e+01
   9.0642229e+01
   9.0674463e+01
   9.0706661e+01
   9.1135460e+01
   9.1135460e+01
   9.1138200e+01
   9.1138200e+01
   9.1138200e+01
   9.1151915e+01
   9.1332976e+01
   9.1467783e+01
   9.1504494e+01
   9.1534667e+01
   9.1664914e+01
   9.1692475e+01
   9.1692475e+01
   9.1695244e+01
   9.1736388e+01
   9.1740434e+01
   9.1740434e+01
   9.2007540e+01
   9.2142985e+01
   9.2144541e+01
   9.2278048e+01
   9.2478797e+01
   9.2534613e+01
   9.2534613e+01
   9.2580445e+01
   9.2596520e+01
   9.2611110e+01
   9.2812107e+01
   9.3026742e+01
   9.3029950e+01
   9.3032214e+01
   9.3032224e+01
   9.3099235e+01
   9.3106523e+01
   9.3142764e+01
   9.3142764e+01
   9.3342228e+01
   9.3342228e+01
   9.3359356e+01
   9.3359356e+01
   9.3364362e+01
   9.3392248e+01
   9.3484311e+01
   9.3895160e+01
   9.4084309e+01
   9.4102264e+01
   9.4102264e+01
   9.4123591e+01
   9.4228615e+01
   9.4232070e+01
   9.4391380e+01
   9.4391380e+01
   9.4398333e+01
   9.4437090e+01
   9.4526682e+01
   9.4544040e+01
   9.4544040e+01
   9.4559640e+01
   9.4624716e+01
   9.4633780e+01
   9.4705257e+01
   9.4766848e+01
   9.4796279e+01
   9.4956670e+01
   9.4956670e+01
   9.4963212e+01
   9.4964278e+01
   9.5016322e+01
   9.5195725e+01
   9.5195725e+01
   9.5195725e+01
   9.5195725e+01
   9.5414390e+01
   9.5434588e+01
   9.5450895e+01
   9.5450895e+01
   9.5624720e+01
   9.5624720e+01
   9.5847331e+01
   9.5907272e+01
   9.5908624e+01
   9.5908624e+01
   9.5932412e+01
   9.5932653e+01
   9.5942572e+01
   9.5980772e+01
   9.5998720e+01
   9.6008149e+01
   9.6037778e+01
   9.6068714e+01
   9.6068714e+01
   9.6179149e+01
   9.6179149e+01
   9.6179149e+01
   9.6213917e+01
   9.6365394e+01
   9.6417050e+01
   9.6418476e+01
   9.6523882e+01
   9.6523882e+01
   9.6559385e+01
   9.6609442e+01
   9.6651520e+01
   9.6883515e+01
   9.7252369e+01
   9.7252369e+01
   9.7252369e+01
   9.7385588e+01
   9.7385588e+01
   9.7417159e+01
   9.7417872e+01
   9.7437757e+01
   9.7459279e+01
   9.7461340e+01
   9.7631294e+01
   9.7725454e+01
   9.7733167e+01
   9.7863013e+01
   9.7929076e+01
   9.7955459e+01
   9.8043839e+01
   9.8217317e+01
   9.8217317e+01
   9.8217317e+01
   9.8276209e+01
   9.8365162e+01
   9.8373529e+01
   9.8386777e+01
   9.8386906e+01
   9.8431107e+01
   9.8467229e+01
   9.8490751e+01
   9.8492197e+01
   9.8494173e+01
   9.8508972e+01
   9.8514390e+01
   9.8523538e+01
   9.8577852e+01
   9.8581818e+01
   9.8586744e+01
   9.8719818e+01
   9.8948949e+01
   9.9006201e+01
   9.9006207e+01
   9.9015482e+01
   9.9021781e+01
   9.9221518e+01
   9.9267534e+01
   9.9308473e+01
   9.9308473e+01
   9.9432727e+01
   9.9432727e+01
   9.9532861e+01
   9.9532861e+01
   9.9543521e+01
   9.9657828e+01
   9.9716588e+01
   9.9716588e+01
   9.9720925e+01
   9.9775650e+01
   9.9792168e+01
   9.9817090e+01
   9.9969841e+01
   9.9969841e+01
   9.9997945e+01
   9.9998025e+01
   9.9998025e+01
   1.0002768e+02
   1.0005625e+02
   1.0011363e+02
   1.0028164e+02
   1.0028164e+02
   1.0030220e+02
   1.0030258e+02
   1.0030279e+02
   1.0035725e+02
   1.0035725e+02
   1.0049747e+02
   1.0049747e+02
   1.0051457e+02
   1.0051457e+02
   1.0051457e+02
   1.0052085e+02
   1.0052085e+02
   1.0052282e+02
   1.0057173e+02
   1.0057177e+02
   1.0057905e+02
   1.0063300e+02
   1.0064460e+02
   1.0069415e+02
   1.0071934e+02
   1.0071934e+02
   1.0075630e+02
   1.0083159e+02
   1.0083303e+02
   1.0090207e+02
   1.0090214e+02
   1.0090266e+02
   1.0108992e+02
   1.0108992e+02
   1.0110870e+02
   1.0113804e+02
   1.0115661e+02
   1.0119065e+02
   1.0121855e+02
   1.0121855e+02
   1.0122282e+02
   1.0122289e+02
   1.0122293e+02
   1.0122590e+02
   1.0122769e+02
   1.0132999e+02
   1.0142634e+02
   1.0142634e+02
   1.0142671e+02
   1.0152515e+02
   1.0152515e+02
   1.0152945e+02
   1.0155331e+02
   1.0155331e+02
   1.0155583e+02
   1.0155615e+02
   1.0160025e+02
   1.0160025e+02
   1.0161889e+02
   1.0169898e+02
   1.0170912e+02
   1.0170966e+02
   1.0170966e+02
   1.0172182e+02
   1.0172182e+02
   1.0182836e+02
   1.0186033e+02
   1.0186359e+02
   1.0193964e+02
   1.0194832e+02
   1.0194938e+02
   1.0195089e+02
   1.0197325e+02
   1.0205019e+02
   1.0205019e+02
   1.0205657e+02
   1.0211675e+02
   1.0211675e+02
   1.0211685e+02
   1.0214131e+02
   1.0214131e+02
   1.0223035e+02
   1.0225704e+02
   1.0232437e+02
   1.0232437e+02
   1.0251581e+02
   1.0260080e+02
   1.0262454e+02
   1.0263824e+02
   1.0265016e+02
   1.0266114e+02
   1.0269241e+02
   1.0269241e+02
   1.0269772e+02
   1.0270503e+02
   1.0280496e+02
   1.0280496e+02
   1.0291953e+02
   1.0295431e+02
   1.0295431e+02
   1.0315685e+02
   1.0320910e+02
   1.0320910e+02
   1.0328743e+02
   1.0328917e+02
   1.0331885e+02
   1.0332864e+02
   1.0337843e+02
   1.0342635e+02
   1.0347415e+02
   1.0347415e+02
   1.0347415e+02
   1.0353139e+02
   1.0353139e+02
   1.0363156e+02
   1.0363156e+02
   1.0364020e+02
   1.0371923e+02
   1.0376883e+02
   1.0385380e+02
   1.0388029e+02
   1.0388029e+02
   1.0390454e+02
   1.0391362e+02
   1.0391400e+02
   1.0393090e+02
   1.0395151e+02
   1.0395335e+02
   1.0396026e+02
   1.0404026e+02
   1.0404026e+02
   1.0408897e+02
   1.0409064e+02
   1.0415135e+02
   1.0415135e+02
   1.0421318e+02
   1.0423369e+02
   1.0424566e+02
   1.0424757e+02
   1.0435321e+02
   1.0437896e+02
   1.0441259e+02
   1.0447596e+02
   1.0447596e+02
   1.0447596e+02
   1.0447596e+02
   1.0447609e+02
   1.0453979e+02
   1.0453979e+02
   1.0453979e+02
   1.0458255e+02
   1.0458255e+02
   1.0470880e+02
   1.0480157e+02
   1.0481866e+02
   1.0486002e+02
   1.0520756e+02
   1.0525843e+02
   1.0525843e+02
   1.0528963e+02
   1.0528966e+02
   1.0529677e+02
   1.0531142e+02
   1.0531991e+02
   1.0531991e+02
   1.0532439e+02
   1.0569566e+02
   1.0569566e+02
   1.0569566e+02
   1.0579506e+02
   1.0579506e+02
   1.0579506e+02
   1.0588516e+02
   1.0588750e+02
   1.0596355e+02
   1.0604013e+02
   1.0604048e+02
   1.0606285e+02
   1.0618495e+02
   1.0623442e+02
   1.0633105e+02
   1.0633105e+02
   1.0644644e+02
   1.0658821e+02
   1.0659384e+02
   1.0659950e+02
   1.0660756e+02
   1.0661985e+02
   1.0662070e+02
   1.0665509e+02
   1.0665509e+02
   1.0665633e+02
   1.0676706e+02
   1.0683987e+02
   1.0684002e+02
   1.0698287e+02
   1.0698287e+02
   1.0699615e+02
   1.0699615e+02
   1.0699837e+02
   1.0699843e+02
   1.0704402e+02
   1.0708607e+02
   1.0709027e+02
   1.0709027e+02
   1.0732778e+02
   1.0732792e+02
   1.0733688e+02
   1.0736993e+02
   1.0755996e+02
   1.0756004e+02
   1.0765816e+02
   1.0782781e+02
   1.0789823e+02
   1.0796555e+02
   1.0811527e+02
   1.0814472e+02
   1.0853376e+02
   1.0855912e+02
   1.0856617e+02
   1.0856617e+02
   1.0856774e+02
   1.0874336e+02
   1.0887633e+02
   1.0892384e+02
   1.0897077e+02
   1.0897077e+02
   1.0898027e+02
   1.0900577e+02
   1.0915608e+02
   1.0916914e+02
   1.0918693e+02
   1.0918693e+02
   1.0929026e+02
   1.0944487e+02
   1.0953381e+02
   1.0955858e+02
   1.0956046e+02
   1.0956076e+02
   1.0972594e+02
   1.0983427e+02
   1.0983789e+02
   1.0985963e+02
   1.0985963e+02
   1.0985963e+02
   1.0991014e+02
   1.0993437e+02
   1.0997049e+02
   1.0997049e+02
   1.1005946e+02
   1.1006142e+02
   1.1006613e+02
   1.1012187e+02
   1.1018576e+02
   1.1018576e+02
   1.1033083e+02
   1.1035101e+02
   1.1039725e+02
   1.1040392e+02
   1.1047616e+02
   1.1047616e+02
   1.1074409e+02
   1.1074409e+02
   1.1075286e+02
   1.1075782e+02
   1.1093257e+02
   1.1121945e+02
   1.1121945e+02
   1.1129916e+02
   1.1130718e+02
   1.1132196e+02
   1.1132318e+02
   1.1132626e+02
   1.1162084e+02
   1.1162084e+02
   1.1162428e+02
   1.1162428e+02
   1.1179611e+02
   1.1183817e+02
   1.1195919e+02
   1.1202089e+02
   1.1202089e+02
   1.1203618e+02
   1.1203618e+02
   1.1204123e+02
   1.1209412e+02
   1.1211587e+02
