   2.0486700e-01
   4.4565200e-01
   6.8306300e-01
   9.1962800e-01
   1.1574180e+00
   1.3780480e+00
   1.5567610e+00
   1.7363620e+00
   1.9173630e+00
   2.0959340e+00
   2.2760570e+00
   2.4550920e+00
   2.6343390e+00
   2.8123530e+00
   2.9907340e+00
   3.1702720e+00
   3.3477300e+00
   3.5260770e+00
   3.7056000e+00
   3.8918520e+00
   4.1116990e+00
   4.3284600e+00
   4.5257890e+00
   4.7212280e+00
   4.8984870e+00
   5.0780250e+00
   5.2586530e+00
   5.4364010e+00
   5.6155020e+00
   5.7929300e+00
   5.9725070e+00
   6.1527910e+00
   6.3390680e+00
   6.5592010e+00
   6.7761760e+00
   6.9904150e+00
   7.1985580e+00
   7.3782710e+00
   7.5570330e+00
   7.7352900e+00
   7.9141340e+00
   8.0925860e+00
   8.2730700e+00
   8.4521090e+00
   8.6318930e+00
   8.8072020e+00
   8.9865680e+00
   9.1668980e+00
   9.3444800e+00
   9.5242770e+00
   9.7020080e+00
   9.8818060e+00
   1.0061585e+01
   1.0240256e+01
   1.0418342e+01
   1.0596493e+01
   1.0774746e+01
   1.0953485e+01
   1.1131491e+01
   1.1311853e+01
   1.1489248e+01
   1.1668141e+01
   1.1848022e+01
   1.2025761e+01
   1.2205098e+01
   1.2381900e+01
   1.2562358e+01
   1.2740843e+01
   1.2919826e+01
   1.3099769e+01
   1.3277592e+01
   1.3458862e+01
   1.3638183e+01
   1.3815522e+01
   1.3994509e+01
   1.4173989e+01
   1.4353274e+01
   1.4531477e+01
   1.4710616e+01
   1.4889375e+01
   1.5068849e+01
   1.5246826e+01
   1.5426976e+01
   1.5606781e+01
   1.5784341e+01
   1.5962237e+01
   1.6140158e+01
   1.6317581e+01
   1.6496245e+01
   1.6674374e+01
   1.6853280e+01
   1.7033321e+01
   1.7211540e+01
   1.7390714e+01
   1.7568178e+01
   1.7747586e+01
   1.7926194e+01
   1.8103488e+01
   1.8281447e+01
   1.8460024e+01
   1.8638806e+01
   1.8816430e+01
   1.8995792e+01
   1.9175098e+01
   1.9354090e+01
   1.9533920e+01
   1.9711390e+01
   1.9889284e+01
   2.0068690e+01
   2.0248450e+01
   2.0425620e+01
   2.0604421e+01
   2.0782368e+01
   2.0959854e+01
   2.1137514e+01
   2.1315144e+01
   2.1492625e+01
   2.1669900e+01
   2.1846800e+01
   2.2025505e+01
   2.2203569e+01
   2.2380570e+01
   2.2559249e+01
   2.2737111e+01
   2.2915772e+01
   2.3096511e+01
   2.3277393e+01
   2.3456359e+01
   2.3635456e+01
   2.3814596e+01
   2.3992586e+01
   2.4170208e+01
   2.4351346e+01
   2.4530408e+01
   2.4710727e+01
   2.4888809e+01
   2.5067264e+01
   2.5243956e+01
   2.5422024e+01
   2.5603679e+01
   2.5783445e+01
   2.5962084e+01
   2.6139983e+01
   2.6323492e+01
   2.6507439e+01
   2.6693120e+01
   2.6878017e+01
   2.7054776e+01
   2.7233398e+01
   2.7411288e+01
   2.7588470e+01
   2.7768091e+01
   2.7946679e+01
   2.8125429e+01
   2.8302741e+01
   2.8481339e+01
   2.8661532e+01
   2.8839786e+01
   2.9017391e+01
   2.9194235e+01
   2.9373514e+01
   2.9552068e+01
   2.9732169e+01
   2.9912293e+01
   3.0090643e+01
   3.0267785e+01
   3.0446498e+01
   3.0623824e+01
   3.0805679e+01
   3.0984067e+01
   3.1164161e+01
   3.1343560e+01
   3.1521744e+01
   3.1700140e+01
   3.1877617e+01
   3.2055722e+01
   3.2234127e+01
   3.2411243e+01
   3.2589503e+01
   3.2769097e+01
   3.2947472e+01
   3.3126851e+01
   3.3306200e+01
   3.3484626e+01
   3.3661467e+01
   3.3842107e+01
   3.4019229e+01
   3.4198802e+01
   3.4375519e+01
   3.4553355e+01
   3.4731856e+01
   3.4910223e+01
   3.5088316e+01
   3.5264911e+01
   3.5442717e+01
   3.5621201e+01
   3.5799666e+01
   3.5978323e+01
   3.6155665e+01
   3.6333777e+01
   3.6512904e+01
   3.6690359e+01
   3.6870618e+01
   3.7049615e+01
   3.7228660e+01
   3.7407246e+01
   3.7585079e+01
   3.7762925e+01
   3.7939513e+01
   3.8118161e+01
   3.8294865e+01
   3.8472107e+01
   3.8652411e+01
   3.8830851e+01
   3.9009187e+01
   3.9186479e+01
   3.9365114e+01
   3.9542562e+01
   3.9722175e+01
   3.9901481e+01
   4.0080071e+01
   4.0257734e+01
   4.0436838e+01
   4.0615140e+01
   4.0795246e+01
   4.0972603e+01
   4.1150713e+01
   4.1330086e+01
   4.1508812e+01
   4.1687269e+01
   4.1864938e+01
   4.2045388e+01
   4.2225085e+01
   4.2402863e+01
   4.2581895e+01
   4.2761157e+01
   4.2939219e+01
   4.3116794e+01
   4.3294134e+01
   4.3472714e+01
   4.3649402e+01
   4.3827675e+01
   4.4005888e+01
   4.4184057e+01
   4.4361986e+01
   4.4540790e+01
   4.4719827e+01
   4.4899345e+01
   4.5077127e+01
   4.5253404e+01
   4.5432264e+01
   4.5610984e+01
   4.5788939e+01
   4.5966971e+01
   4.6145371e+01
   4.6322237e+01
   4.6499902e+01
   4.6677587e+01
   4.6855319e+01
   4.7034104e+01
   4.7212113e+01
   4.7388757e+01
   4.7566693e+01
   4.7745235e+01
   4.7922896e+01
   4.8101595e+01
   4.8280070e+01
   4.8456023e+01
   4.8635485e+01
   4.8812910e+01
   4.8991659e+01
   4.9166155e+01
   4.9345013e+01
   4.9523170e+01
   4.9699131e+01
   4.9879439e+01
   5.0057014e+01
   5.0233714e+01
   5.0412245e+01
   5.0590392e+01
   5.0771280e+01
   5.0949869e+01
   5.1126768e+01
   5.1305437e+01
   5.1481657e+01
   5.1658818e+01
   5.1836132e+01
   5.2015587e+01
   5.2193772e+01
   5.2389001e+01
   5.2608950e+01
   5.2827324e+01
   5.3021885e+01
   5.3199482e+01
   5.3377527e+01
   5.3556950e+01
   5.3735567e+01
   5.3913007e+01
   5.4090091e+01
   5.4269013e+01
   5.4447814e+01
   5.4625006e+01
   5.4805958e+01
   5.4984552e+01
   5.5163423e+01
   5.5342661e+01
   5.5525175e+01
   5.5702642e+01
   5.5881377e+01
   5.6062333e+01
   5.6238741e+01
   5.6417216e+01
   5.6594098e+01
   5.6770999e+01
   5.6948799e+01
   5.7126707e+01
   5.7304773e+01
   5.7489270e+01
   5.7675686e+01
   5.7854315e+01
   5.8031887e+01
   5.8210773e+01
   5.8389126e+01
   5.8570509e+01
   5.8746331e+01
   5.8922498e+01
   5.9099674e+01
   5.9277276e+01
   5.9455221e+01
   5.9632143e+01
   5.9831795e+01
   6.0049996e+01
   6.0267771e+01
   6.0478160e+01
   6.0687445e+01
   6.0876094e+01
   6.1053872e+01
   6.1232978e+01
   6.1408579e+01
   6.1586431e+01
   6.1764242e+01
   6.1943186e+01
   6.2125683e+01
   6.2336874e+01
   6.2553156e+01
   6.2754270e+01
   6.2953964e+01
   6.3134309e+01
   6.3313787e+01
   6.3493804e+01
   6.3673156e+01
   6.3850631e+01
   6.4030777e+01
   6.4208757e+01
   6.4387136e+01
   6.4563549e+01
   6.4741186e+01
   6.4921045e+01
   6.5098127e+01
   6.5277080e+01
   6.5454583e+01
   6.5632286e+01
   6.5810929e+01
   6.5988200e+01
   6.6167332e+01
   6.6345085e+01
   6.6525073e+01
   6.6703289e+01
   6.6881657e+01
   6.7059691e+01
   6.7238293e+01
   6.7417604e+01
   6.7595696e+01
   6.7773186e+01
   6.7951577e+01
   6.8128046e+01
   6.8309129e+01
   6.8486888e+01
   6.8666093e+01
   6.8845594e+01
   6.9022646e+01
   6.9201239e+01
   6.9380230e+01
   6.9556355e+01
   6.9735195e+01
   6.9912855e+01
   7.0090272e+01
   7.0268627e+01
   7.0447704e+01
   7.0627455e+01
   7.0804273e+01
   7.0982375e+01
   7.1159262e+01
   7.1338610e+01
   7.1517093e+01
   7.1694621e+01
   7.1875004e+01
   7.2053118e+01
   7.2230529e+01
   7.2407408e+01
   7.2585611e+01
   7.2761862e+01
   7.2939861e+01
   7.3118235e+01
   7.3296127e+01
   7.3473941e+01
   7.3653532e+01
   7.3832200e+01
   7.4011141e+01
   7.4188607e+01
   7.4366829e+01
   7.4544196e+01
   7.4721198e+01
   7.4899669e+01
   7.5078338e+01
   7.5256377e+01
   7.5435437e+01
   7.5610998e+01
   7.5791702e+01
   7.5967881e+01
   7.6146981e+01
   7.6324213e+01
   7.6501990e+01
   7.6681496e+01
   7.6859906e+01
   7.7038403e+01
   7.7216143e+01
   7.7396249e+01
   7.7573716e+01
   7.7750552e+01
   7.7929287e+01
   7.8106460e+01
   7.8286594e+01
   7.8463546e+01
   7.8640424e+01
   7.8819389e+01
   7.8997097e+01
   7.9175295e+01
   7.9354676e+01
   7.9532533e+01
   7.9709418e+01
   7.9887239e+01
   8.0066660e+01
   8.0244372e+01
   8.0421558e+01
   8.0600673e+01
   8.0780289e+01
   8.0959774e+01
   8.1139290e+01
   8.1316109e+01
   8.1495453e+01
   8.1672929e+01
   8.1852370e+01
   8.2031093e+01
   8.2211467e+01
   8.2390209e+01
   8.2569159e+01
   8.2746688e+01
   8.2924196e+01
   8.3102774e+01
   8.3280391e+01
   8.3457523e+01
   8.3635266e+01
   8.3814080e+01
   8.3993171e+01
   8.4170462e+01
   8.4354796e+01
   8.4535024e+01
   8.4711766e+01
   8.4891032e+01
   8.5069853e+01
   8.5249242e+01
   8.5426376e+01
   8.5604594e+01
   8.5784612e+01
   8.5963043e+01
   8.6142820e+01
   8.6321357e+01
   8.6499640e+01
   8.6678215e+01
   8.6856453e+01
   8.7035964e+01
   8.7214840e+01
   8.7392436e+01
   8.7571337e+01
   8.7748019e+01
   8.7926715e+01
   8.8104664e+01
   8.8282760e+01
   8.8461437e+01
   8.8640112e+01
   8.8818689e+01
   8.8999234e+01
   8.9178948e+01
   8.9357210e+01
   8.9534792e+01
   8.9713901e+01
   8.9891274e+01
   9.0069154e+01
   9.0247570e+01
   9.0426117e+01
   9.0605206e+01
   9.0783702e+01
   9.0963903e+01
   9.1142494e+01
   9.1319206e+01
   9.1498507e+01
   9.1675942e+01
   9.1853462e+01
   9.2031218e+01
   9.2208814e+01
   9.2389461e+01
   9.2567607e+01
   9.2746949e+01
   9.2924302e+01
   9.3104971e+01
   9.3283229e+01
   9.3460785e+01
   9.3639267e+01
   9.3817222e+01
   9.3996202e+01
   9.4175445e+01
   9.4353635e+01
   9.4532787e+01
   9.4712479e+01
   9.4892454e+01
   9.5070577e+01
   9.5249305e+01
   9.5429976e+01
   9.5607092e+01
   9.5785238e+01
   9.5961852e+01
   9.6140566e+01
   9.6317672e+01
   9.6495329e+01
   9.6675052e+01
   9.6853753e+01
   9.7032654e+01
   9.7212280e+01
   9.7390682e+01
   9.7568667e+01
   9.7745439e+01
   9.7925186e+01
   9.8104198e+01
   9.8282648e+01
   9.8460100e+01
   9.8638624e+01
   9.8818917e+01
   9.8996025e+01
   9.9173612e+01
   9.9352418e+01
   9.9529894e+01
   9.9709642e+01
   9.9887235e+01
   1.0006854e+02
   1.0024517e+02
   1.0042266e+02
   1.0060257e+02
   1.0077829e+02
   1.0095749e+02
   1.0113571e+02
   1.0131584e+02
   1.0149268e+02
   1.0167108e+02
   1.0184917e+02
   1.0202705e+02
   1.0220558e+02
   1.0238430e+02
   1.0256135e+02
   1.0273978e+02
   1.0291754e+02
   1.0309549e+02
   1.0327451e+02
   1.0345476e+02
   1.0363270e+02
   1.0381158e+02
   1.0398982e+02
   1.0416913e+02
   1.0434869e+02
   1.0452659e+02
   1.0470494e+02
   1.0488169e+02
   1.0505871e+02
   1.0523556e+02
   1.0541442e+02
   1.0559398e+02
   1.0577184e+02
   1.0594865e+02
   1.0612731e+02
   1.0630341e+02
   1.0648138e+02
   1.0666250e+02
   1.0684171e+02
   1.0701944e+02
   1.0719725e+02
   1.0737520e+02
   1.0755318e+02
   1.0773104e+02
   1.0790868e+02
   1.0808632e+02
   1.0826568e+02
   1.0844204e+02
   1.0861974e+02
   1.0879876e+02
   1.0897632e+02
   1.0916876e+02
   1.0938705e+02
   1.0960488e+02
   1.0982319e+02
   1.1003966e+02
   1.1021776e+02
   1.1039560e+02
   1.1057497e+02
   1.1075363e+02
   1.1093180e+02
   1.1111045e+02
   1.1128934e+02
   1.1147257e+02
   1.1165132e+02
   1.1183167e+02
   1.1200919e+02
   1.1218597e+02
   1.1236370e+02
   1.1254293e+02
   1.1272117e+02
   1.1290034e+02
   1.1307898e+02
   1.1325634e+02
   1.1343558e+02
   1.1361626e+02
   1.1379413e+02
   1.1397293e+02
   1.1415092e+02
   1.1432903e+02
   1.1450847e+02
   1.1468670e+02
   1.1486560e+02
   1.1504374e+02
   1.1522316e+02
   1.1540222e+02
   1.1558759e+02
   1.1577341e+02
   1.1596153e+02
   1.1614684e+02
   1.1636524e+02
   1.1658526e+02
   1.1679984e+02
   1.1701277e+02
   1.1720778e+02
   1.1740116e+02
   1.1757955e+02
   1.1775738e+02
   1.1793739e+02
   1.1811437e+02
   1.1829209e+02
   1.1847149e+02
   1.1864861e+02
   1.1882719e+02
   1.1904537e+02
   1.1926029e+02
   1.1946934e+02
   1.1967550e+02
   1.1987924e+02
   1.2008460e+02
   1.2026414e+02
   1.2044122e+02
   1.2061990e+02
   1.2079737e+02
   1.2097610e+02
   1.2115365e+02
   1.2133085e+02
   1.2151157e+02
   1.2169151e+02
   1.2187155e+02
   1.2204929e+02
   1.2222911e+02
   1.2240808e+02
   1.2258710e+02
   1.2276618e+02
   1.2294291e+02
   1.2312000e+02
   1.2329909e+02
   1.2347680e+02
   1.2365776e+02
   1.2383555e+02
   1.2401429e+02
   1.2419197e+02
   1.2437159e+02
   1.2455004e+02
   1.2472807e+02
   1.2490754e+02
   1.2508578e+02
   1.2526451e+02
   1.2544368e+02
   1.2562125e+02
   1.2580106e+02
   1.2597958e+02
   1.2615865e+02
   1.2633670e+02
   1.2651477e+02
   1.2669361e+02
   1.2687296e+02
   1.2705191e+02
   1.2723081e+02
   1.2741045e+02
   1.2759015e+02
   1.2776955e+02
   1.2794910e+02
   1.2812781e+02
   1.2830673e+02
   1.2848728e+02
   1.2866388e+02
   1.2884357e+02
   1.2902072e+02
   1.2919720e+02
   1.2937596e+02
   1.2955435e+02
   1.2973372e+02
   1.2991232e+02
   1.3009040e+02
   1.3026812e+02
   1.3044536e+02
   1.3062313e+02
   1.3080077e+02
   1.3097975e+02
   1.3115803e+02
   1.3133451e+02
   1.3151324e+02
   1.3169215e+02
   1.3187063e+02
   1.3204809e+02
   1.3222631e+02
   1.3240521e+02
   1.3258271e+02
   1.3276094e+02
   1.3293771e+02
   1.3311574e+02
   1.3329490e+02
   1.3347291e+02
   1.3365276e+02
   1.3383160e+02
   1.3400983e+02
   1.3418961e+02
   1.3436659e+02
   1.3454570e+02
   1.3472297e+02
   1.3490259e+02
   1.3507988e+02
   1.3525731e+02
   1.3543631e+02
   1.3561399e+02
   1.3579324e+02
   1.3597312e+02
   1.3615108e+02
   1.3633106e+02
   1.3650810e+02
   1.3668677e+02
   1.3686500e+02
   1.3704254e+02
   1.3722239e+02
   1.3739939e+02
   1.3757783e+02
   1.3775774e+02
   1.3793938e+02
   1.3811842e+02
   1.3829719e+02
   1.3847492e+02
   1.3865339e+02
   1.3883172e+02
   1.3900999e+02
   1.3918882e+02
   1.3936637e+02
   1.3954446e+02
   1.3972409e+02
   1.3990356e+02
   1.4008392e+02
   1.4026343e+02
   1.4044232e+02
   1.4062060e+02
   1.4079748e+02
   1.4097427e+02
   1.4115245e+02
   1.4133054e+02
   1.4150757e+02
   1.4168482e+02
   1.4186422e+02
   1.4204182e+02
   1.4221874e+02
   1.4239782e+02
   1.4257351e+02
   1.4275223e+02
   1.4292881e+02
   1.4310834e+02
   1.4328737e+02
   1.4346751e+02
   1.4364653e+02
   1.4382523e+02
   1.4400301e+02
   1.4418202e+02
   1.4435914e+02
   1.4453534e+02
   1.4471292e+02
   1.4489147e+02
   1.4507161e+02
   1.4525022e+02
   1.4542761e+02
   1.4560451e+02
   1.4578519e+02
   1.4596271e+02
   1.4614033e+02
   1.4631718e+02
   1.4649767e+02
   1.4667573e+02
   1.4685447e+02
   1.4703457e+02
   1.4721158e+02
   1.4738965e+02
   1.4756719e+02
   1.4774375e+02
   1.4792247e+02
   1.4809891e+02
   1.4827617e+02
   1.4845288e+02
   1.4863142e+02
   1.4881073e+02
   1.4898845e+02
   1.4916705e+02
   1.4934515e+02
   1.4952273e+02
   1.4970117e+02
   1.4987713e+02
   1.5005660e+02
   1.5023427e+02
   1.5041232e+02
   1.5059068e+02
   1.5076829e+02
   1.5094547e+02
   1.5112519e+02
   1.5130515e+02
   1.5148415e+02
   1.5166211e+02
   1.5184108e+02
   1.5202067e+02
   1.5219922e+02
   1.5237849e+02
   1.5255751e+02
   1.5273610e+02
   1.5291385e+02
   1.5309099e+02
   1.5326900e+02
   1.5344726e+02
   1.5362675e+02
   1.5380483e+02
   1.5398328e+02
   1.5416030e+02
   1.5433919e+02
   1.5451922e+02
   1.5469835e+02
   1.5487715e+02
   1.5505340e+02
   1.5523218e+02
   1.5540988e+02
   1.5558912e+02
   1.5576847e+02
   1.5594628e+02
   1.5612348e+02
   1.5630149e+02
   1.5647831e+02
   1.5665661e+02
   1.5683530e+02
   1.5701225e+02
   1.5718981e+02
   1.5736747e+02
   1.5754530e+02
   1.5772394e+02
   1.5790122e+02
   1.5807893e+02
   1.5825602e+02
   1.5843477e+02
   1.5861279e+02
   1.5878996e+02
   1.5896702e+02
   1.5914546e+02
   1.5932327e+02
   1.5949936e+02
   1.5967761e+02
   1.5985623e+02
   1.6003432e+02
   1.6021390e+02
   1.6039081e+02
   1.6056953e+02
   1.6074810e+02
   1.6092755e+02
   1.6110618e+02
   1.6128343e+02
   1.6146181e+02
   1.6164029e+02
   1.6181953e+02
   1.6199837e+02
   1.6217625e+02
   1.6235448e+02
   1.6253330e+02
   1.6271041e+02
   1.6288883e+02
   1.6306670e+02
   1.6324650e+02
   1.6342485e+02
   1.6360290e+02
   1.6377967e+02
   1.6395727e+02
   1.6413646e+02
   1.6431337e+02
   1.6449266e+02
   1.6467115e+02
   1.6485015e+02
   1.6502847e+02
   1.6520882e+02
   1.6541420e+02
   1.6563630e+02
   1.6585680e+02
   1.6607365e+02
   1.6627984e+02
   1.6648272e+02
   1.6666947e+02
   1.6684730e+02
   1.6702625e+02
   1.6720333e+02
   1.6737989e+02
   1.6756015e+02
   1.6773693e+02
   1.6791560e+02
   1.6809424e+02
   1.6827350e+02
   1.6845324e+02
   1.6863117e+02
   1.6881051e+02
   1.6898772e+02
   1.6916706e+02
   1.6934511e+02
   1.6952296e+02
   1.6970100e+02
   1.6987760e+02
   1.7005486e+02
   1.7023154e+02
   1.7040901e+02
   1.7058720e+02
   1.7076617e+02
   1.7094507e+02
   1.7112269e+02
   1.7130133e+02
   1.7147853e+02
   1.7165638e+02
   1.7183472e+02
   1.7201351e+02
   1.7219147e+02
   1.7237033e+02
   1.7254706e+02
   1.7275914e+02
   1.7297718e+02
   1.7319514e+02
   1.7340494e+02
   1.7359828e+02
   1.7377635e+02
   1.7395377e+02
   1.7413215e+02
   1.7430988e+02
   1.7449100e+02
   1.7466835e+02
   1.7484629e+02
   1.7504889e+02
   1.7526630e+02
   1.7548509e+02
   1.7570421e+02
   1.7590744e+02
   1.7611151e+02
   1.7629247e+02
   1.7646922e+02
   1.7665010e+02
   1.7682674e+02
   1.7700462e+02
   1.7718396e+02
   1.7736127e+02
   1.7753934e+02
   1.7771795e+02
   1.7789704e+02
   1.7807389e+02
   1.7825143e+02
   1.7843002e+02
   1.7860801e+02
   1.7878932e+02
   1.7896694e+02
   1.7914443e+02
   1.7932425e+02
   1.7950234e+02
   1.7968226e+02
   1.7986027e+02
   1.8003880e+02
   1.8021799e+02
   1.8039569e+02
   1.8057494e+02
   1.8075314e+02
   1.8093137e+02
   1.8110964e+02
   1.8128904e+02
   1.8146747e+02
   1.8164399e+02
   1.8182477e+02
   1.8200337e+02
   1.8218127e+02
   1.8235952e+02
   1.8253741e+02
   1.8271781e+02
   1.8289484e+02
   1.8307300e+02
   1.8325098e+02
   1.8342828e+02
   1.8360670e+02
   1.8378385e+02
   1.8396030e+02
   1.8413708e+02
   1.8431737e+02
   1.8449714e+02
   1.8467545e+02
   1.8485403e+02
   1.8503437e+02
   1.8521458e+02
   1.8539347e+02
   1.8557234e+02
   1.8575176e+02
   1.8593005e+02
   1.8610586e+02
   1.8628553e+02
   1.8646325e+02
   1.8664355e+02
   1.8682157e+02
   1.8700113e+02
   1.8718113e+02
   1.8735747e+02
   1.8753756e+02
   1.8771615e+02
   1.8789508e+02
   1.8807062e+02
   1.8824874e+02
   1.8842934e+02
   1.8860731e+02
   1.8878677e+02
   1.8896335e+02
   1.8914005e+02
   1.8931904e+02
   1.8949741e+02
   1.8967632e+02
   1.8985389e+02
   1.9003138e+02
   1.9021006e+02
   1.9038883e+02
   1.9056761e+02
   1.9074723e+02
   1.9092634e+02
   1.9110384e+02
   1.9128273e+02
   1.9146214e+02
   1.9163933e+02
   1.9181879e+02
   1.9199951e+02
   1.9217675e+02
   1.9235594e+02
   1.9253498e+02
   1.9271170e+02
   1.9288974e+02
   1.9306626e+02
   1.9324531e+02
   1.9342367e+02
   1.9360030e+02
   1.9377695e+02
   1.9395433e+02
   1.9413425e+02
   1.9431237e+02
   1.9449159e+02
   1.9466972e+02
   1.9484794e+02
   1.9502733e+02
   1.9520473e+02
   1.9538333e+02
   1.9556013e+02
   1.9574321e+02
   1.9592782e+02
   1.9611440e+02
   1.9630035e+02
   1.9648601e+02
   1.9666991e+02
   1.9684836e+02
   1.9702726e+02
   1.9720643e+02
   1.9738462e+02
   1.9756369e+02
   1.9774040e+02
   1.9791833e+02
   1.9809698e+02
   1.9827520e+02
   1.9845283e+02
   1.9863149e+02
   1.9881067e+02
   1.9898887e+02
   1.9916681e+02
   1.9934482e+02
   1.9952254e+02
   1.9969894e+02
   1.9987688e+02
   2.0005559e+02
   2.0023434e+02
   2.0041231e+02
   2.0059093e+02
   2.0076837e+02
   2.0094653e+02
   2.0112429e+02
   2.0130201e+02
   2.0148018e+02
   2.0165832e+02
   2.0183510e+02
   2.0201369e+02
   2.0219412e+02
   2.0237340e+02
   2.0255113e+02
   2.0272736e+02
   2.0290660e+02
   2.0308462e+02
   2.0326218e+02
   2.0343989e+02
   2.0361920e+02
   2.0379714e+02
   2.0397353e+02
   2.0415353e+02
   2.0433004e+02
   2.0450921e+02
   2.0468937e+02
   2.0486782e+02
   2.0504825e+02
   2.0522770e+02
   2.0540615e+02
   2.0558269e+02
   2.0576118e+02
   2.0593922e+02
   2.0611731e+02
   2.0629594e+02
   2.0647423e+02
   2.0665321e+02
   2.0683404e+02
   2.0701064e+02
   2.0718876e+02
   2.0736691e+02
   2.0754604e+02
   2.0772427e+02
   2.0790058e+02
   2.0808038e+02
   2.0826003e+02
   2.0843793e+02
   2.0861754e+02
   2.0879500e+02
   2.0897435e+02
   2.0915181e+02
   2.0933021e+02
   2.0950939e+02
   2.0968635e+02
   2.0986304e+02
   2.1004237e+02
   2.1022046e+02
   2.1039965e+02
   2.1057857e+02
   2.1075721e+02
   2.1093654e+02
   2.1111372e+02
   2.1129218e+02
   2.1147033e+02
   2.1164980e+02
   2.1182697e+02
   2.1200520e+02
   2.1218295e+02
   2.1236095e+02
   2.1253841e+02
   2.1271625e+02
   2.1289611e+02
   2.1307250e+02
   2.1325002e+02
   2.1342790e+02
   2.1360494e+02
   2.1378239e+02
   2.1396026e+02
   2.1413666e+02
   2.1431385e+02
   2.1449057e+02
   2.1466836e+02
   2.1484591e+02
   2.1502616e+02
   2.1520442e+02
   2.1538230e+02
   2.1556225e+02
   2.1574072e+02
   2.1591903e+02
   2.1609907e+02
   2.1627664e+02
   2.1645532e+02
   2.1663258e+02
   2.1681217e+02
   2.1698940e+02
   2.1716961e+02
   2.1734914e+02
   2.1752758e+02
   2.1770659e+02
   2.1788433e+02
   2.1806366e+02
   2.1824209e+02
   2.1842060e+02
   2.1859926e+02
   2.1877696e+02
   2.1895659e+02
   2.1913434e+02
   2.1931210e+02
   2.1949261e+02
   2.1967041e+02
   2.1985022e+02
   2.2002915e+02
   2.2020612e+02
   2.2038451e+02
   2.2056234e+02
   2.2074309e+02
   2.2092200e+02
   2.2109894e+02
   2.2127702e+02
   2.2145522e+02
   2.2163531e+02
   2.2181439e+02
   2.2199239e+02
   2.2217695e+02
   2.2239604e+02
   2.2261396e+02
   2.2283282e+02
   2.2304975e+02
   2.2325571e+02
   2.2343565e+02
   2.2361402e+02
   2.2379320e+02
   2.2397194e+02
   2.2415011e+02
   2.2432776e+02
   2.2450494e+02
   2.2468413e+02
   2.2486192e+02
   2.2504070e+02
   2.2522013e+02
   2.2539794e+02
   2.2557931e+02
   2.2575763e+02
   2.2593591e+02
   2.2611407e+02
   2.2629190e+02
   2.2647163e+02
   2.2665050e+02
   2.2682980e+02
   2.2700821e+02
   2.2718501e+02
   2.2736447e+02
   2.2754297e+02
   2.2772142e+02
   2.2789897e+02
   2.2807668e+02
   2.2825466e+02
   2.2843264e+02
   2.2861287e+02
   2.2879183e+02
   2.2901188e+02
   2.2922929e+02
   2.2944642e+02
   2.2965391e+02
   2.2985123e+02
   2.3003015e+02
   2.3020883e+02
   2.3038576e+02
   2.3056394e+02
   2.3074365e+02
   2.3092149e+02
   2.3109844e+02
   2.3127670e+02
   2.3149353e+02
   2.3170468e+02
   2.3191539e+02
   2.3211696e+02
   2.3231850e+02
   2.3250326e+02
   2.3268258e+02
   2.3286056e+02
   2.3303993e+02
   2.3321815e+02
   2.3339671e+02
   2.3357435e+02
   2.3375484e+02
   2.3393316e+02
   2.3411056e+02
   2.3428712e+02
   2.3446561e+02
   2.3464397e+02
   2.3482199e+02
   2.3499922e+02
   2.3517803e+02
   2.3535656e+02
   2.3553483e+02
   2.3571285e+02
   2.3589137e+02
   2.3606946e+02
   2.3624735e+02
   2.3642697e+02
   2.3660620e+02
   2.3678714e+02
   2.3696312e+02
   2.3714182e+02
   2.3731943e+02
   2.3749815e+02
   2.3767642e+02
   2.3785394e+02
   2.3803256e+02
   2.3821174e+02
   2.3839102e+02
   2.3856932e+02
   2.3874643e+02
   2.3892414e+02
   2.3910254e+02
   2.3927972e+02
   2.3945931e+02
   2.3963737e+02
   2.3981698e+02
   2.3999549e+02
   2.4017430e+02
   2.4035359e+02
   2.4053200e+02
   2.4070980e+02
   2.4088759e+02
   2.4106636e+02
   2.4124361e+02
   2.4142235e+02
   2.4160153e+02
   2.4177990e+02
   2.4195909e+02
   2.4213857e+02
   2.4231705e+02
   2.4249720e+02
   2.4267957e+02
   2.4285754e+02
   2.4303597e+02
   2.4321482e+02
   2.4339263e+02
   2.4357032e+02
   2.4374905e+02
   2.4392553e+02
   2.4410234e+02
   2.4428264e+02
   2.4446069e+02
   2.4463891e+02
   2.4481647e+02
   2.4499405e+02
   2.4517204e+02
   2.4535085e+02
   2.4552898e+02
   2.4570827e+02
   2.4588738e+02
   2.4606495e+02
   2.4624416e+02
   2.4642280e+02
   2.4660005e+02
   2.4678014e+02
   2.4695857e+02
   2.4713665e+02
   2.4731614e+02
   2.4749461e+02
   2.4767509e+02
   2.4785413e+02
   2.4803184e+02
   2.4821041e+02
   2.4838937e+02
   2.4856913e+02
   2.4874872e+02
   2.4892695e+02
   2.4910667e+02
   2.4928446e+02
   2.4946190e+02
   2.4964010e+02
   2.4981776e+02
   2.4999646e+02
   2.5017516e+02
   2.5035415e+02
   2.5053179e+02
   2.5070962e+02
   2.5088793e+02
   2.5106735e+02
   2.5124502e+02
   2.5142160e+02
   2.5160036e+02
   2.5177809e+02
   2.5195813e+02
   2.5213717e+02
   2.5231556e+02
   2.5249691e+02
   2.5267533e+02
   2.5285409e+02
   2.5303239e+02
   2.5321015e+02
   2.5338989e+02
   2.5356734e+02
   2.5374662e+02
   2.5392519e+02
   2.5410433e+02
   2.5428331e+02
   2.5446221e+02
   2.5464253e+02
   2.5482042e+02
   2.5499854e+02
   2.5517659e+02
   2.5535450e+02
   2.5553262e+02
   2.5571013e+02
   2.5588865e+02
   2.5606774e+02
   2.5624531e+02
   2.5642426e+02
   2.5660089e+02
   2.5677939e+02
   2.5695594e+02
   2.5713176e+02
   2.5731022e+02
   2.5748718e+02
   2.5766420e+02
   2.5784150e+02
   2.5801852e+02
   2.5819808e+02
   2.5837720e+02
   2.5855482e+02
   2.5873196e+02
   2.5891086e+02
   2.5908856e+02
   2.5926617e+02
   2.5944474e+02
   2.5962393e+02
   2.5980202e+02
   2.5998182e+02
   2.6016031e+02
   2.6034107e+02
   2.6052042e+02
   2.6069660e+02
   2.6087643e+02
   2.6105596e+02
   2.6123682e+02
   2.6141394e+02
   2.6159150e+02
   2.6177141e+02
   2.6194904e+02
   2.6212623e+02
   2.6230431e+02
   2.6248072e+02
   2.6266189e+02
   2.6284806e+02
   2.6302805e+02
   2.6320717e+02
   2.6338559e+02
   2.6356300e+02
   2.6374006e+02
   2.6391843e+02
   2.6409895e+02
   2.6427734e+02
   2.6445574e+02
   2.6463450e+02
   2.6481341e+02
   2.6499017e+02
   2.6517109e+02
   2.6534870e+02
   2.6552686e+02
   2.6570586e+02
   2.6588321e+02
   2.6606145e+02
   2.6623821e+02
   2.6641765e+02
   2.6659434e+02
   2.6677062e+02
   2.6694945e+02
   2.6712800e+02
   2.6730644e+02
   2.6748519e+02
   2.6766303e+02
   2.6784133e+02
   2.6801805e+02
   2.6819688e+02
   2.6837600e+02
   2.6855413e+02
   2.6873344e+02
   2.6891128e+02
   2.6909193e+02
   2.6926933e+02
   2.6944552e+02
   2.6962580e+02
   2.6980312e+02
   2.6998173e+02
   2.7016016e+02
   2.7034175e+02
   2.7051938e+02
   2.7069883e+02
   2.7087758e+02
   2.7105614e+02
   2.7123566e+02
   2.7141345e+02
   2.7159047e+02
   2.7176887e+02
   2.7194764e+02
   2.7212731e+02
   2.7230738e+02
   2.7248650e+02
   2.7266640e+02
   2.7284446e+02
   2.7302195e+02
   2.7319881e+02
   2.7337591e+02
   2.7355565e+02
   2.7373508e+02
   2.7391361e+02
   2.7409092e+02
   2.7427029e+02
   2.7444824e+02
   2.7462717e+02
   2.7480598e+02
   2.7498540e+02
   2.7516302e+02
   2.7534166e+02
   2.7552154e+02
   2.7570043e+02
   2.7587849e+02
   2.7605944e+02
   2.7623661e+02
   2.7641381e+02
   2.7659228e+02
   2.7676903e+02
   2.7694665e+02
   2.7712450e+02
   2.7730282e+02
   2.7747952e+02
   2.7765753e+02
   2.7783617e+02
   2.7801344e+02
   2.7819025e+02
   2.7836681e+02
   2.7854651e+02
   2.7876512e+02
   2.7898303e+02
   2.7917509e+02
   2.7935334e+02
   2.7953274e+02
   2.7971085e+02
   2.7988946e+02
   2.8006854e+02
   2.8024688e+02
   2.8042534e+02
   2.8060327e+02
   2.8078252e+02
   2.8096142e+02
   2.8113838e+02
   2.8131528e+02
   2.8149300e+02
   2.8167154e+02
   2.8184984e+02
   2.8202779e+02
   2.8220619e+02
   2.8238516e+02
   2.8256336e+02
   2.8274200e+02
   2.8292045e+02
   2.8310088e+02
   2.8327853e+02
   2.8345491e+02
   2.8363352e+02
   2.8381117e+02
   2.8399064e+02
   2.8416924e+02
   2.8434682e+02
   2.8452468e+02
   2.8470218e+02
   2.8488036e+02
   2.8505855e+02
   2.8523796e+02
   2.8543046e+02
   2.8564842e+02
   2.8586512e+02
   2.8608260e+02
   2.8626098e+02
   2.8644060e+02
   2.8661940e+02
   2.8679629e+02
   2.8697509e+02
   2.8715459e+02
   2.8733279e+02
   2.8753499e+02
   2.8775379e+02
   2.8797412e+02
   2.8819250e+02
   2.8840270e+02
   2.8861363e+02
   2.8880383e+02
   2.8898210e+02
   2.8916148e+02
   2.8934054e+02
   2.8951858e+02
   2.8969739e+02
   2.8987624e+02
   2.9005452e+02
   2.9023311e+02
   2.9041327e+02
   2.9059027e+02
   2.9076815e+02
   2.9094824e+02
   2.9112610e+02
   2.9130509e+02
   2.9148381e+02
   2.9166240e+02
   2.9184103e+02
   2.9201832e+02
   2.9219740e+02
   2.9237510e+02
   2.9255168e+02
   2.9272884e+02
   2.9290668e+02
   2.9308585e+02
   2.9326513e+02
   2.9344310e+02
   2.9362216e+02
   2.9380246e+02
   2.9398234e+02
   2.9416625e+02
   2.9435214e+02
   2.9453234e+02
   2.9470923e+02
   2.9488865e+02
   2.9506648e+02
   2.9524388e+02
   2.9542335e+02
   2.9560399e+02
   2.9578324e+02
   2.9596362e+02
   2.9614246e+02
   2.9632002e+02
   2.9649792e+02
   2.9667668e+02
   2.9685365e+02
   2.9703368e+02
   2.9721058e+02
   2.9738800e+02
   2.9756901e+02
   2.9774779e+02
   2.9792588e+02
   2.9810572e+02
   2.9828283e+02
   2.9846291e+02
   2.9864046e+02
   2.9882010e+02
   2.9899828e+02
   2.9917760e+02
   2.9935640e+02
   2.9953446e+02
   2.9971388e+02
   2.9989112e+02
   3.0007010e+02
   3.0024845e+02
   3.0042744e+02
   3.0060591e+02
   3.0078542e+02
   3.0096454e+02
   3.0114260e+02
   3.0132003e+02
   3.0149930e+02
   3.0167873e+02
   3.0185643e+02
   3.0203450e+02
   3.0221284e+02
   3.0239199e+02
   3.0256980e+02
   3.0274715e+02
   3.0292516e+02
   3.0310248e+02
   3.0328081e+02
   3.0346017e+02
   3.0363891e+02
   3.0381705e+02
   3.0399597e+02
   3.0417613e+02
   3.0435510e+02
   3.0453612e+02
   3.0471308e+02
   3.0489138e+02
   3.0506796e+02
   3.0524634e+02
   3.0542558e+02
   3.0560221e+02
   3.0577967e+02
   3.0595803e+02
   3.0613559e+02
   3.0631492e+02
   3.0649234e+02
   3.0667026e+02
   3.0684752e+02
   3.0702671e+02
   3.0720385e+02
   3.0738014e+02
   3.0755816e+02
   3.0773680e+02
   3.0791459e+02
   3.0809116e+02
   3.0827060e+02
   3.0844915e+02
   3.0862860e+02
   3.0880758e+02
   3.0898585e+02
   3.0916318e+02
   3.0934135e+02
   3.0952121e+02
   3.0970049e+02
   3.0987969e+02
   3.1005764e+02
   3.1023672e+02
   3.1041393e+02
   3.1059301e+02
   3.1077120e+02
   3.1095175e+02
   3.1112912e+02
   3.1130598e+02
   3.1148672e+02
   3.1166598e+02
   3.1184703e+02
   3.1202378e+02
   3.1220117e+02
   3.1237999e+02
   3.1255962e+02
   3.1273899e+02
   3.1291694e+02
   3.1309559e+02
   3.1327449e+02
   3.1345262e+02
   3.1363236e+02
   3.1381124e+02
   3.1399111e+02
   3.1416935e+02
   3.1434757e+02
   3.1452718e+02
   3.1470556e+02
   3.1488419e+02
   3.1506273e+02
   3.1524057e+02
   3.1541906e+02
   3.1559900e+02
   3.1577718e+02
   3.1595468e+02
   3.1613530e+02
   3.1631301e+02
   3.1649146e+02
   3.1666941e+02
   3.1684834e+02
   3.1702482e+02
   3.1720238e+02
   3.1737949e+02
   3.1755754e+02
   3.1773643e+02
   3.1791523e+02
   3.1809244e+02
   3.1827158e+02
   3.1845048e+02
   3.1862811e+02
   3.1880736e+02
   3.1898402e+02
   3.1916181e+02
   3.1934144e+02
   3.1951869e+02
   3.1969714e+02
   3.1987499e+02
   3.2005474e+02
   3.2023326e+02
   3.2041159e+02
   3.2059061e+02
   3.2076829e+02
   3.2094707e+02
   3.2112524e+02
   3.2130398e+02
   3.2148165e+02
   3.2165873e+02
   3.2183662e+02
   3.2201262e+02
   3.2219163e+02
   3.2237141e+02
   3.2254884e+02
   3.2272779e+02
   3.2290543e+02
   3.2308443e+02
   3.2326370e+02
   3.2344201e+02
   3.2362218e+02
   3.2380240e+02
   3.2398113e+02
   3.2415847e+02
   3.2433719e+02
   3.2451538e+02
   3.2469362e+02
   3.2487395e+02
   3.2505025e+02
   3.2522729e+02
   3.2540556e+02
   3.2558517e+02
   3.2576314e+02
   3.2593974e+02
   3.2611920e+02
   3.2629747e+02
   3.2647458e+02
   3.2665341e+02
   3.2683111e+02
   3.2700880e+02
   3.2718619e+02
   3.2736476e+02
   3.2754284e+02
   3.2772017e+02
   3.2789820e+02
   3.2807716e+02
   3.2825493e+02
   3.2843341e+02
   3.2861047e+02
   3.2878836e+02
   3.2896652e+02
   3.2914547e+02
   3.2932291e+02
   3.2950137e+02
   3.2968330e+02
   3.2986300e+02
   3.3003971e+02
   3.3021983e+02
   3.3039764e+02
   3.3057713e+02
   3.3075459e+02
   3.3093205e+02
   3.3111077e+02
   3.3128789e+02
   3.3146691e+02
   3.3164595e+02
   3.3182437e+02
   3.3200358e+02
   3.3218027e+02
   3.3235929e+02
   3.3253688e+02
   3.3271668e+02
   3.3289385e+02
   3.3307295e+02
   3.3325028e+02
   3.3342702e+02
   3.3360769e+02
   3.3378523e+02
   3.3396162e+02
   3.3413938e+02
   3.3431930e+02
   3.3449755e+02
   3.3467775e+02
   3.3485548e+02
   3.3505704e+02
   3.3527532e+02
   3.3549195e+02
   3.3570840e+02
   3.3590975e+02
   3.3611225e+02
   3.3629216e+02
   3.3647140e+02
   3.3664972e+02
   3.3682698e+02
   3.3700451e+02
   3.3718219e+02
   3.3735835e+02
   3.3753561e+02
   3.3771364e+02
   3.3789184e+02
   3.3807156e+02
   3.3824924e+02
   3.3842729e+02
   3.3860490e+02
   3.3878380e+02
   3.3896104e+02
   3.3913869e+02
   3.3931798e+02
   3.3949763e+02
   3.3967616e+02
   3.3985441e+02
   3.4003230e+02
   3.4021210e+02
   3.4038826e+02
   3.4056799e+02
   3.4074632e+02
   3.4092480e+02
   3.4110224e+02
   3.4128143e+02
   3.4147018e+02
   3.4168926e+02
   3.4190860e+02
   3.4212710e+02
   3.4232077e+02
   3.4249962e+02
   3.4267987e+02
   3.4285582e+02
   3.4303490e+02
   3.4321319e+02
   3.4339184e+02
   3.4357233e+02
   3.4375044e+02
   3.4392835e+02
   3.4410583e+02
   3.4428363e+02
   3.4450268e+02
   3.4472129e+02
   3.4494187e+02
   3.4515737e+02
   3.4534056e+02
   3.4551857e+02
   3.4569713e+02
   3.4587469e+02
   3.4605285e+02
   3.4623207e+02
   3.4640925e+02
   3.4658659e+02
   3.4676389e+02
   3.4694288e+02
   3.4712126e+02
   3.4729874e+02
   3.4747559e+02
   3.4765273e+02
   3.4782868e+02
   3.4800787e+02
   3.4818416e+02
   3.4836286e+02
   3.4854297e+02
   3.4871970e+02
   3.4889837e+02
   3.4907522e+02
   3.4925398e+02
   3.4943143e+02
   3.4960921e+02
   3.4978624e+02
   3.4996405e+02
   3.5014393e+02
   3.5032488e+02
   3.5050612e+02
   3.5068452e+02
   3.5086369e+02
   3.5104109e+02
   3.5121817e+02
   3.5139561e+02
   3.5157410e+02
   3.5175171e+02
   3.5193086e+02
   3.5210838e+02
   3.5228886e+02
   3.5246711e+02
   3.5264435e+02
   3.5282237e+02
   3.5299919e+02
   3.5317838e+02
   3.5335667e+02
   3.5353452e+02
   3.5371166e+02
   3.5388913e+02
   3.5406889e+02
   3.5424661e+02
   3.5442661e+02
   3.5460396e+02
   3.5478133e+02
   3.5496052e+02
   3.5513644e+02
   3.5531413e+02
   3.5549200e+02
   3.5566951e+02
   3.5584947e+02
   3.5602670e+02
   3.5620402e+02
   3.5638260e+02
   3.5656087e+02
   3.5673860e+02
   3.5691566e+02
   3.5709441e+02
   3.5727084e+02
   3.5744730e+02
   3.5762738e+02
   3.5780345e+02
   3.5798348e+02
   3.5816078e+02
   3.5833749e+02
   3.5851517e+02
   3.5869171e+02
   3.5886880e+02
   3.5904633e+02
   3.5922501e+02
   3.5940230e+02
   3.5957850e+02
   3.5975607e+02
   3.5993283e+02
   3.6011056e+02
   3.6028899e+02
   3.6046590e+02
   3.6064486e+02
   3.6082095e+02
   3.6100140e+02
   3.6117761e+02
   3.6135559e+02
   3.6153341e+02
   3.6171156e+02
   3.6188952e+02
   3.6206750e+02
   3.6224473e+02
   3.6242446e+02
   3.6260301e+02
   3.6278024e+02
   3.6295702e+02
   3.6313476e+02
   3.6331277e+02
   3.6349092e+02
   3.6367095e+02
   3.6384871e+02
   3.6402730e+02
   3.6420643e+02
   3.6438578e+02
   3.6456484e+02
   3.6474215e+02
   3.6492055e+02
   3.6509859e+02
   3.6527730e+02
   3.6545716e+02
   3.6563527e+02
   3.6581251e+02
   3.6599025e+02
   3.6616853e+02
   3.6634757e+02
   3.6652683e+02
   3.6670647e+02
   3.6688555e+02
   3.6706370e+02
   3.6724274e+02
   3.6742068e+02
   3.6759990e+02
   3.6777781e+02
   3.6795542e+02
   3.6813440e+02
   3.6831272e+02
   3.6849072e+02
   3.6866889e+02
   3.6884650e+02
   3.6902626e+02
   3.6920327e+02
   3.6938239e+02
   3.6956031e+02
   3.6973946e+02
   3.6991811e+02
   3.7009727e+02
   3.7027509e+02
   3.7045230e+02
   3.7063057e+02
   3.7080679e+02
   3.7098335e+02
   3.7116141e+02
   3.7133817e+02
   3.7151645e+02
   3.7169395e+02
   3.7187274e+02
   3.7205382e+02
   3.7223092e+02
   3.7240901e+02
   3.7258593e+02
   3.7276440e+02
   3.7294209e+02
   3.7311932e+02
   3.7329875e+02
   3.7347676e+02
   3.7365649e+02
   3.7383327e+02
   3.7400912e+02
   3.7418858e+02
   3.7436560e+02
   3.7454329e+02
   3.7472111e+02
   3.7489897e+02
   3.7507859e+02
   3.7525553e+02
   3.7543513e+02
   3.7561347e+02
   3.7579014e+02
   3.7596995e+02
   3.7614902e+02
   3.7632673e+02
   3.7650391e+02
   3.7668180e+02
   3.7686054e+02
   3.7703876e+02
   3.7721770e+02
   3.7739642e+02
   3.7757572e+02
   3.7775274e+02
   3.7793035e+02
   3.7810906e+02
   3.7828798e+02
   3.7846771e+02
   3.7864632e+02
   3.7882582e+02
   3.7900334e+02
   3.7918042e+02
   3.7935851e+02
   3.7953577e+02
   3.7971454e+02
   3.7989326e+02
   3.8007227e+02
   3.8025214e+02
   3.8043213e+02
   3.8061094e+02
   3.8078948e+02
   3.8096827e+02
   3.8114779e+02
   3.8132569e+02
   3.8150523e+02
   3.8168291e+02
   3.8185969e+02
   3.8203987e+02
   3.8221869e+02
   3.8239753e+02
   3.8257621e+02
   3.8275409e+02
   3.8293442e+02
   3.8311482e+02
   3.8329469e+02
   3.8347234e+02
   3.8365070e+02
   3.8382705e+02
   3.8400516e+02
   3.8418403e+02
   3.8436286e+02
   3.8454124e+02
   3.8472145e+02
   3.8489964e+02
   3.8507795e+02
   3.8525619e+02
   3.8543343e+02
   3.8561627e+02
   3.8579527e+02
   3.8597558e+02
   3.8615375e+02
   3.8633274e+02
   3.8651105e+02
   3.8668886e+02
   3.8686853e+02
   3.8704729e+02
   3.8722558e+02
   3.8740441e+02
   3.8758495e+02
   3.8776490e+02
   3.8794215e+02
   3.8812164e+02
   3.8829886e+02
   3.8847706e+02
   3.8865649e+02
   3.8883593e+02
   3.8901609e+02
   3.8919368e+02
   3.8937298e+02
   3.8955029e+02
   3.8972797e+02
   3.8990898e+02
   3.9008824e+02
   3.9026552e+02
   3.9044279e+02
   3.9062072e+02
   3.9079886e+02
   3.9097579e+02
   3.9115399e+02
   3.9137141e+02
   3.9158956e+02
   3.9181014e+02
   3.9202985e+02
   3.9224573e+02
   3.9244948e+02
   3.9262881e+02
   3.9280622e+02
   3.9298324e+02
   3.9316218e+02
   3.9334264e+02
   3.9351874e+02
   3.9369725e+02
   3.9387512e+02
   3.9405354e+02
   3.9423248e+02
   3.9441027e+02
   3.9458914e+02
   3.9476883e+02
   3.9494726e+02
   3.9512494e+02
   3.9530436e+02
   3.9548421e+02
   3.9566230e+02
   3.9584170e+02
   3.9601929e+02
   3.9619844e+02
   3.9637781e+02
   3.9655715e+02
   3.9673696e+02
   3.9691632e+02
   3.9709414e+02
   3.9727318e+02
   3.9745139e+02
   3.9763082e+02
   3.9781107e+02
   3.9800887e+02
   3.9822546e+02
   3.9844224e+02
   3.9865207e+02
   3.9886363e+02
   3.9904195e+02
   3.9921952e+02
   3.9939829e+02
   3.9957744e+02
   3.9975477e+02
   3.9993347e+02
   4.0011152e+02
   4.0030967e+02
   4.0052850e+02
   4.0074494e+02
   4.0096036e+02
   4.0114819e+02
