   9.6284615e-12
   5.7787956e-11
   1.1043032e-10
   1.1874648e-10
   1.2878310e-10
   1.4909286e-10
   1.5815719e-10
   1.6869318e-10
   1.8451861e-10
   2.2543791e-10
   2.7483501e-10
   2.7828669e-10
   3.0265308e-10
   3.1897636e-10
   3.4014355e-10
   3.6564528e-10
   4.0309935e-10
   4.2877748e-10
   4.4899057e-10
   4.8103691e-10
   5.1227835e-10
   5.3170874e-10
   5.5509973e-10
   5.6267317e-10
   5.6484734e-10
   5.7803642e-10
   5.9244613e-10
   6.1532886e-10
   6.3553719e-10
   6.5672934e-10
   6.9952838e-10
   7.2757144e-10
   7.3202033e-10
   7.5231621e-10
   7.7622853e-10
   7.8329717e-10
   7.9207069e-10
   8.1245653e-10
   8.3601928e-10
   8.5079532e-10
   8.5205649e-10
   8.7608413e-10
   8.9858978e-10
   9.2276436e-10
   9.5275665e-10
   9.9866124e-10
   1.0088321e-09
   1.0291899e-09
   1.0452661e-09
   1.0613375e-09
   1.1068811e-09
   1.1469561e-09
   1.1836425e-09
   1.2015487e-09
   1.2212217e-09
   1.2459666e-09
   1.2614995e-09
   1.2640499e-09
   1.2781988e-09
   1.3079754e-09
   1.3250054e-09
   1.3432659e-09
   1.3548678e-09
   1.3603058e-09
   1.3886174e-09
   1.4016865e-09
   1.4183531e-09
   1.4382529e-09
   1.4476770e-09
   1.4654224e-09
   1.4820886e-09
   1.5075237e-09
   1.5202231e-09
   1.5634943e-09
   1.5893185e-09
   1.5956245e-09
   1.6057840e-09
   1.6289255e-09
   1.6347088e-09
   1.6445099e-09
   1.6578361e-09
   1.6763396e-09
   1.7168201e-09
   1.7378906e-09
   1.7491265e-09
   1.7616546e-09
   1.7719942e-09
   1.7902403e-09
   1.8014079e-09
   1.8282813e-09
   1.8540518e-09
   1.8944013e-09
   1.9174210e-09
   1.9387855e-09
   1.9634989e-09
   1.9737158e-09
   1.9805033e-09
   1.9991310e-09
   2.0155718e-09
   2.0513078e-09
   2.0845672e-09
   2.1194562e-09
   2.1399173e-09
   2.1513883e-09
   2.1605044e-09
   2.1846813e-09
   2.1951620e-09
   2.2416226e-09
   2.2789541e-09
   2.2997426e-09
   2.3151858e-09
   2.3277178e-09
   2.3421964e-09
   2.3731015e-09
   2.3988517e-09
   2.4082615e-09
   2.4351300e-09
   2.4841338e-09
   2.5022064e-09
   2.5235404e-09
   2.5445281e-09
   2.5756575e-09
   2.6014687e-09
   2.6123926e-09
   2.6363428e-09
   2.6775792e-09
   2.6903960e-09
   2.7051258e-09
   2.7147737e-09
   2.7273852e-09
   2.7345329e-09
   2.7541441e-09
   2.7608721e-09
   2.7795812e-09
   2.7844042e-09
   2.8153648e-09
   2.8317548e-09
   2.8488624e-09
   2.8724536e-09
   2.9094004e-09
   2.9144701e-09
   2.9333635e-09
   2.9515863e-09
   2.9764183e-09
   2.9949451e-09
   3.0193900e-09
   3.0253388e-09
   3.0338834e-09
   3.0393467e-09
   3.0460877e-09
   3.0691464e-09
   3.0963151e-09
   3.1148107e-09
   3.1434072e-09
   3.1635362e-09
   3.1669780e-09
   3.1942870e-09
   3.2145522e-09
   3.2222775e-09
   3.2427823e-09
   3.2581943e-09
   3.2660856e-09
   3.2844705e-09
   3.3011391e-09
   3.3107988e-09
   3.3400535e-09
   3.3467677e-09
   3.3581623e-09
   3.3775131e-09
   3.3942792e-09
   3.4192718e-09
   3.4294928e-09
   3.4575176e-09
   3.4643959e-09
   3.4707053e-09
   3.4793007e-09
   3.5085754e-09
   3.5333659e-09
   3.5420652e-09
   3.5514397e-09
   3.5692277e-09
   3.6000184e-09
   3.6106420e-09
   3.6326060e-09
   3.6464918e-09
   3.6606291e-09
   3.6757733e-09
   3.6806477e-09
   3.7118763e-09
   3.7381091e-09
   3.7394953e-09
   3.7753855e-09
   3.8016215e-09
   3.8249574e-09
   3.8436440e-09
   3.8591527e-09
   3.8765258e-09
   3.9118216e-09
   3.9450500e-09
   3.9569211e-09
   3.9881017e-09
   4.0095719e-09
   4.0222225e-09
   4.0280204e-09
   4.0535855e-09
   4.1018045e-09
   4.1384641e-09
   4.1649446e-09
   4.2009942e-09
   4.2391028e-09
   4.2520868e-09
   4.2673837e-09
   4.2793192e-09
   4.3041898e-09
   4.3338053e-09
   4.3388606e-09
   4.3684955e-09
   4.3787787e-09
   4.4086761e-09
   4.4218459e-09
   4.4605752e-09
   4.4796265e-09
   4.4887336e-09
   4.5184495e-09
   4.5402672e-09
   4.5492536e-09
   4.5669853e-09
   4.5842167e-09
   4.6034799e-09
   4.6328393e-09
   4.6658524e-09
   4.6828563e-09
   4.7000805e-09
   4.7244855e-09
   4.7347168e-09
   4.7470726e-09
   4.7513780e-09
   4.7593898e-09
   4.7824515e-09
   4.8063186e-09
   4.8329226e-09
   4.8417711e-09
   4.8689470e-09
   4.8983777e-09
   4.9064944e-09
   4.9366849e-09
   4.9621293e-09
   4.9954508e-09
   5.0176543e-09
   5.0413756e-09
   5.0538818e-09
   5.0786003e-09
   5.1043892e-09
   5.1085320e-09
   5.1269391e-09
   5.1335934e-09
   5.1495518e-09
   5.1883867e-09
   5.2262513e-09
   5.2402030e-09
   5.2725332e-09
   5.3248787e-09
   5.3355157e-09
   5.3588105e-09
   5.3855914e-09
   5.3942646e-09
   5.3970173e-09
   5.4160359e-09
   5.4408069e-09
   5.4496364e-09
   5.4825699e-09
   5.4966326e-09
   5.5120660e-09
   5.5214234e-09
   5.5535465e-09
   5.5958655e-09
   5.6131517e-09
   5.6230092e-09
   5.6551746e-09
   5.6789911e-09
   5.7113913e-09
   5.7231387e-09
   5.7302709e-09
   5.7656886e-09
   5.8022092e-09
   5.8139616e-09
   5.8188217e-09
   5.8466935e-09
   5.8679652e-09
   5.8821379e-09
   5.9062909e-09
   5.9336340e-09
   5.9575079e-09
   5.9735038e-09
   5.9978471e-09
   6.0208039e-09
   6.0477361e-09
   6.0639037e-09
   6.0791027e-09
   6.0828722e-09
   6.1018754e-09
   6.1080145e-09
   6.1281734e-09
   6.1505468e-09
   6.1546494e-09
   6.1723902e-09
   6.2028450e-09
   6.2239773e-09
   6.2485455e-09
   6.2621898e-09
   6.2868791e-09
   6.3048404e-09
   6.3308555e-09
   6.3441047e-09
   6.3521944e-09
   6.3609717e-09
   6.3806499e-09
   6.3961401e-09
   6.4187579e-09
   6.4322294e-09
   6.4599247e-09
   6.4794196e-09
   6.4840154e-09
   6.5089049e-09
   6.5457181e-09
   6.5614978e-09
   6.5699033e-09
   6.5936816e-09
   6.6186881e-09
   6.6256200e-09
   6.6495056e-09
   6.6811464e-09
   6.7200119e-09
   6.7347500e-09
   6.7540245e-09
   6.7600901e-09
   6.7636161e-09
   6.7742752e-09
   6.7813601e-09
   6.7994267e-09
   6.8228087e-09
   6.8362371e-09
   6.8513299e-09
   6.8748461e-09
   6.8817406e-09
   6.9013090e-09
   6.9193345e-09
   6.9273165e-09
   6.9385404e-09
   6.9547199e-09
   6.9860277e-09
   7.0026496e-09
   7.0241017e-09
   7.0330751e-09
   7.0431986e-09
   7.0473186e-09
   7.0727322e-09
   7.0759959e-09
   7.0994505e-09
   7.1212561e-09
   7.1370567e-09
   7.1435833e-09
   7.1598442e-09
   7.1949633e-09
   7.2173470e-09
   7.2330193e-09
   7.2473846e-09
   7.2541195e-09
   7.2614426e-09
   7.2703440e-09
   7.2762113e-09
   7.2992355e-09
   7.3375997e-09
   7.3708815e-09
   7.4090069e-09
   7.4517110e-09
   7.4671291e-09
   7.4879299e-09
   7.5242686e-09
   7.5524861e-09
   7.5693251e-09
   7.5880648e-09
   7.5994492e-09
   7.6056499e-09
   7.6092615e-09
   7.6265330e-09
   7.6646696e-09
   7.7025486e-09
   7.7133244e-09
   7.7363073e-09
   7.7707724e-09
   7.8004800e-09
   7.8172573e-09
   7.8331849e-09
   7.8572523e-09
   7.8988988e-09
   7.9045321e-09
   7.9404994e-09
   7.9559094e-09
   7.9696209e-09
   7.9943784e-09
   8.0131968e-09
   8.0310546e-09
   8.0367425e-09
   8.0618881e-09
   8.0840625e-09
   8.1049801e-09
   8.1203209e-09
   8.1474270e-09
   8.1726384e-09
   8.1845865e-09
   8.1971235e-09
   8.1998108e-09
   8.2168451e-09
   8.2457457e-09
   8.2556971e-09
   8.2815493e-09
   8.2941415e-09
   8.3128424e-09
   8.3256544e-09
   8.3444854e-09
   8.3690604e-09
   8.3939179e-09
   8.4328897e-09
   8.4684403e-09
   8.4782398e-09
   8.4996975e-09
   8.5337184e-09
   8.5450427e-09
   8.5644566e-09
   8.5784113e-09
   8.5907554e-09
   8.6212277e-09
   8.6580714e-09
   8.6604447e-09
   8.6723049e-09
   8.7031706e-09
   8.7341630e-09
   8.7734744e-09
   8.8149072e-09
   8.8441552e-09
   8.8594584e-09
   8.8871126e-09
   8.9125775e-09
   8.9522801e-09
   8.9649246e-09
   8.9746218e-09
   8.9876084e-09
   8.9918120e-09
   9.0267353e-09
   9.0539255e-09
   9.0697494e-09
   9.0916999e-09
   9.1075589e-09
   9.1289844e-09
   9.1613602e-09
   9.1956498e-09
   9.2218097e-09
   9.2312456e-09
   9.2422961e-09
   9.2617179e-09
   9.2883819e-09
   9.3066013e-09
   9.3256192e-09
   9.3447416e-09
   9.3553585e-09
   9.3846278e-09
   9.4061722e-09
   9.4140399e-09
   9.4425955e-09
   9.4615731e-09
   9.4769923e-09
   9.5060533e-09
   9.5493751e-09
   9.5787554e-09
   9.5861195e-09
   9.6119800e-09
   9.6245229e-09
   9.6372353e-09
   9.6654490e-09
   9.6691878e-09
   9.6831805e-09
   9.6989452e-09
   9.7149317e-09
   9.7477440e-09
   9.7626974e-09
   9.7771740e-09
   9.7807366e-09
   9.7957005e-09
   9.8073052e-09
   9.8190928e-09
   9.8557086e-09
   9.8772396e-09
   9.9067726e-09
   9.9447436e-09
   9.9588654e-09
   9.9792374e-09
   9.9817721e-09
   9.9883854e-09
   1.0409617e-08
   1.0479187e-08
   1.0536181e-08
   1.0562278e-08
   1.0614928e-08
   1.0642447e-08
   1.0726044e-08
   1.0836081e-08
   1.0899212e-08
   1.0953004e-08
   1.1175071e-08
   1.1251578e-08
   1.1399801e-08
   1.1441485e-08
   1.1452475e-08
   1.1524682e-08
   1.1591651e-08
   1.1660494e-08
   1.1740558e-08
   1.1837929e-08
   1.1931820e-08
   1.2051215e-08
   1.2106758e-08
   1.2188027e-08
   1.2226199e-08
   1.2256797e-08
   1.2294235e-08
   1.2342751e-08
   1.2429623e-08
   1.2516878e-08
   1.2607238e-08
   1.2700075e-08
   1.2782972e-08
   1.2885492e-08
   1.2970969e-08
   1.2995045e-08
   1.3028268e-08
   1.3080425e-08
   1.3204047e-08
   1.3255415e-08
   1.3278012e-08
   1.3299745e-08
   1.3320642e-08
   1.3409500e-08
   1.3453011e-08
   1.3490037e-08
   1.3541990e-08
   1.3687457e-08
   1.3865823e-08
   1.4042971e-08
   1.4136110e-08
   1.4185798e-08
   1.4281498e-08
   1.4371065e-08
   1.4384838e-08
   1.4483678e-08
   1.4578017e-08
   1.4685921e-08
   1.4762722e-08
   1.4885814e-08
   1.4976121e-08
   1.5016755e-08
   1.5064192e-08
   1.5190293e-08
   1.5222973e-08
   1.5280816e-08
   1.5333214e-08
   1.5429122e-08
   1.5464689e-08
   1.5594712e-08
   1.5621878e-08
   1.5703225e-08
   1.5846480e-08
   1.5945133e-08
   1.6040028e-08
   1.6144701e-08
   1.6200025e-08
   1.6303309e-08
   1.6517380e-08
   1.6674037e-08
   1.6818529e-08
   1.6891833e-08
   1.7005278e-08
   1.7187223e-08
   1.7283864e-08
   1.7354339e-08
   1.7392830e-08
   1.7440336e-08
   1.7448551e-08
   1.7495727e-08
   1.7567043e-08
   1.7629338e-08
   1.7757825e-08
   1.7855632e-08
   1.7932608e-08
   1.8099814e-08
   1.8191225e-08
   1.8410729e-08
   1.8557732e-08
   1.8606329e-08
   1.8767088e-08
   1.8847995e-08
   1.8878427e-08
   1.8942556e-08
   1.8999249e-08
   1.9112986e-08
   1.9153765e-08
   1.9189481e-08
   1.9282283e-08
   1.9317840e-08
   1.9391437e-08
   1.9480287e-08
   1.9535499e-08
   1.9574607e-08
   1.9624631e-08
   1.9750483e-08
   1.9870759e-08
   1.9960129e-08
   2.0007858e-08
   2.0120850e-08
   2.0271963e-08
   2.0389961e-08
   2.0484081e-08
   2.0678772e-08
   2.0713886e-08
   2.0738044e-08
   2.0866119e-08
   2.0910678e-08
   2.1062057e-08
   2.1103842e-08
   2.1302176e-08
   2.1378332e-08
   2.1591417e-08
   2.1688386e-08
   2.1762085e-08
   2.1829046e-08
   2.1877632e-08
   2.2039100e-08
   2.2106970e-08
   2.2186603e-08
   2.2268936e-08
   2.2407097e-08
   2.2476720e-08
   2.2557382e-08
   2.2672891e-08
   2.2738365e-08
   2.2903466e-08
   2.3018130e-08
   2.3071765e-08
   2.3110717e-08
   2.3160763e-08
   2.3289670e-08
   2.3449035e-08
   2.3544086e-08
   2.3621751e-08
   2.3672488e-08
   2.3798479e-08
   2.3859430e-08
   2.3905221e-08
   2.3959361e-08
   2.4175881e-08
   2.4214695e-08
   2.4226196e-08
   2.4276241e-08
   2.4306217e-08
   2.4368580e-08
   2.4477712e-08
   2.4667555e-08
   2.4761026e-08
   2.4888257e-08
   2.4924327e-08
   2.5032710e-08
   2.5103332e-08
   2.5189323e-08
   2.5245510e-08
   2.5274967e-08
   2.5307513e-08
   2.5414849e-08
   2.5545649e-08
   2.5548768e-08
   2.5616551e-08
   2.5710305e-08
   2.5789858e-08
   2.5843691e-08
   2.5876957e-08
   2.5907165e-08
   2.5946827e-08
   2.6035881e-08
   2.6096510e-08
   2.6138911e-08
   2.6162544e-08
   2.6210280e-08
   2.6316339e-08
   2.6394644e-08
   2.6478344e-08
   2.6564620e-08
   2.6609422e-08
   2.6685571e-08
   2.6838340e-08
   2.6961859e-08
   2.7073040e-08
   2.7113643e-08
   2.7142076e-08
   2.7234766e-08
   2.7269593e-08
   2.7425927e-08
   2.7544889e-08
   2.7599549e-08
   2.7656164e-08
   2.7692883e-08
   2.7763826e-08
   2.7786848e-08
   2.7907987e-08
   2.7940954e-08
   2.8002180e-08
   2.8134003e-08
   2.8212607e-08
   2.8244582e-08
   2.8324854e-08
   2.8507757e-08
   2.8643644e-08
   2.8670056e-08
   2.8754936e-08
   2.8843117e-08
   2.8927000e-08
   2.8999686e-08
   2.9115506e-08
   2.9182431e-08
   2.9204676e-08
   2.9245515e-08
   2.9377734e-08
   2.9557813e-08
   2.9606444e-08
   2.9626800e-08
   2.9696237e-08
   2.9794698e-08
   2.9950384e-08
   3.0052810e-08
   3.0083451e-08
   3.0145015e-08
   3.0173059e-08
   3.0260366e-08
   3.0304727e-08
   3.0522421e-08
   3.0553236e-08
   3.0572490e-08
   3.0639240e-08
   3.0708879e-08
   3.0768228e-08
   3.0859177e-08
   3.0988794e-08
   3.1037852e-08
   3.1091553e-08
   3.1171426e-08
   3.1224741e-08
   3.1379989e-08
   3.1440925e-08
   3.1578584e-08
   3.1650471e-08
   3.1880574e-08
   3.2064819e-08
   3.2165249e-08
   3.2181137e-08
   3.2259522e-08
   3.2419239e-08
   3.2462158e-08
   3.2535653e-08
   3.2652457e-08
   3.2734941e-08
   3.2751660e-08
   3.2855148e-08
   3.2924334e-08
   3.2972649e-08
   3.3048635e-08
   3.3165107e-08
   3.3240627e-08
   3.3334163e-08
   3.3473163e-08
   3.3593762e-08
   3.3758074e-08
   3.3908545e-08
   3.4026998e-08
   3.4078351e-08
   3.4143384e-08
   3.4227858e-08
   3.4324916e-08
   3.4484068e-08
   3.4582735e-08
   3.4631306e-08
   3.4691259e-08
   3.4773154e-08
   3.4837601e-08
   3.5000610e-08
   3.5079106e-08
   3.5090829e-08
   3.5184089e-08
   3.5236020e-08
   3.5320534e-08
   3.5535503e-08
   3.5689117e-08
   3.5727761e-08
   3.5767611e-08
   3.5834441e-08
   3.5886521e-08
   3.5909739e-08
   3.6046138e-08
   3.6118125e-08
   3.6188291e-08
   3.6307001e-08
   3.6347145e-08
   3.6377768e-08
   3.6473421e-08
   3.6585812e-08
   3.6604576e-08
   3.6635113e-08
   3.6710028e-08
   3.6755795e-08
   3.6773571e-08
   3.6791980e-08
   3.6901419e-08
   3.6965266e-08
   3.7055651e-08
   3.7139842e-08
   3.7261639e-08
   3.7303946e-08
   3.7315634e-08
   3.7375000e-08
   3.7400719e-08
   3.7468162e-08
   3.7567303e-08
   3.7624617e-08
   3.7649866e-08
   3.7726847e-08
   3.7768495e-08
   3.7916902e-08
   3.8005608e-08
   3.8086936e-08
   3.8144644e-08
   3.8280034e-08
   3.8334970e-08
   3.8384302e-08
   3.8513317e-08
   3.8676318e-08
   3.8806006e-08
   3.8848084e-08
   3.9021194e-08
   3.9194245e-08
   3.9244730e-08
   3.9300380e-08
   3.9363081e-08
   3.9487071e-08
   3.9606802e-08
   3.9701805e-08
   3.9786912e-08
   3.9821935e-08
   3.9863134e-08
   3.9968379e-08
   4.0074106e-08
   4.0213738e-08
   4.0489630e-08
   4.0564710e-08
   4.0670617e-08
   4.0759354e-08
   4.0832452e-08
   4.0958967e-08
   4.1054782e-08
   4.1080056e-08
   4.1142910e-08
   4.1211844e-08
   4.1358788e-08
   4.1392060e-08
   4.1501251e-08
   4.1587056e-08
   4.1733584e-08
   4.1838158e-08
   4.1889078e-08
   4.2038163e-08
   4.2158185e-08
   4.2207527e-08
   4.2318704e-08
   4.2384141e-08
   4.2417203e-08
   4.2468965e-08
   4.2501018e-08
   4.2670468e-08
   4.2822565e-08
   4.2859159e-08
   4.2915667e-08
   4.2971534e-08
   4.3017611e-08
   4.3093764e-08
   4.3124406e-08
   4.3155151e-08
   4.3293675e-08
   4.3459329e-08
   4.3569473e-08
   4.3740020e-08
   4.3875140e-08
   4.3952067e-08
   4.3970955e-08
   4.4009363e-08
   4.4042165e-08
   4.4143382e-08
   4.4246823e-08
   4.4340207e-08
   4.4414733e-08
   4.4652931e-08
   4.4698258e-08
   4.4785073e-08
   4.4887131e-08
   4.4965343e-08
   4.5053283e-08
   4.5147749e-08
   4.5235233e-08
   4.5366265e-08
   4.5504409e-08
   4.5567067e-08
   4.5704614e-08
   4.5750333e-08
   4.5827198e-08
   4.5861808e-08
   4.5999536e-08
   4.6019648e-08
   4.6091395e-08
   4.6264570e-08
   4.6294249e-08
   4.6424890e-08
   4.6629786e-08
   4.6730251e-08
   4.6933447e-08
   4.7006066e-08
   4.7117794e-08
   4.7180214e-08
   4.7215751e-08
   4.7278515e-08
   4.7341864e-08
   4.7406767e-08
   4.7454685e-08
   4.7556235e-08
   4.7603573e-08
   4.7638471e-08
   4.7707501e-08
   4.7823542e-08
   4.7841354e-08
   4.7901562e-08
   4.8003695e-08
   4.8085426e-08
   4.8213703e-08
   4.8315232e-08
   4.8399444e-08
   4.8629154e-08
   4.8735521e-08
   4.8814009e-08
   4.8909906e-08
   4.9055586e-08
   4.9164656e-08
   4.9245988e-08
   4.9334202e-08
   4.9392392e-08
   4.9491502e-08
   4.9614722e-08
   4.9648764e-08
   4.9679896e-08
   4.9786567e-08
   4.9867065e-08
   5.0008208e-08
   5.0115888e-08
   5.0175921e-08
   5.0284516e-08
   5.0354835e-08
   5.0451631e-08
   5.0476512e-08
   5.0496974e-08
   5.0642885e-08
   5.0672848e-08
   5.0827781e-08
   5.0938029e-08
   5.1019616e-08
   5.1135757e-08
   5.1187599e-08
   5.1335885e-08
   5.1460307e-08
   5.1601179e-08
   5.1665365e-08
   5.1795805e-08
   5.1834616e-08
   5.1880948e-08
   5.1955923e-08
   5.2004076e-08
   5.2033042e-08
   5.2179288e-08
   5.2200053e-08
   5.2354506e-08
   5.2498832e-08
   5.2600673e-08
   5.2659948e-08
   5.2732849e-08
   5.2836798e-08
   5.2939575e-08
   5.3057129e-08
