   5.2612576e-06
   1.7860729e-05
   1.7860729e-05
   6.1346239e-05
   7.0691366e-05
   1.1779356e-04
   1.1779356e-04
   1.2756983e-04
   1.3527769e-04
   1.3540029e-04
   2.3661707e-04
   2.3661707e-04
   2.5308768e-04
   2.5308768e-04
   2.7260260e-04
   2.7260260e-04
   2.9037405e-04
   2.9037405e-04
   3.0909379e-04
   3.0909379e-04
   3.3745621e-04
   3.5809880e-04
   3.5809880e-04
   3.5878942e-04
   3.7040434e-04
   4.6109065e-04
   4.6109065e-04
   4.6109065e-04
   4.6861167e-04
   4.9577845e-04
   4.9577845e-04
   5.3999729e-04
   5.5206314e-04
   5.6378289e-04
   6.5093625e-04
   6.5093625e-04
   6.9534375e-04
   6.9534375e-04
   6.9534375e-04
   6.9534375e-04
   7.0143683e-04
   7.0143683e-04
   7.1214162e-04
   7.1214162e-04
   7.1222176e-04
   7.2159643e-04
   7.2159643e-04
   7.2188859e-04
   7.2663015e-04
   7.2817785e-04
   7.3509066e-04
   7.3509066e-04
   7.3534305e-04
   7.7914369e-04
   7.7914369e-04
   7.9297119e-04
   7.9297119e-04
   8.0025628e-04
   8.1498279e-04
   8.4549522e-04
   8.8568707e-04
   8.8629081e-04
   9.3773724e-04
   9.3773724e-04
   9.3773724e-04
   9.4383251e-04
   9.4383251e-04
   9.8149407e-04
   9.8403616e-04
   9.8483577e-04
   9.9291738e-04
   9.9291738e-04
   9.9291738e-04
   1.0241891e-03
   1.0241891e-03
   1.0241891e-03
   1.0592119e-03
   1.0601068e-03
   1.1333686e-03
   1.1333686e-03
   1.1333686e-03
   1.1505696e-03
   1.1505696e-03
   1.1505696e-03
   1.1505696e-03
   1.1622597e-03
   1.1622597e-03
   1.1622597e-03
   1.1630147e-03
   1.1769316e-03
   1.1769316e-03
   1.1831516e-03
   1.1831516e-03
   1.1872567e-03
   1.2110385e-03
   1.2435912e-03
   1.2435912e-03
   1.2436748e-03
   1.2436748e-03
   1.2436748e-03
   1.2451762e-03
   1.2480661e-03
   1.2990048e-03
   1.2990048e-03
   1.3065080e-03
   1.3373391e-03
   1.3373391e-03
   1.3373391e-03
   1.3669173e-03
   1.3669173e-03
   1.3725624e-03
   1.4371557e-03
   1.4371557e-03
   1.4447025e-03
   1.4509007e-03
   1.4566718e-03
   1.4566718e-03
   1.4566921e-03
   1.4781510e-03
   1.5250389e-03
   1.5469568e-03
   1.5469568e-03
   1.5504885e-03
   1.5504885e-03
   1.5711473e-03
   1.5711473e-03
   1.5716588e-03
   1.6351212e-03
   1.6418281e-03
   1.6597316e-03
   1.6604003e-03
   1.6861102e-03
   1.6861102e-03
   1.6927375e-03
   1.7281622e-03
   1.7281622e-03
   1.7336296e-03
   1.7347235e-03
   1.7421952e-03
   1.7421952e-03
   1.7562499e-03
   1.7819049e-03
   1.7819049e-03
   1.7880844e-03
   1.8126948e-03
   1.8126948e-03
   1.8126948e-03
   1.8276279e-03
   1.8526664e-03
   1.8887473e-03
   1.9207820e-03
   1.9803001e-03
   1.9803001e-03
   1.9803001e-03
   1.9915762e-03
   1.9925911e-03
   2.0082437e-03
   2.0288803e-03
   2.0337060e-03
   2.0476488e-03
   2.0650471e-03
   2.0650471e-03
   2.0999771e-03
   2.1193124e-03
   2.1695745e-03
   2.1850178e-03
   2.1850178e-03
   2.2013766e-03
   2.2061312e-03
   2.2404607e-03
   2.2855989e-03
   2.2995838e-03
   2.3211170e-03
   2.4160613e-03
   2.4160613e-03
   2.4241240e-03
   2.4424309e-03
   2.4441440e-03
   2.4457120e-03
   2.4480858e-03
   2.4620621e-03
   2.4688793e-03
   2.4688793e-03
   2.4688793e-03
   2.4691992e-03
   2.5054154e-03
   2.5054154e-03
   2.5069993e-03
   2.5079179e-03
   2.5388168e-03
   2.5388168e-03
   2.5388168e-03
   2.5388168e-03
   2.5461187e-03
   2.5868507e-03
   2.5889281e-03
   2.6363098e-03
   2.6363098e-03
   2.6363098e-03
   2.6363098e-03
   2.6982648e-03
   2.6982648e-03
   2.6982648e-03
   2.7285071e-03
   2.7292826e-03
   2.7729780e-03
   2.7729780e-03
   2.7859718e-03
   2.7859718e-03
   2.7884767e-03
   2.7906776e-03
   2.8169680e-03
   2.8169680e-03
   2.8169680e-03
   2.8200395e-03
   2.8273331e-03
   2.8273331e-03
   2.8308056e-03
   2.8344281e-03
   2.8621629e-03
   2.8621629e-03
   2.8749991e-03
   2.8774992e-03
   2.9221360e-03
   2.9510796e-03
   3.0001711e-03
   3.0001711e-03
   3.0044364e-03
   3.0176775e-03
   3.0539160e-03
   3.0646216e-03
   3.0844455e-03
   3.0844455e-03
   3.0844455e-03
   3.1031481e-03
   3.1031481e-03
   3.1071218e-03
   3.1224958e-03
   3.1224958e-03
   3.1411462e-03
   3.1411462e-03
   3.1740771e-03
   3.1895079e-03
   3.2494732e-03
   3.2542536e-03
   3.2559476e-03
   3.2559476e-03
   3.2559476e-03
   3.2633407e-03
   3.3091986e-03
   3.3091986e-03
   3.3220175e-03
   3.3220175e-03
   3.3502496e-03
   3.3671200e-03
   3.4331689e-03
   3.4881532e-03
   3.4904091e-03
   3.5151563e-03
   3.5151563e-03
   3.5329580e-03
   3.5329580e-03
   3.5349154e-03
   3.5530132e-03
   3.5530132e-03
   3.5530132e-03
   3.5540032e-03
   3.5540032e-03
   3.5854962e-03
   3.5854962e-03
   3.5986367e-03
   3.6638851e-03
   3.6638851e-03
   3.6638851e-03
   3.7335386e-03
   3.7476520e-03
   3.7618864e-03
   3.7714421e-03
   3.7739642e-03
   3.7750421e-03
   3.8410218e-03
   3.8412445e-03
   3.8455363e-03
   3.8633709e-03
   3.8924786e-03
   3.8924786e-03
   3.9358761e-03
   3.9358761e-03
   3.9361788e-03
   3.9414737e-03
   3.9414737e-03
   3.9415875e-03
   3.9546215e-03
   3.9559304e-03
   3.9559304e-03
   3.9710042e-03
   3.9710042e-03
   3.9710042e-03
   3.9921495e-03
   4.0011448e-03
   4.0085715e-03
   4.0085715e-03
   4.0113359e-03
   4.0835669e-03
   4.1250354e-03
   4.1345007e-03
   4.1806477e-03
   4.1806477e-03
   4.1806477e-03
   4.1806477e-03
   4.2043926e-03
   4.2589885e-03
   4.3146924e-03
   4.3146924e-03
   4.3146924e-03
   4.3146924e-03
   4.3171911e-03
   4.3171911e-03
   4.3172450e-03
   4.3190497e-03
   4.3211915e-03
   4.3272289e-03
   4.3281805e-03
   4.3307719e-03
   4.3314371e-03
   4.3403310e-03
   4.3415679e-03
   4.3833408e-03
   4.3875673e-03
   4.3875673e-03
   4.3920172e-03
   4.3920172e-03
   4.4086910e-03
   4.4086910e-03
   4.4086910e-03
   4.4169234e-03
   4.4366412e-03
   4.4366412e-03
   4.4524288e-03
   4.4524288e-03
   4.4532168e-03
   4.4609096e-03
   4.5048888e-03
   4.5308621e-03
   4.5308621e-03
   4.5565239e-03
   4.5854500e-03
   4.5866455e-03
   4.5870890e-03
   4.5924242e-03
   4.6206108e-03
   4.6323465e-03
   4.6379465e-03
   4.6451029e-03
   4.6470932e-03
   4.6584487e-03
   4.6709467e-03
   4.6709467e-03
   4.7106758e-03
   4.7106758e-03
   4.7190434e-03
   4.7365424e-03
   4.7416676e-03
   4.7519402e-03
   4.7636206e-03
   4.7636206e-03
   4.7766004e-03
   4.7766004e-03
   4.8026970e-03
   4.8026970e-03
   4.8352613e-03
   4.8352613e-03
   4.8352613e-03
   4.8379089e-03
   4.8393701e-03
   4.8395999e-03
   4.8398905e-03
   4.8407643e-03
   4.8484321e-03
   4.8484321e-03
   4.8484321e-03
   4.8484321e-03
   4.8490216e-03
   4.8580181e-03
   4.8857171e-03
   4.8881521e-03
   4.9390036e-03
   4.9522220e-03
   5.0161419e-03
   5.0208609e-03
   5.0508316e-03
   5.1049553e-03
   5.1400206e-03
   5.1402717e-03
   5.1402717e-03
   5.1845929e-03
   5.1845929e-03
   5.1845929e-03
   5.1845929e-03
   5.1857286e-03
   5.1860092e-03
   5.1893118e-03
   5.1893118e-03
   5.2244571e-03
   5.2448583e-03
   5.2953095e-03
   5.2953095e-03
   5.2954160e-03
   5.2966564e-03
   5.3024875e-03
   5.3262509e-03
   5.3262509e-03
   5.3501505e-03
   5.3589188e-03
   5.3874380e-03
   5.3874380e-03
   5.3874380e-03
   5.3892519e-03
   5.3892519e-03
   5.3948532e-03
   5.3961340e-03
   5.3984493e-03
   5.3984493e-03
   5.4656278e-03
   5.4916982e-03
   5.5886719e-03
   5.5886719e-03
   5.6012950e-03
   5.6012950e-03
   5.6041352e-03
   5.6068417e-03
   5.6185179e-03
   5.6190650e-03
   5.6307668e-03
   5.6372798e-03
   5.6450457e-03
   5.6450457e-03
   5.6540775e-03
   5.6540775e-03
   5.6863647e-03
   5.7088148e-03
   5.7088148e-03
   5.7149800e-03
   5.7441673e-03
   5.7562268e-03
   5.7783657e-03
   5.7913117e-03
   5.7958210e-03
   5.8268797e-03
   5.8382881e-03
   5.8382881e-03
   5.8382881e-03
   5.8411587e-03
   5.9040794e-03
   5.9040794e-03
   5.9040794e-03
   5.9040794e-03
   5.9040794e-03
   5.9149252e-03
   5.9216151e-03
   5.9681928e-03
   5.9821054e-03
   5.9880181e-03
   6.0184692e-03
   6.0513346e-03
   6.0563337e-03
   6.0917408e-03
   6.1188801e-03
   6.1246612e-03
   6.1863258e-03
   6.2020703e-03
   6.2064228e-03
   6.2354081e-03
   6.2354081e-03
   6.2354081e-03
   6.2616005e-03
   6.2616005e-03
   6.2625449e-03
   6.3051265e-03
   6.3051265e-03
   6.3062313e-03
   6.3062313e-03
   6.3450477e-03
   6.3878131e-03
   6.3878131e-03
   6.3913723e-03
   6.4191464e-03
   6.4191464e-03
   6.4193456e-03
   6.4477488e-03
   6.4523995e-03
   6.4523995e-03
   6.4657507e-03
   6.4877227e-03
   6.5715529e-03
   6.6182509e-03
   6.6513528e-03
   6.6588296e-03
   6.6950975e-03
   6.6950975e-03
   6.6950975e-03
   6.6950975e-03
   6.6958703e-03
   6.7115189e-03
   6.7166105e-03
   6.7166105e-03
   6.7317723e-03
   6.7356492e-03
   6.7356492e-03
   6.7512101e-03
   6.7512101e-03
   6.7714294e-03
   6.7918675e-03
   6.8132457e-03
   6.8136997e-03
   6.8356327e-03
   6.9204696e-03
   6.9230210e-03
   6.9323205e-03
   6.9347169e-03
   6.9380597e-03
   6.9678136e-03
   6.9678136e-03
   6.9678136e-03
   7.0058445e-03
   7.0058445e-03
   7.0345839e-03
   7.0345839e-03
   7.0434167e-03
   7.0434167e-03
   7.0434167e-03
   7.0524069e-03
   7.1012150e-03
   7.1012150e-03
   7.1012150e-03
   7.1012150e-03
   7.1161270e-03
   7.1295903e-03
   7.1295903e-03
   7.1355872e-03
   7.1548879e-03
   7.1978160e-03
   7.1978160e-03
   7.1978160e-03
   7.1978160e-03
   7.2014546e-03
   7.2021078e-03
   7.2453466e-03
   7.2453466e-03
   7.2606426e-03
   7.2727126e-03
   7.3419102e-03
   7.3419102e-03
   7.3466087e-03
   7.3477062e-03
   7.4282673e-03
   7.4575648e-03
   7.5575133e-03
   7.5575133e-03
   7.5575133e-03
   7.5597685e-03
   7.5744202e-03
   7.5744202e-03
   7.5882426e-03
   7.5882426e-03
   7.5882426e-03
   7.6201616e-03
   7.6303952e-03
   7.6764195e-03
   7.7235527e-03
   7.7235527e-03
   7.7235527e-03
   7.7294673e-03
   7.7301936e-03
   7.7345682e-03
   7.7834311e-03
   7.7834311e-03
   7.7993686e-03
   7.8328638e-03
   7.8328638e-03
   7.9281722e-03
   7.9789629e-03
   7.9807224e-03
   7.9996793e-03
   7.9996793e-03
   8.0163912e-03
   8.0180435e-03
   8.0303940e-03
   8.0427557e-03
   8.0535740e-03
   8.0566753e-03
   8.0623578e-03
   8.0623578e-03
   8.0638083e-03
   8.0638083e-03
   8.0638083e-03
   8.0697028e-03
   8.0969106e-03
   8.1049032e-03
   8.1049032e-03
   8.1069470e-03
   8.1139558e-03
   8.1139558e-03
   8.1139558e-03
   8.1221930e-03
   8.1538017e-03
   8.1584410e-03
   8.1587197e-03
   8.1637921e-03
   8.1637921e-03
   8.1724904e-03
   8.1724904e-03
   8.1875641e-03
   8.1878521e-03
   8.1879378e-03
   8.2554486e-03
   8.2554486e-03
   8.2554486e-03
   8.2554486e-03
   8.3198808e-03
   8.4132007e-03
   8.4173779e-03
   8.4173779e-03
   8.4173779e-03
   8.4504698e-03
   8.4504698e-03
   8.4504698e-03
   8.4586425e-03
   8.4586425e-03
   8.4608820e-03
   8.5430260e-03
   8.5475938e-03
   8.5555774e-03
   8.5684812e-03
   8.6356471e-03
   8.6611006e-03
   8.6851850e-03
   8.7286472e-03
   8.7313318e-03
   8.7488129e-03
   8.8822440e-03
   8.8822440e-03
   8.8822440e-03
   8.8902985e-03
   8.9219050e-03
   8.9219050e-03
   8.9676984e-03
   8.9676984e-03
   8.9715658e-03
   8.9768769e-03
   9.0129110e-03
   9.0320352e-03
   9.0320352e-03
   9.0390870e-03
   9.0390870e-03
   9.0390870e-03
   9.0390870e-03
   9.0447847e-03
   9.0511061e-03
   9.0565052e-03
   9.0771121e-03
   9.0777884e-03
   9.1429788e-03
   9.1617493e-03
   9.1697292e-03
   9.1697292e-03
   9.1711770e-03
   9.1880669e-03
   9.1880669e-03
   9.2080588e-03
   9.2080588e-03
   9.2171515e-03
   9.2287935e-03
   9.2287935e-03
   9.2397097e-03
   9.2603894e-03
   9.2603894e-03
   9.2618863e-03
   9.3077448e-03
   9.3476741e-03
   9.3548048e-03
   9.3629775e-03
   9.3722429e-03
   9.4242579e-03
   9.4242579e-03
   9.4436332e-03
   9.4436332e-03
   9.4522397e-03
   9.4529133e-03
   9.4529133e-03
   9.4587513e-03
   9.5124014e-03
   9.5124014e-03
   9.5124014e-03
   9.5291089e-03
   9.5649403e-03
   9.5649403e-03
   9.5654501e-03
   9.5654501e-03
   9.5783071e-03
   9.5843345e-03
   9.5843345e-03
   9.6074137e-03
   9.6076831e-03
   9.6226259e-03
   9.7100684e-03
   9.7100684e-03
   9.7267593e-03
   9.7267593e-03
   9.7267593e-03
   9.8177382e-03
   9.8177382e-03
   9.8227268e-03
   9.8330541e-03
   9.8495833e-03
   9.8495833e-03
   9.8495833e-03
   9.8495833e-03
   9.8581966e-03
   9.8718110e-03
   9.8718110e-03
   9.8759420e-03
   9.8798397e-03
   9.8798397e-03
   9.8804140e-03
   9.8850995e-03
   9.9111232e-03
   9.9161668e-03
   9.9213352e-03
   9.9213352e-03
   9.9316722e-03
   9.9316722e-03
   9.9336463e-03
   9.9345058e-03
   9.9896041e-03
   9.9896041e-03
   9.9986402e-03
   1.0001534e-02
   1.0015709e-02
   1.0015709e-02
   1.0024143e-02
   1.0025488e-02
   1.0046694e-02
   1.0073216e-02
   1.0073216e-02
   1.0081935e-02
   1.0115659e-02
   1.0115659e-02
   1.0118167e-02
   1.0118167e-02
   1.0138909e-02
   1.0138909e-02
   1.0139468e-02
   1.0152227e-02
   1.0152227e-02
   1.0152227e-02
   1.0174033e-02
   1.0186717e-02
   1.0186717e-02
   1.0193927e-02
   1.0193927e-02
   1.0193927e-02
   1.0193927e-02
   1.0211913e-02
   1.0237635e-02
   1.0259237e-02
   1.0259237e-02
   1.0310903e-02
   1.0310903e-02
   1.0324336e-02
   1.0330321e-02
   1.0362837e-02
   1.0411931e-02
   1.0453311e-02
   1.0459859e-02
   1.0495406e-02
   1.0495406e-02
   1.0531883e-02
   1.0531883e-02
   1.0559129e-02
   1.0577823e-02
   1.0577823e-02
   1.0584696e-02
   1.0584696e-02
   1.0606243e-02
   1.0668537e-02
   1.0668537e-02
   1.0683618e-02
   1.0687273e-02
   1.0707377e-02
   1.0707377e-02
   1.0707377e-02
   1.0711369e-02
   1.0729769e-02
   1.0738156e-02
   1.0774783e-02
   1.0815753e-02
   1.0821401e-02
   1.0843948e-02
   1.0843948e-02
   1.0844663e-02
   1.0844663e-02
   1.0844853e-02
   1.0845844e-02
   1.0845844e-02
   1.0850540e-02
   1.0850931e-02
   1.0877782e-02
   1.0898951e-02
   1.0936116e-02
   1.0936116e-02
   1.0979165e-02
   1.0979631e-02
   1.0981398e-02
   1.1022409e-02
   1.1022409e-02
   1.1024410e-02
   1.1035855e-02
   1.1064633e-02
   1.1064633e-02
   1.1082538e-02
   1.1159490e-02
   1.1159490e-02
   1.1172500e-02
   1.1172500e-02
   1.1172500e-02
   1.1173143e-02
   1.1174179e-02
   1.1194593e-02
   1.1218627e-02
   1.1320615e-02
   1.1320615e-02
   1.1320615e-02
   1.1321906e-02
   1.1336708e-02
   1.1357138e-02
   1.1357138e-02
   1.1367438e-02
   1.1429776e-02
   1.1443395e-02
   1.1443395e-02
   1.1443977e-02
   1.1479918e-02
   1.1521241e-02
   1.1521241e-02
   1.1521242e-02
   1.1521242e-02
   1.1554586e-02
   1.1555933e-02
   1.1559957e-02
   1.1565156e-02
   1.1565156e-02
   1.1567114e-02
   1.1571688e-02
   1.1572467e-02
   1.1573710e-02
   1.1573717e-02
   1.1650949e-02
   1.1650949e-02
   1.1668876e-02
   1.1668876e-02
   1.1676277e-02
   1.1678510e-02
   1.1678510e-02
   1.1682196e-02
   1.1682196e-02
   1.1712025e-02
   1.1884598e-02
   1.1893379e-02
   1.1904502e-02
   1.1936433e-02
   1.1936433e-02
   1.1948762e-02
   1.1948762e-02
   1.1986527e-02
   1.2053842e-02
   1.2053842e-02
   1.2071708e-02
   1.2071708e-02
   1.2073143e-02
   1.2128865e-02
   1.2128865e-02
   1.2128865e-02
   1.2130212e-02
   1.2152741e-02
   1.2152741e-02
   1.2156455e-02
   1.2201240e-02
   1.2201240e-02
   1.2225021e-02
   1.2225021e-02
   1.2225334e-02
   1.2266105e-02
   1.2266105e-02
   1.2266105e-02
   1.2267955e-02
   1.2268058e-02
   1.2285713e-02
   1.2294484e-02
   1.2310806e-02
   1.2326524e-02
   1.2354599e-02
   1.2354599e-02
   1.2354599e-02
   1.2370371e-02
   1.2370371e-02
   1.2370371e-02
   1.2414210e-02
   1.2414210e-02
   1.2414210e-02
   1.2431866e-02
   1.2431866e-02
   1.2433856e-02
   1.2433856e-02
   1.2456509e-02
   1.2456509e-02
   1.2468206e-02
   1.2474551e-02
   1.2617611e-02
   1.2617611e-02
   1.2617611e-02
   1.2617611e-02
   1.2650037e-02
   1.2680120e-02
   1.2717716e-02
   1.2724410e-02
   1.2724410e-02
   1.2726988e-02
   1.2737824e-02
   1.2737824e-02
   1.2818539e-02
   1.2818539e-02
   1.2825854e-02
   1.2837037e-02
   1.2837037e-02
   1.2864364e-02
   1.2868101e-02
   1.2923993e-02
   1.2937896e-02
   1.2974562e-02
   1.2981022e-02
   1.2981022e-02
   1.2981186e-02
   1.2998637e-02
   1.2998637e-02
   1.3002977e-02
   1.3023721e-02
   1.3023721e-02
   1.3041212e-02
   1.3055160e-02
   1.3061451e-02
   1.3063306e-02
   1.3094861e-02
   1.3105289e-02
   1.3120426e-02
   1.3123817e-02
   1.3157532e-02
   1.3157532e-02
   1.3172677e-02
   1.3172677e-02
   1.3173412e-02
   1.3173412e-02
   1.3173412e-02
   1.3173904e-02
   1.3197650e-02
   1.3197650e-02
   1.3197650e-02
   1.3198172e-02
   1.3233328e-02
   1.3233328e-02
   1.3234562e-02
   1.3276095e-02
   1.3276095e-02
   1.3280415e-02
   1.3280415e-02
   1.3293831e-02
   1.3293831e-02
   1.3296185e-02
   1.3297885e-02
   1.3297885e-02
   1.3300966e-02
   1.3314847e-02
   1.3314847e-02
   1.3319271e-02
   1.3346443e-02
   1.3347942e-02
   1.3352979e-02
   1.3354331e-02
   1.3365780e-02
   1.3487601e-02
   1.3487601e-02
   1.3487601e-02
   1.3487601e-02
   1.3503808e-02
   1.3503808e-02
   1.3507373e-02
   1.3521277e-02
   1.3521277e-02
   1.3521619e-02
   1.3562050e-02
   1.3569352e-02
   1.3577344e-02
   1.3577344e-02
   1.3577525e-02
   1.3584168e-02
   1.3590816e-02
   1.3590816e-02
   1.3590816e-02
   1.3591012e-02
   1.3615241e-02
   1.3615241e-02
   1.3693749e-02
   1.3695630e-02
   1.3710026e-02
   1.3710026e-02
   1.3754587e-02
   1.3754587e-02
   1.3782221e-02
   1.3782221e-02
   1.3789440e-02
   1.3829627e-02
   1.3829627e-02
   1.3861307e-02
   1.3985676e-02
   1.3985676e-02
   1.3988015e-02
   1.3988015e-02
   1.3988015e-02
   1.3991099e-02
   1.3991886e-02
   1.3992188e-02
   1.3995868e-02
   1.4055481e-02
   1.4055481e-02
   1.4093604e-02
   1.4093604e-02
   1.4102347e-02
   1.4114842e-02
   1.4114842e-02
   1.4120032e-02
   1.4125668e-02
   1.4125668e-02
   1.4125668e-02
   1.4146599e-02
   1.4153411e-02
   1.4153411e-02
   1.4153411e-02
   1.4201116e-02
   1.4201116e-02
   1.4207510e-02
   1.4207510e-02
   1.4207510e-02
   1.4216507e-02
   1.4219276e-02
   1.4226384e-02
   1.4231874e-02
   1.4231874e-02
   1.4243662e-02
   1.4254568e-02
   1.4267278e-02
   1.4267349e-02
   1.4271789e-02
   1.4283957e-02
   1.4289263e-02
   1.4376439e-02
   1.4376439e-02
   1.4380719e-02
   1.4381692e-02
   1.4381692e-02
   1.4398586e-02
   1.4462128e-02
   1.4512060e-02
   1.4512060e-02
   1.4512969e-02
   1.4515996e-02
   1.4515996e-02
   1.4536941e-02
   1.4536941e-02
   1.4536941e-02
   1.4539763e-02
   1.4540099e-02
   1.4540228e-02
   1.4546530e-02
   1.4546564e-02
   1.4640066e-02
   1.4692004e-02
   1.4692004e-02
   1.4699194e-02
   1.4699194e-02
   1.4735642e-02
   1.4735642e-02
   1.4742087e-02
   1.4759557e-02
   1.4759778e-02
   1.4784227e-02
   1.4784227e-02
   1.4785025e-02
   1.4785701e-02
   1.4839471e-02
   1.4839471e-02
   1.4839471e-02
   1.4864960e-02
   1.4882575e-02
   1.4883574e-02
   1.4883574e-02
   1.4885575e-02
   1.4887862e-02
   1.4897547e-02
   1.4911752e-02
   1.4927180e-02
   1.4927180e-02
   1.4968764e-02
   1.4968764e-02
   1.4968764e-02
   1.4969474e-02
   1.4969474e-02
   1.4996989e-02
   1.4996989e-02
   1.4999831e-02
   1.4999950e-02
   1.5007184e-02
   1.5012458e-02
   1.5035385e-02
   1.5035385e-02
   1.5038658e-02
   1.5044671e-02
   1.5063432e-02
   1.5073598e-02
   1.5087384e-02
   1.5087384e-02
   1.5109327e-02
   1.5138438e-02
   1.5139441e-02
   1.5171611e-02
   1.5187752e-02
   1.5187752e-02
   1.5189509e-02
   1.5191409e-02
   1.5216117e-02
   1.5235775e-02
   1.5235775e-02
   1.5244044e-02
   1.5244917e-02
   1.5299258e-02
   1.5318642e-02
   1.5318642e-02
   1.5373534e-02
   1.5375641e-02
   1.5377547e-02
   1.5493766e-02
   1.5493766e-02
   1.5530033e-02
   1.5554777e-02
   1.5554777e-02
   1.5555890e-02
   1.5559408e-02
   1.5569743e-02
   1.5571051e-02
   1.5571051e-02
   1.5571070e-02
   1.5656296e-02
   1.5684468e-02
   1.5690361e-02
   1.5694841e-02
   1.5710559e-02
   1.5710559e-02
   1.5743794e-02
   1.5743794e-02
   1.5766011e-02
   1.5766011e-02
   1.5784055e-02
   1.5793603e-02
   1.5805473e-02
   1.5857557e-02
   1.5911332e-02
   1.5911332e-02
   1.5913533e-02
   1.5920189e-02
   1.5920189e-02
   1.5927502e-02
   1.5942969e-02
   1.5954795e-02
   1.5967560e-02
   1.5978691e-02
   1.5986262e-02
   1.6065229e-02
   1.6115729e-02
   1.6115729e-02
   1.6124136e-02
   1.6124136e-02
   1.6156834e-02
   1.6156834e-02
   1.6173253e-02
   1.6178674e-02
   1.6178674e-02
   1.6187018e-02
   1.6222171e-02
   1.6238737e-02
   1.6266751e-02
   1.6275326e-02
   1.6275326e-02
   1.6292441e-02
   1.6312662e-02
   1.6360208e-02
   1.6360208e-02
   1.6389955e-02
   1.6398651e-02
   1.6411337e-02
   1.6411337e-02
   1.6437375e-02
   1.6452572e-02
   1.6452572e-02
   1.6452572e-02
   1.6559528e-02
   1.6559528e-02
   1.6577663e-02
   1.6601528e-02
   1.6616805e-02
   1.6629692e-02
   1.6632740e-02
   1.6644578e-02
   1.6644578e-02
   1.6661770e-02
   1.6679641e-02
   1.6679641e-02
   1.6689321e-02
   1.6689321e-02
   1.6699441e-02
   1.6700751e-02
   1.6760512e-02
   1.6760512e-02
   1.6760512e-02
   1.6765949e-02
   1.6765949e-02
   1.6789300e-02
   1.6789300e-02
   1.6802303e-02
   1.6821958e-02
   1.6821958e-02
   1.6857013e-02
   1.6857013e-02
   1.6864014e-02
   1.6885723e-02
   1.6889701e-02
   1.6896576e-02
   1.6896576e-02
   1.6940314e-02
   1.6955677e-02
   1.6955677e-02
   1.6956656e-02
   1.6962189e-02
   1.6973243e-02
   1.6986420e-02
   1.6986420e-02
   1.7042951e-02
   1.7042951e-02
   1.7078814e-02
   1.7078814e-02
   1.7078814e-02
   1.7086360e-02
   1.7086360e-02
   1.7090424e-02
   1.7092194e-02
   1.7107536e-02
   1.7107536e-02
   1.7115495e-02
   1.7166916e-02
   1.7175161e-02
   1.7182449e-02
   1.7200539e-02
   1.7244616e-02
   1.7244616e-02
   1.7244616e-02
   1.7245552e-02
   1.7264859e-02
   1.7265633e-02
   1.7269798e-02
   1.7283973e-02
   1.7283973e-02
   1.7283973e-02
   1.7296025e-02
   1.7299169e-02
   1.7327699e-02
   1.7327699e-02
   1.7330688e-02
   1.7331197e-02
   1.7331197e-02
   1.7348922e-02
   1.7348922e-02
   1.7355438e-02
   1.7356368e-02
   1.7363198e-02
   1.7365962e-02
   1.7371024e-02
   1.7373119e-02
   1.7407498e-02
   1.7407498e-02
   1.7411869e-02
   1.7411869e-02
   1.7437450e-02
   1.7452916e-02
   1.7452916e-02
   1.7452916e-02
   1.7453721e-02
   1.7499530e-02
   1.7556074e-02
   1.7556074e-02
   1.7556074e-02
   1.7557757e-02
   1.7579159e-02
   1.7579159e-02
   1.7579194e-02
   1.7587303e-02
   1.7637314e-02
   1.7637314e-02
   1.7639432e-02
   1.7700420e-02
   1.7700420e-02
   1.7703286e-02
   1.7719125e-02
   1.7727695e-02
   1.7744483e-02
   1.7744591e-02
   1.7769164e-02
   1.7774553e-02
   1.7808648e-02
   1.7808648e-02
   1.7823286e-02
   1.7823286e-02
   1.7861223e-02
   1.7861223e-02
   1.7915209e-02
   1.7915209e-02
   1.7915209e-02
   1.7917025e-02
   1.7917025e-02
   1.7919441e-02
   1.7928881e-02
   1.7936656e-02
   1.7942035e-02
   1.7944518e-02
   1.7956289e-02
   1.7964442e-02
   1.7964442e-02
   1.7998885e-02
   1.7998885e-02
   1.7998885e-02
   1.8012057e-02
   1.8016166e-02
   1.8031112e-02
   1.8031112e-02
   1.8034158e-02
   1.8034158e-02
   1.8035211e-02
   1.8082665e-02
   1.8082665e-02
   1.8082696e-02
   1.8082845e-02
   1.8086845e-02
   1.8099031e-02
   1.8113896e-02
   1.8129518e-02
   1.8132350e-02
   1.8140193e-02
   1.8187081e-02
   1.8187081e-02
   1.8215510e-02
   1.8215510e-02
   1.8216832e-02
   1.8216832e-02
   1.8216832e-02
   1.8216832e-02
   1.8235969e-02
   1.8258365e-02
   1.8258365e-02
   1.8263345e-02
   1.8273778e-02
   1.8274626e-02
   1.8300423e-02
   1.8316923e-02
   1.8348878e-02
   1.8348878e-02
   1.8349185e-02
   1.8401437e-02
   1.8496492e-02
   1.8507069e-02
   1.8526146e-02
   1.8526146e-02
   1.8526519e-02
   1.8526519e-02
   1.8526519e-02
   1.8526519e-02
   1.8526908e-02
   1.8579500e-02
   1.8691343e-02
   1.8703386e-02
   1.8704889e-02
   1.8704889e-02
   1.8705950e-02
   1.8706702e-02
   1.8749812e-02
   1.8749812e-02
   1.8776225e-02
   1.8830540e-02
   1.8883675e-02
   1.8936251e-02
   1.8941955e-02
   1.8941989e-02
   1.8949433e-02
   1.9032073e-02
   1.9051516e-02
   1.9074281e-02
   1.9074281e-02
   1.9135278e-02
   1.9177432e-02
   1.9177432e-02
   1.9183455e-02
   1.9183596e-02
   1.9204052e-02
   1.9204052e-02
   1.9212582e-02
   1.9213562e-02
   1.9217936e-02
   1.9220958e-02
   1.9222582e-02
   1.9241178e-02
   1.9241178e-02
   1.9249275e-02
   1.9249275e-02
   1.9251591e-02
   1.9283722e-02
   1.9283722e-02
   1.9283722e-02
   1.9335427e-02
   1.9348735e-02
   1.9348735e-02
   1.9348735e-02
   1.9349937e-02
   1.9359275e-02
   1.9359275e-02
   1.9359397e-02
   1.9365646e-02
   1.9368357e-02
   1.9396091e-02
   1.9396091e-02
   1.9422724e-02
   1.9425399e-02
   1.9470152e-02
   1.9470152e-02
   1.9486506e-02
   1.9531329e-02
   1.9572447e-02
   1.9572803e-02
   1.9572803e-02
   1.9582120e-02
   1.9628625e-02
   1.9680976e-02
   1.9680976e-02
   1.9701907e-02
   1.9707151e-02
   1.9707151e-02
   1.9707151e-02
   1.9707371e-02
   1.9712700e-02
   1.9712700e-02
   1.9726445e-02
   1.9731105e-02
   1.9733465e-02
   1.9733465e-02
   1.9747140e-02
   1.9770578e-02
   1.9773914e-02
   1.9773914e-02
   1.9777087e-02
   1.9785296e-02
   1.9785296e-02
   1.9785388e-02
   1.9785471e-02
   1.9785539e-02
   1.9807781e-02
   1.9810763e-02
   1.9810763e-02
   1.9810763e-02
   1.9810987e-02
   1.9817676e-02
   1.9875816e-02
   1.9877643e-02
   1.9877643e-02
   1.9889234e-02
   1.9889234e-02
   1.9891944e-02
   1.9922175e-02
   1.9922175e-02
   1.9933040e-02
   1.9982427e-02
   1.9982427e-02
   1.9991037e-02
   2.0015018e-02
   2.0019391e-02
   2.0019391e-02
   2.0019391e-02
   2.0050969e-02
   2.0073751e-02
   2.0073751e-02
   2.0118345e-02
   2.0132376e-02
   2.0148033e-02
   2.0153518e-02
   2.0156880e-02
   2.0156880e-02
   2.0180213e-02
   2.0193693e-02
   2.0193693e-02
   2.0243790e-02
   2.0245801e-02
   2.0245809e-02
   2.0268933e-02
   2.0268933e-02
   2.0272358e-02
   2.0272358e-02
   2.0286814e-02
   2.0286814e-02
   2.0302626e-02
   2.0321226e-02
   2.0325730e-02
   2.0325730e-02
   2.0335270e-02
   2.0396268e-02
   2.0396268e-02
   2.0422131e-02
   2.0426286e-02
   2.0451442e-02
   2.0451442e-02
   2.0452418e-02
   2.0453905e-02
   2.0454012e-02
   2.0462294e-02
   2.0484535e-02
   2.0484535e-02
   2.0505127e-02
   2.0526310e-02
   2.0543414e-02
   2.0544136e-02
   2.0544318e-02
   2.0563581e-02
   2.0565997e-02
   2.0570683e-02
   2.0570683e-02
   2.0570683e-02
   2.0577707e-02
   2.0608806e-02
   2.0608806e-02
   2.0608806e-02
   2.0610377e-02
   2.0621248e-02
   2.0625612e-02
   2.0638128e-02
   2.0640594e-02
   2.0640599e-02
   2.0647668e-02
   2.0662896e-02
   2.0742554e-02
   2.0742554e-02
   2.0743690e-02
   2.0758800e-02
   2.0769172e-02
   2.0771083e-02
   2.0786344e-02
   2.0808405e-02
   2.0808405e-02
   2.0812764e-02
   2.0812793e-02
   2.0841108e-02
   2.0841108e-02
   2.0848387e-02
   2.0848387e-02
   2.0853780e-02
   2.0872816e-02
   2.0886620e-02
   2.0886620e-02
   2.0886620e-02
   2.0894684e-02
   2.0894684e-02
   2.0905271e-02
   2.0913023e-02
   2.0920092e-02
   2.0922442e-02
   2.0922475e-02
   2.0934814e-02
   2.0941401e-02
   2.0941401e-02
   2.0947886e-02
   2.0948667e-02
   2.0954768e-02
   2.0954768e-02
   2.0994032e-02
   2.1072027e-02
   2.1107446e-02
   2.1109094e-02
   2.1116291e-02
   2.1128130e-02
   2.1132514e-02
   2.1153642e-02
   2.1153642e-02
   2.1169620e-02
   2.1197302e-02
   2.1197302e-02
   2.1230749e-02
   2.1269194e-02
   2.1294080e-02
   2.1352214e-02
   2.1378840e-02
   2.1390402e-02
   2.1394395e-02
   2.1394395e-02
   2.1394506e-02
   2.1395159e-02
   2.1400313e-02
   2.1443934e-02
   2.1443934e-02
   2.1445345e-02
   2.1450575e-02
   2.1451714e-02
   2.1452787e-02
   2.1452787e-02
   2.1457715e-02
   2.1457715e-02
   2.1457892e-02
   2.1542210e-02
   2.1566407e-02
   2.1595458e-02
   2.1604730e-02
   2.1642119e-02
   2.1642119e-02
   2.1646336e-02
   2.1646336e-02
   2.1654583e-02
   2.1654583e-02
   2.1654583e-02
   2.1654583e-02
   2.1659875e-02
   2.1678482e-02
   2.1742342e-02
   2.1748862e-02
   2.1751911e-02
   2.1828769e-02
   2.1996183e-02
   2.1996183e-02
   2.2020988e-02
   2.2055064e-02
   2.2055064e-02
   2.2056304e-02
   2.2056615e-02
   2.2066249e-02
   2.2127676e-02
   2.2216047e-02
   2.2247908e-02
   2.2277731e-02
   2.2279157e-02
   2.2279246e-02
   2.2300420e-02
   2.2300420e-02
   2.2300420e-02
   2.2301490e-02
   2.2306681e-02
   2.2313358e-02
   2.2361265e-02
   2.2361265e-02
   2.2361959e-02
   2.2363692e-02
   2.2365197e-02
   2.2365197e-02
   2.2365614e-02
   2.2373737e-02
   2.2393944e-02
   2.2394255e-02
   2.2394255e-02
   2.2395491e-02
   2.2397264e-02
   2.2397264e-02
   2.2421255e-02
   2.2421255e-02
   2.2426579e-02
   2.2429685e-02
   2.2474449e-02
   2.2474449e-02
   2.2480979e-02
   2.2497460e-02
   2.2536300e-02
   2.2536300e-02
   2.2536300e-02
   2.2546386e-02
   2.2556501e-02
   2.2556501e-02
   2.2556501e-02
   2.2557609e-02
   2.2557609e-02
   2.2559706e-02
   2.2577049e-02
   2.2577049e-02
   2.2596374e-02
   2.2596374e-02
   2.2609611e-02
   2.2667681e-02
   2.2667681e-02
   2.2667681e-02
   2.2693647e-02
   2.2693647e-02
   2.2693956e-02
   2.2703824e-02
   2.2703824e-02
   2.2706808e-02
   2.2706808e-02
   2.2712870e-02
   2.2712870e-02
   2.2712870e-02
   2.2717755e-02
   2.2720692e-02
   2.2720692e-02
   2.2723660e-02
   2.2725942e-02
   2.2756956e-02
   2.2756956e-02
   2.2867355e-02
   2.2867355e-02
   2.2878783e-02
   2.2878783e-02
   2.2878783e-02
   2.2880891e-02
   2.2892322e-02
   2.2977354e-02
   2.3066173e-02
   2.3066173e-02
   2.3066173e-02
   2.3066173e-02
   2.3066173e-02
   2.3066660e-02
   2.3081546e-02
   2.3092526e-02
   2.3129432e-02
   2.3150938e-02
   2.3204076e-02
   2.3204076e-02
   2.3204784e-02
   2.3249583e-02
   2.3249583e-02
   2.3261495e-02
   2.3261495e-02
   2.3289253e-02
   2.3289253e-02
   2.3289903e-02
   2.3346402e-02
   2.3346402e-02
   2.3346402e-02
   2.3366322e-02
   2.3370151e-02
   2.3410201e-02
   2.3414287e-02
   2.3414287e-02
   2.3414816e-02
   2.3424188e-02
   2.3424188e-02
   2.3424397e-02
   2.3426121e-02
   2.3459082e-02
   2.3459082e-02
   2.3462088e-02
   2.3466050e-02
   2.3474675e-02
   2.3483029e-02
   2.3604355e-02
   2.3604355e-02
   2.3608169e-02
   2.3608169e-02
   2.3608169e-02
   2.3612943e-02
   2.3663901e-02
   2.3689546e-02
   2.3702385e-02
   2.3709671e-02
   2.3746318e-02
   2.3749839e-02
   2.3749839e-02
   2.3749839e-02
   2.3762802e-02
   2.3762802e-02
   2.3762802e-02
   2.3839683e-02
   2.3860558e-02
   2.3861760e-02
   2.3897972e-02
   2.3948002e-02
   2.3963541e-02
   2.3963541e-02
   2.3976862e-02
   2.3979941e-02
   2.3983617e-02
   2.4030352e-02
   2.4091299e-02
   2.4091299e-02
   2.4092817e-02
   2.4092817e-02
   2.4109566e-02
   2.4109664e-02
   2.4117459e-02
   2.4117459e-02
   2.4175447e-02
   2.4175447e-02
   2.4182442e-02
   2.4182442e-02
   2.4185048e-02
   2.4193650e-02
   2.4220965e-02
   2.4317076e-02
   2.4368674e-02
   2.4368674e-02
   2.4368674e-02
   2.4376673e-02
   2.4402395e-02
   2.4402395e-02
   2.4443847e-02
   2.4443847e-02
   2.4447161e-02
   2.4458663e-02
   2.4475357e-02
   2.4481438e-02
   2.4481438e-02
   2.4486085e-02
   2.4502394e-02
   2.4504302e-02
   2.4522304e-02
   2.4536594e-02
   2.4545080e-02
   2.4586210e-02
   2.4586210e-02
   2.4586539e-02
   2.4586638e-02
   2.4600762e-02
   2.4649010e-02
   2.4649010e-02
   2.4649010e-02
   2.4649010e-02
   2.4702573e-02
   2.4705537e-02
   2.4708668e-02
   2.4708668e-02
   2.4758945e-02
   2.4758945e-02
   2.4809078e-02
   2.4826250e-02
   2.4826250e-02
   2.4826250e-02
   2.4831948e-02
   2.4831948e-02
   2.4834255e-02
   2.4843949e-02
   2.4846656e-02
   2.4850161e-02
   2.4857816e-02
   2.4865706e-02
   2.4865706e-02
   2.4899071e-02
   2.4899071e-02
   2.4899071e-02
   2.4907165e-02
   2.4949391e-02
   2.4958467e-02
   2.4958467e-02
   2.4992027e-02
   2.4992027e-02
   2.5005098e-02
   2.5013053e-02
   2.5027190e-02
   2.5088954e-02
   2.5185357e-02
   2.5185357e-02
   2.5185357e-02
   2.5217944e-02
   2.5217944e-02
   2.5224790e-02
   2.5224790e-02
   2.5229438e-02
   2.5234498e-02
   2.5234498e-02
   2.5277364e-02
   2.5301968e-02
   2.5303722e-02
   2.5337120e-02
   2.5350427e-02
   2.5358828e-02
   2.5382879e-02
   2.5430330e-02
   2.5430330e-02
   2.5430330e-02
   2.5448234e-02
   2.5467246e-02
   2.5469816e-02
   2.5472965e-02
   2.5472965e-02
   2.5485722e-02
   2.5492074e-02
   2.5499885e-02
   2.5499885e-02
   2.5500683e-02
   2.5504450e-02
   2.5505446e-02
   2.5507199e-02
   2.5523177e-02
   2.5523177e-02
   2.5525159e-02
   2.5562586e-02
   2.5616895e-02
   2.5625078e-02
   2.5625078e-02
   2.5629716e-02
   2.5629934e-02
   2.5686820e-02
   2.5691935e-02
   2.5699981e-02
   2.5699981e-02
   2.5730050e-02
   2.5730050e-02
   2.5760591e-02
   2.5760591e-02
   2.5761690e-02
   2.5795824e-02
   2.5808413e-02
   2.5808413e-02
   2.5814972e-02
   2.5831259e-02
   2.5831259e-02
   2.5836102e-02
   2.5878003e-02
   2.5878003e-02
   2.5887630e-02
   2.5887630e-02
   2.5887630e-02
   2.5896727e-02
   2.5903962e-02
   2.5914885e-02
   2.5955258e-02
   2.5955258e-02
   2.5958426e-02
   2.5958426e-02
   2.5958428e-02
   2.5973372e-02
   2.5973372e-02
   2.6013552e-02
   2.6013552e-02
   2.6021093e-02
   2.6021093e-02
   2.6021093e-02
   2.6023147e-02
   2.6023147e-02
   2.6023883e-02
   2.6037945e-02
   2.6037945e-02
   2.6043827e-02
   2.6056834e-02
   2.6058280e-02
   2.6069355e-02
   2.6074387e-02
   2.6074387e-02
   2.6085808e-02
   2.6106893e-02
   2.6106893e-02
   2.6131715e-02
   2.6131715e-02
   2.6133027e-02
   2.6187082e-02
   2.6187082e-02
   2.6188016e-02
   2.6198052e-02
   2.6201658e-02
   2.6212072e-02
   2.6218758e-02
   2.6218758e-02
   2.6219653e-02
   2.6219653e-02
   2.6219659e-02
   2.6220448e-02
   2.6220836e-02
   2.6247736e-02
   2.6272107e-02
   2.6272107e-02
   2.6272430e-02
   2.6299047e-02
   2.6299047e-02
   2.6299047e-02
   2.6306817e-02
   2.6306817e-02
   2.6307936e-02
   2.6307940e-02
   2.6320912e-02
   2.6320912e-02
   2.6324601e-02
   2.6347823e-02
   2.6348576e-02
   2.6348587e-02
   2.6348587e-02
   2.6351975e-02
   2.6351975e-02
   2.6378450e-02
   2.6384587e-02
   2.6384729e-02
   2.6404629e-02
   2.6405207e-02
   2.6405865e-02
   2.6406176e-02
   2.6412630e-02
   2.6433330e-02
   2.6433330e-02
   2.6434441e-02
   2.6449573e-02
   2.6449573e-02
   2.6449573e-02
   2.6457543e-02
   2.6457543e-02
   2.6483041e-02
   2.6484349e-02
   2.6507058e-02
   2.6507058e-02
   2.6563421e-02
   2.6575627e-02
   2.6585348e-02
   2.6588163e-02
   2.6590728e-02
   2.6593024e-02
   2.6600651e-02
   2.6600651e-02
   2.6602422e-02
   2.6602858e-02
   2.6631070e-02
   2.6631070e-02
   2.6657090e-02
   2.6662805e-02
   2.6662805e-02
   2.6711069e-02
   2.6719142e-02
   2.6719142e-02
   2.6733349e-02
   2.6733349e-02
   2.6740705e-02
   2.6743123e-02
   2.6757723e-02
   2.6769358e-02
   2.6781646e-02
   2.6781646e-02
   2.6781646e-02
   2.6799854e-02
   2.6799854e-02
   2.6830044e-02
   2.6830044e-02
   2.6830044e-02
   2.6854176e-02
   2.6864217e-02
   2.6890624e-02
   2.6895261e-02
   2.6895261e-02
   2.6898388e-02
   2.6901757e-02
   2.6901757e-02
   2.6906649e-02
   2.6910405e-02
   2.6910438e-02
   2.6912044e-02
   2.6933273e-02
   2.6933273e-02
   2.6949740e-02
   2.6949740e-02
   2.6969617e-02
   2.6969617e-02
   2.6983954e-02
   2.6988888e-02
   2.6992707e-02
   2.6992874e-02
   2.7019186e-02
   2.7024100e-02
   2.7034816e-02
   2.7050822e-02
   2.7050822e-02
   2.7051531e-02
   2.7051531e-02
   2.7051754e-02
   2.7070257e-02
   2.7070257e-02
   2.7070257e-02
   2.7084490e-02
   2.7084490e-02
   2.7115019e-02
   2.7139187e-02
   2.7143438e-02
   2.7153375e-02
   2.7246996e-02
   2.7254424e-02
   2.7254453e-02
   2.7263041e-02
   2.7263041e-02
   2.7265557e-02
   2.7269609e-02
   2.7271621e-02
   2.7271621e-02
   2.7272164e-02
   2.7377535e-02
   2.7377535e-02
   2.7377535e-02
   2.7407789e-02
   2.7407789e-02
   2.7407789e-02
   2.7426894e-02
   2.7426894e-02
   2.7447887e-02
   2.7463303e-02
   2.7463303e-02
   2.7469541e-02
   2.7502985e-02
   2.7509120e-02
   2.7540463e-02
   2.7540463e-02
   2.7566048e-02
   2.7605795e-02
   2.7605795e-02
   2.7608314e-02
   2.7610045e-02
   2.7613812e-02
   2.7613812e-02
   2.7622093e-02
   2.7622093e-02
   2.7622627e-02
   2.7653861e-02
   2.7667264e-02
   2.7667264e-02
   2.7706290e-02
   2.7706290e-02
   2.7706290e-02
   2.7706765e-02
   2.7707452e-02
   2.7707452e-02
   2.7720854e-02
   2.7730469e-02
   2.7730556e-02
   2.7730556e-02
   2.7793917e-02
   2.7793917e-02
   2.7798441e-02
   2.7807803e-02
   2.7859111e-02
   2.7859111e-02
   2.7895089e-02
   2.7931777e-02
   2.7953316e-02
   2.7971219e-02
   2.8013598e-02
   2.8017036e-02
   2.8129257e-02
   2.8129257e-02
   2.8136918e-02
   2.8136918e-02
   2.8136918e-02
   2.8187894e-02
   2.8217264e-02
   2.8231715e-02
   2.8245045e-02
   2.8245045e-02
   2.8248575e-02
   2.8252159e-02
   2.8298113e-02
   2.8298113e-02
   2.8301291e-02
   2.8301291e-02
   2.8328563e-02
   2.8369098e-02
   2.8393184e-02
   2.8399736e-02
   2.8400214e-02
   2.8400315e-02
   2.8446120e-02
   2.8470560e-02
   2.8470560e-02
   2.8481465e-02
   2.8481465e-02
   2.8481465e-02
   2.8497591e-02
   2.8500735e-02
   2.8512848e-02
   2.8512848e-02
   2.8539551e-02
   2.8539551e-02
   2.8540027e-02
   2.8556487e-02
   2.8571409e-02
   2.8571409e-02
   2.8604272e-02
   2.8605555e-02
   2.8614382e-02
   2.8614936e-02
   2.8633337e-02
   2.8633337e-02
   2.8700577e-02
   2.8700577e-02
   2.8704944e-02
   2.8704944e-02
   2.8748579e-02
   2.8823794e-02
   2.8823794e-02
   2.8841170e-02
   2.8841263e-02
   2.8843979e-02
   2.8844442e-02
   2.8845318e-02
   2.8926694e-02
   2.8926694e-02
   2.8926694e-02
   2.8926694e-02
   2.8975060e-02
   2.8981362e-02
   2.9002241e-02
   2.9022908e-02
   2.9022908e-02
   2.9028281e-02
   2.9028281e-02
   2.9030112e-02
   2.9045152e-02
   2.9050579e-02
